

int_space_grid_controller_1 = [ 30.0000   29.6580   29.2671   28.8820   28.5132 ];


timesteps_space_grid_controller_1 = [   0    50   100   150   199 ];