7367.63
