x, y, z, u

0, 0, 0, 1.518e-22, 

0, 1, 0, 1.518e-22, 

0, 2, 0, 1.23748e-22, 

0, 3, 0, 8.67388e-23, 

0, 4, 0, 5.38264e-23, 

0, 5, 0, 3.01547e-23, 

0, 6, 0, 1.54783e-23, 

0, 7, 0, 7.36915e-24, 

0, 8, 0, 3.28917e-24, 

0, 9, 0, 1.38967e-24, 

0, 10, 0, 5.6069e-25, 

0, 11, 0, 2.17788e-25, 

0, 12, 0, 8.20469e-26, 

0, 13, 0, 3.01799e-26, 

0, 14, 0, 1.09043e-26, 

0, 15, 0, 3.89015e-27, 

0, 16, 0, 1.37645e-27, 

0, 17, 0, 4.8481e-28, 

0, 18, 0, 1.70473e-28, 

0, 19, 0, 5.99732e-29, 

0, 20, 0, 2.11409e-29, 

0, 21, 0, 7.47402e-30, 

0, 22, 0, 2.65114e-30, 

0, 23, 0, 9.43595e-31, 

0, 24, 0, 3.36921e-31, 

0, 25, 0, 1.20646e-31, 

0, 26, 0, 4.3309e-32, 

0, 27, 0, 1.55803e-32, 

0, 28, 0, 5.61573e-33, 

0, 29, 0, 2.02786e-33, 

0, 30, 0, 7.33702e-34, 

0, 31, 0, 2.66062e-34, 

0, 32, 0, 9.67492e-35, 

0, 33, 0, 3.53035e-35, 

0, 34, 0, 1.29383e-35, 

0, 35, 0, 4.76727e-36, 

0, 36, 0, 1.76805e-36, 

0, 37, 0, 6.60806e-37, 

0, 38, 0, 2.49195e-37, 

0, 39, 0, 9.49267e-38, 

0, 40, 0, 3.65643e-38, 

0, 41, 0, 1.42521e-38, 

0, 42, 0, 5.62395e-39, 

0, 43, 0, 2.24678e-39, 

0, 44, 0, 9.08354e-40, 

0, 45, 0, 3.7131e-40, 

0, 46, 0, 1.53266e-40, 

0, 47, 0, 6.37856e-41, 

0, 48, 0, 2.67261e-41, 

0, 49, 0, 1.12646e-41, 

0, 50, 0, 4.7784e-42, 

0, 51, 0, 2.04611e-42, 

0, 52, 0, 8.9042e-43, 

0, 53, 0, 3.9845e-43, 

0, 54, 0, 1.86403e-43, 

0, 55, 0, 9.28581e-44, 

0, 56, 0, 4.99762e-44, 

0, 57, 0, 2.92618e-44, 

0, 58, 0, 1.87491e-44, 

0, 59, 0, 1.3502e-44, 

0, 60, 0, 1.1804e-44, 

0, 61, 0, 1.39207e-44, 

0, 62, 0, 2.23623e-44, 

0, 63, 0, 4.3747e-44, 

0, 64, 0, 9.35561e-44, 

0, 65, 0, 2.07174e-43, 

0, 66, 0, 4.65187e-43, 

0, 67, 0, 1.05144e-42, 

0, 68, 0, 2.38688e-42, 

0, 69, 0, 5.43992e-42, 

0, 70, 0, 1.245e-41, 

0, 71, 0, 2.86242e-41, 

0, 72, 0, 6.61373e-41, 

0, 73, 0, 1.53605e-40, 

0, 74, 0, 3.58618e-40, 

0, 75, 0, 8.41543e-40, 

0, 76, 0, 1.98435e-39, 

0, 77, 0, 4.69983e-39, 

0, 78, 0, 1.11753e-38, 

0, 79, 0, 2.66629e-38, 

0, 80, 0, 6.37947e-38, 

0, 81, 0, 1.52983e-37, 

0, 82, 0, 3.67485e-37, 

0, 83, 0, 8.83795e-37, 

0, 84, 0, 2.127e-36, 

0, 85, 0, 5.12033e-36, 

0, 86, 0, 1.23245e-35, 

0, 87, 0, 2.96502e-35, 

0, 88, 0, 7.12732e-35, 

0, 89, 0, 1.7113e-34, 

0, 90, 0, 4.10287e-34, 

0, 91, 0, 9.81917e-34, 

0, 92, 0, 2.34503e-33, 

0, 93, 0, 5.58701e-33, 

0, 94, 0, 1.3276e-32, 

0, 95, 0, 3.14601e-32, 

0, 96, 0, 7.43505e-32, 

0, 97, 0, 1.75294e-31, 

0, 98, 0, 4.12541e-31, 

0, 99, 0, 9.69977e-31, 

0, 100, 0, 2.28106e-30, 

0, 101, 0, 5.37192e-30, 

0, 102, 0, 1.26837e-29, 

0, 103, 0, 3.00505e-29, 

0, 104, 0, 7.14582e-29, 

0, 105, 0, 1.7044e-28, 

0, 106, 0, 4.07059e-28, 

0, 107, 0, 9.70518e-28, 

0, 108, 0, 2.29991e-27, 

0, 109, 0, 5.3861e-27, 

0, 110, 0, 1.23764e-26, 

0, 111, 0, 2.76682e-26, 

0, 112, 0, 5.95893e-26, 

0, 113, 0, 1.22259e-25, 

0, 114, 0, 2.3591e-25, 

0, 115, 0, 4.21774e-25, 

0, 116, 0, 6.86163e-25, 

0, 117, 0, 9.92053e-25, 

0, 118, 0, 1.23102e-24, 

0, 119, 0, 1.23102e-24, 

2.63472, 0, 0, 1.518e-22, 

2.63472, 1, 0, 1.518e-22, 

2.63472, 2, 0, 1.23748e-22, 

2.63472, 3, 0, 8.67388e-23, 

2.63472, 4, 0, 5.38264e-23, 

2.63472, 5, 0, 3.01547e-23, 

2.63472, 6, 0, 1.54783e-23, 

2.63472, 7, 0, 7.36915e-24, 

2.63472, 8, 0, 3.28917e-24, 

2.63472, 9, 0, 1.38967e-24, 

2.63472, 10, 0, 5.6069e-25, 

2.63472, 11, 0, 2.17788e-25, 

2.63472, 12, 0, 8.20469e-26, 

2.63472, 13, 0, 3.01799e-26, 

2.63472, 14, 0, 1.09043e-26, 

2.63472, 15, 0, 3.89015e-27, 

2.63472, 16, 0, 1.37645e-27, 

2.63472, 17, 0, 4.8481e-28, 

2.63472, 18, 0, 1.70473e-28, 

2.63472, 19, 0, 5.99732e-29, 

2.63472, 20, 0, 2.11409e-29, 

2.63472, 21, 0, 7.47402e-30, 

2.63472, 22, 0, 2.65114e-30, 

2.63472, 23, 0, 9.43595e-31, 

2.63472, 24, 0, 3.36921e-31, 

2.63472, 25, 0, 1.20646e-31, 

2.63472, 26, 0, 4.3309e-32, 

2.63472, 27, 0, 1.55803e-32, 

2.63472, 28, 0, 5.61573e-33, 

2.63472, 29, 0, 2.02786e-33, 

2.63472, 30, 0, 7.33702e-34, 

2.63472, 31, 0, 2.66062e-34, 

2.63472, 32, 0, 9.67492e-35, 

2.63472, 33, 0, 3.53035e-35, 

2.63472, 34, 0, 1.29383e-35, 

2.63472, 35, 0, 4.76727e-36, 

2.63472, 36, 0, 1.76805e-36, 

2.63472, 37, 0, 6.60806e-37, 

2.63472, 38, 0, 2.49195e-37, 

2.63472, 39, 0, 9.49267e-38, 

2.63472, 40, 0, 3.65643e-38, 

2.63472, 41, 0, 1.42521e-38, 

2.63472, 42, 0, 5.62395e-39, 

2.63472, 43, 0, 2.24678e-39, 

2.63472, 44, 0, 9.08354e-40, 

2.63472, 45, 0, 3.7131e-40, 

2.63472, 46, 0, 1.53266e-40, 

2.63472, 47, 0, 6.37856e-41, 

2.63472, 48, 0, 2.67261e-41, 

2.63472, 49, 0, 1.12646e-41, 

2.63472, 50, 0, 4.7784e-42, 

2.63472, 51, 0, 2.04611e-42, 

2.63472, 52, 0, 8.9042e-43, 

2.63472, 53, 0, 3.9845e-43, 

2.63472, 54, 0, 1.86403e-43, 

2.63472, 55, 0, 9.28581e-44, 

2.63472, 56, 0, 4.99762e-44, 

2.63472, 57, 0, 2.92618e-44, 

2.63472, 58, 0, 1.87491e-44, 

2.63472, 59, 0, 1.3502e-44, 

2.63472, 60, 0, 1.1804e-44, 

2.63472, 61, 0, 1.39207e-44, 

2.63472, 62, 0, 2.23623e-44, 

2.63472, 63, 0, 4.3747e-44, 

2.63472, 64, 0, 9.35561e-44, 

2.63472, 65, 0, 2.07174e-43, 

2.63472, 66, 0, 4.65187e-43, 

2.63472, 67, 0, 1.05144e-42, 

2.63472, 68, 0, 2.38688e-42, 

2.63472, 69, 0, 5.43992e-42, 

2.63472, 70, 0, 1.245e-41, 

2.63472, 71, 0, 2.86242e-41, 

2.63472, 72, 0, 6.61373e-41, 

2.63472, 73, 0, 1.53605e-40, 

2.63472, 74, 0, 3.58618e-40, 

2.63472, 75, 0, 8.41543e-40, 

2.63472, 76, 0, 1.98435e-39, 

2.63472, 77, 0, 4.69983e-39, 

2.63472, 78, 0, 1.11753e-38, 

2.63472, 79, 0, 2.66629e-38, 

2.63472, 80, 0, 6.37947e-38, 

2.63472, 81, 0, 1.52983e-37, 

2.63472, 82, 0, 3.67485e-37, 

2.63472, 83, 0, 8.83795e-37, 

2.63472, 84, 0, 2.127e-36, 

2.63472, 85, 0, 5.12033e-36, 

2.63472, 86, 0, 1.23245e-35, 

2.63472, 87, 0, 2.96502e-35, 

2.63472, 88, 0, 7.12732e-35, 

2.63472, 89, 0, 1.7113e-34, 

2.63472, 90, 0, 4.10287e-34, 

2.63472, 91, 0, 9.81917e-34, 

2.63472, 92, 0, 2.34503e-33, 

2.63472, 93, 0, 5.58701e-33, 

2.63472, 94, 0, 1.3276e-32, 

2.63472, 95, 0, 3.14601e-32, 

2.63472, 96, 0, 7.43505e-32, 

2.63472, 97, 0, 1.75294e-31, 

2.63472, 98, 0, 4.12541e-31, 

2.63472, 99, 0, 9.69977e-31, 

2.63472, 100, 0, 2.28106e-30, 

2.63472, 101, 0, 5.37192e-30, 

2.63472, 102, 0, 1.26837e-29, 

2.63472, 103, 0, 3.00505e-29, 

2.63472, 104, 0, 7.14582e-29, 

2.63472, 105, 0, 1.7044e-28, 

2.63472, 106, 0, 4.07059e-28, 

2.63472, 107, 0, 9.70518e-28, 

2.63472, 108, 0, 2.29991e-27, 

2.63472, 109, 0, 5.3861e-27, 

2.63472, 110, 0, 1.23764e-26, 

2.63472, 111, 0, 2.76682e-26, 

2.63472, 112, 0, 5.95893e-26, 

2.63472, 113, 0, 1.22259e-25, 

2.63472, 114, 0, 2.3591e-25, 

2.63472, 115, 0, 4.21774e-25, 

2.63472, 116, 0, 6.86163e-25, 

2.63472, 117, 0, 9.92053e-25, 

2.63472, 118, 0, 1.23102e-24, 

2.63472, 119, 0, 1.23102e-24, 

5.26944, 0, 0, 5.9992e-23, 

5.26944, 1, 0, 5.9992e-23, 

5.26944, 2, 0, 4.76821e-23, 

5.26944, 3, 0, 3.21683e-23, 

5.26944, 4, 0, 1.90643e-23, 

5.26944, 5, 0, 1.01492e-23, 

5.26944, 6, 0, 4.93552e-24, 

5.26944, 7, 0, 2.22281e-24, 

5.26944, 8, 0, 9.38277e-25, 

5.26944, 9, 0, 3.75213e-25, 

5.26944, 10, 0, 1.43543e-25, 

5.26944, 11, 0, 5.30043e-26, 

5.26944, 12, 0, 1.90448e-26, 

5.26944, 13, 0, 6.70685e-27, 

5.26944, 14, 0, 2.32973e-27, 

5.26944, 15, 0, 8.0262e-28, 

5.26944, 16, 0, 2.75486e-28, 

5.26944, 17, 0, 9.45469e-29, 

5.26944, 18, 0, 3.25336e-29, 

5.26944, 19, 0, 1.12453e-29, 

5.26944, 20, 0, 3.90892e-30, 

5.26944, 21, 0, 1.36709e-30, 

5.26944, 22, 0, 4.8104e-31, 

5.26944, 23, 0, 1.7023e-31, 

5.26944, 24, 0, 6.05456e-32, 

5.26944, 25, 0, 2.16271e-32, 

5.26944, 26, 0, 7.75283e-33, 

5.26944, 27, 0, 2.78733e-33, 

5.26944, 28, 0, 1.00455e-33, 

5.26944, 29, 0, 3.62821e-34, 

5.26944, 30, 0, 1.31321e-34, 

5.26944, 31, 0, 4.76413e-35, 

5.26944, 32, 0, 1.73318e-35, 

5.26944, 33, 0, 6.32725e-36, 

5.26944, 34, 0, 2.32002e-36, 

5.26944, 35, 0, 8.55362e-37, 

5.26944, 36, 0, 3.17484e-37, 

5.26944, 37, 0, 1.18789e-37, 

5.26944, 38, 0, 4.48626e-38, 

5.26944, 39, 0, 1.71233e-38, 

5.26944, 40, 0, 6.6122e-39, 

5.26944, 41, 0, 2.58525e-39, 

5.26944, 42, 0, 1.02385e-39, 

5.26944, 43, 0, 4.10701e-40, 

5.26944, 44, 0, 1.66772e-40, 

5.26944, 45, 0, 6.84796e-41, 

5.26944, 46, 0, 2.83906e-41, 

5.26944, 47, 0, 1.1863e-41, 

5.26944, 48, 0, 4.98761e-42, 

5.26944, 49, 0, 2.10766e-42, 

5.26944, 50, 0, 8.95522e-43, 

5.26944, 51, 0, 3.83673e-43, 

5.26944, 52, 0, 1.66866e-43, 

5.26944, 53, 0, 7.4538e-44, 

5.26944, 54, 0, 3.47686e-44, 

5.26944, 55, 0, 1.7252e-44, 

5.26944, 56, 0, 9.24211e-45, 

5.26944, 57, 0, 5.38522e-45, 

5.26944, 58, 0, 3.43459e-45, 

5.26944, 59, 0, 2.4632e-45, 

5.26944, 60, 0, 2.1462e-45, 

5.26944, 61, 0, 2.52564e-45, 

5.26944, 62, 0, 4.05366e-45, 

5.26944, 63, 0, 7.92804e-45, 

5.26944, 64, 0, 1.69518e-44, 

5.26944, 65, 0, 3.75279e-44, 

5.26944, 66, 0, 8.42265e-44, 

5.26944, 67, 0, 1.90258e-43, 

5.26944, 68, 0, 4.3161e-43, 

5.26944, 69, 0, 9.83007e-43, 

5.26944, 70, 0, 2.24848e-42, 

5.26944, 71, 0, 5.1679e-42, 

5.26944, 72, 0, 1.19408e-41, 

5.26944, 73, 0, 2.77448e-41, 

5.26944, 74, 0, 6.48339e-41, 

5.26944, 75, 0, 1.52352e-40, 

5.26944, 76, 0, 3.59904e-40, 

5.26944, 77, 0, 8.54324e-40, 

5.26944, 78, 0, 2.0366e-39, 

5.26944, 79, 0, 4.87251e-39, 

5.26944, 80, 0, 1.16915e-38, 

5.26944, 81, 0, 2.81162e-38, 

5.26944, 82, 0, 6.77215e-38, 

5.26944, 83, 0, 1.63273e-37, 

5.26944, 84, 0, 3.93806e-37, 

5.26944, 85, 0, 9.49792e-37, 

5.26944, 86, 0, 2.28973e-36, 

5.26944, 87, 0, 5.51588e-36, 

5.26944, 88, 0, 1.32743e-35, 

5.26944, 89, 0, 3.19065e-35, 

5.26944, 90, 0, 7.6583e-35, 

5.26944, 91, 0, 1.83518e-34, 

5.26944, 92, 0, 4.38955e-34, 

5.26944, 93, 0, 1.04774e-33, 

5.26944, 94, 0, 2.49507e-33, 

5.26944, 95, 0, 5.92722e-33, 

5.26944, 96, 0, 1.40465e-32, 

5.26944, 97, 0, 3.32162e-32, 

5.26944, 98, 0, 7.84251e-32, 

5.26944, 99, 0, 1.85055e-31, 

5.26944, 100, 0, 4.36971e-31, 

5.26944, 101, 0, 1.03417e-30, 

5.26944, 102, 0, 2.45707e-30, 

5.26944, 103, 0, 5.86886e-30, 

5.26944, 104, 0, 1.41056e-29, 

5.26944, 105, 0, 3.41154e-29, 

5.26944, 106, 0, 8.29373e-29, 

5.26944, 107, 0, 2.02164e-28, 

5.26944, 108, 0, 4.921e-28, 

5.26944, 109, 0, 1.18942e-27, 

5.26944, 110, 0, 2.83386e-27, 

5.26944, 111, 0, 6.59652e-27, 

5.26944, 112, 0, 1.48448e-26, 

5.26944, 113, 0, 3.19052e-26, 

5.26944, 114, 0, 6.45728e-26, 

5.26944, 115, 0, 1.21043e-25, 

5.26944, 116, 0, 2.05925e-25, 

5.26944, 117, 0, 3.09496e-25, 

5.26944, 118, 0, 3.94492e-25, 

5.26944, 119, 0, 3.94492e-25, 

7.90417, 0, 0, 1.45735e-23, 

7.90417, 1, 0, 1.45735e-23, 

7.90417, 2, 0, 1.1248e-23, 

7.90417, 3, 0, 7.25683e-24, 

7.90417, 4, 0, 4.07371e-24, 

7.90417, 5, 0, 2.04144e-24, 

7.90417, 6, 0, 9.30816e-25, 

7.90417, 7, 0, 3.9223e-25, 

7.90417, 8, 0, 1.54821e-25, 

7.90417, 9, 0, 5.79399e-26, 

7.90417, 10, 0, 2.07843e-26, 

7.90417, 11, 0, 7.21799e-27, 

7.90417, 12, 0, 2.44855e-27, 

7.90417, 13, 0, 8.17827e-28, 

7.90417, 14, 0, 2.70807e-28, 

7.90417, 15, 0, 8.9416e-29, 

7.90417, 16, 0, 2.95772e-29, 

7.90417, 17, 0, 9.83631e-30, 

7.90417, 18, 0, 3.29706e-30, 

7.90417, 19, 0, 1.11558e-30, 

7.90417, 20, 0, 3.81284e-31, 

7.90417, 21, 0, 1.31627e-31, 

7.90417, 22, 0, 4.58706e-32, 

7.90417, 23, 0, 1.61211e-32, 

7.90417, 24, 0, 5.70709e-33, 

7.90417, 25, 0, 2.0326e-33, 

7.90417, 26, 0, 7.27431e-34, 

7.90417, 27, 0, 2.61332e-34, 

7.90417, 28, 0, 9.4169e-35, 

7.90417, 29, 0, 3.40185e-35, 

7.90417, 30, 0, 1.23174e-35, 

7.90417, 31, 0, 4.47056e-36, 

7.90417, 32, 0, 1.6271e-36, 

7.90417, 33, 0, 5.94256e-37, 

7.90417, 34, 0, 2.17996e-37, 

7.90417, 35, 0, 8.04168e-38, 

7.90417, 36, 0, 2.98706e-38, 

7.90417, 37, 0, 1.11882e-38, 

7.90417, 38, 0, 4.23172e-39, 

7.90417, 39, 0, 1.61847e-39, 

7.90417, 40, 0, 6.26641e-40, 

7.90417, 41, 0, 2.45821e-40, 

7.90417, 42, 0, 9.77404e-41, 

7.90417, 43, 0, 3.93844e-41, 

7.90417, 44, 0, 1.60714e-41, 

7.90417, 45, 0, 6.63286e-42, 

7.90417, 46, 0, 2.76367e-42, 

7.90417, 47, 0, 1.16016e-42, 

7.90417, 48, 0, 4.89709e-43, 

7.90417, 49, 0, 2.07579e-43, 

7.90417, 50, 0, 8.83734e-44, 

7.90417, 51, 0, 3.78912e-44, 

7.90417, 52, 0, 1.64706e-44, 

7.90417, 53, 0, 7.34343e-45, 

7.90417, 54, 0, 3.41435e-45, 

7.90417, 55, 0, 1.68673e-45, 

7.90417, 56, 0, 8.98894e-46, 

7.90417, 57, 0, 5.20896e-46, 

7.90417, 58, 0, 3.30472e-46, 

7.90417, 59, 0, 2.35893e-46, 

7.90417, 60, 0, 2.04753e-46, 

7.90417, 61, 0, 2.40383e-46, 

7.90417, 62, 0, 3.85486e-46, 

7.90417, 63, 0, 7.53851e-46, 

7.90417, 64, 0, 1.61198e-45, 

7.90417, 65, 0, 3.56853e-45, 

7.90417, 66, 0, 8.00785e-45, 

7.90417, 67, 0, 1.80836e-44, 

7.90417, 68, 0, 4.1009e-44, 

7.90417, 69, 0, 9.33677e-44, 

7.90417, 70, 0, 2.1352e-43, 

7.90417, 71, 0, 4.90771e-43, 

7.90417, 72, 0, 1.1344e-42, 

7.90417, 73, 0, 2.63794e-42, 

7.90417, 74, 0, 6.17228e-42, 

7.90417, 75, 0, 1.45299e-41, 

7.90417, 76, 0, 3.44013e-41, 

7.90417, 77, 0, 8.18762e-41, 

7.90417, 78, 0, 1.95759e-40, 

7.90417, 79, 0, 4.69826e-40, 

7.90417, 80, 0, 1.13097e-39, 

7.90417, 81, 0, 2.72839e-39, 

7.90417, 82, 0, 6.59117e-39, 

7.90417, 83, 0, 1.59333e-38, 

7.90417, 84, 0, 3.85186e-38, 

7.90417, 85, 0, 9.30751e-38, 

7.90417, 86, 0, 2.24715e-37, 

7.90417, 87, 0, 5.41948e-37, 

7.90417, 88, 0, 1.30539e-36, 

7.90417, 89, 0, 3.14015e-36, 

7.90417, 90, 0, 7.5433e-36, 

7.90417, 91, 0, 1.80945e-35, 

7.90417, 92, 0, 4.33374e-35, 

7.90417, 93, 0, 1.0362e-34, 

7.90417, 94, 0, 2.47297e-34, 

7.90417, 95, 0, 5.89013e-34, 

7.90417, 96, 0, 1.40012e-33, 

7.90417, 97, 0, 3.32232e-33, 

7.90417, 98, 0, 7.87443e-33, 

7.90417, 99, 0, 1.86617e-32, 

7.90417, 100, 0, 4.42894e-32, 

7.90417, 101, 0, 1.05462e-31, 

7.90417, 102, 0, 2.52506e-31, 

7.90417, 103, 0, 6.09169e-31, 

7.90417, 104, 0, 1.48326e-30, 

7.90417, 105, 0, 3.64819e-30, 

7.90417, 106, 0, 9.0606e-30, 

7.90417, 107, 0, 2.2679e-29, 

7.90417, 108, 0, 5.70004e-29, 

7.90417, 109, 0, 1.43052e-28, 

7.90417, 110, 0, 3.55801e-28, 

7.90417, 111, 0, 8.68779e-28, 

7.90417, 112, 0, 2.059e-27, 

7.90417, 113, 0, 4.67338e-27, 

7.90417, 114, 0, 1.00009e-26, 

7.90417, 115, 0, 1.98071e-26, 

7.90417, 116, 0, 3.54827e-26, 

7.90417, 117, 0, 5.5753e-26, 

7.90417, 118, 0, 7.32688e-26, 

7.90417, 119, 0, 7.32688e-26, 

10.5389, 0, 0, 2.5414e-24, 

10.5389, 1, 0, 2.5414e-24, 

10.5389, 2, 0, 1.9031e-24, 

10.5389, 3, 0, 1.17255e-24, 

10.5389, 4, 0, 6.22271e-25, 

10.5389, 5, 0, 2.92791e-25, 

10.5389, 6, 0, 1.24781e-25, 

10.5389, 7, 0, 4.90137e-26, 

10.5389, 8, 0, 1.80145e-26, 

10.5389, 9, 0, 6.27943e-27, 

10.5389, 10, 0, 2.10148e-27, 

10.5389, 11, 0, 6.82741e-28, 

10.5389, 12, 0, 2.17491e-28, 

10.5389, 13, 0, 6.85335e-29, 

10.5389, 14, 0, 2.15238e-29, 

10.5389, 15, 0, 6.77952e-30, 

10.5389, 16, 0, 2.15217e-30, 

10.5389, 17, 0, 6.91038e-31, 

10.5389, 18, 0, 2.24946e-31, 

10.5389, 19, 0, 7.43199e-32, 

10.5389, 20, 0, 2.4926e-32, 

10.5389, 21, 0, 8.48094e-33, 

10.5389, 22, 0, 2.92376e-33, 

10.5389, 23, 0, 1.01964e-33, 

10.5389, 24, 0, 3.59074e-34, 

10.5389, 25, 0, 1.27457e-34, 

10.5389, 26, 0, 4.55266e-35, 

10.5389, 27, 0, 1.63403e-35, 

10.5389, 28, 0, 5.88649e-36, 

10.5389, 29, 0, 2.12675e-36, 

10.5389, 30, 0, 7.70307e-37, 

10.5389, 31, 0, 2.79692e-37, 

10.5389, 32, 0, 1.01838e-37, 

10.5389, 33, 0, 3.72087e-38, 

10.5389, 34, 0, 1.36554e-38, 

10.5389, 35, 0, 5.04002e-39, 

10.5389, 36, 0, 1.87346e-39, 

10.5389, 37, 0, 7.02452e-40, 

10.5389, 38, 0, 2.6609e-40, 

10.5389, 39, 0, 1.0198e-40, 

10.5389, 40, 0, 3.9593e-41, 

10.5389, 41, 0, 1.55851e-41, 

10.5389, 42, 0, 6.22237e-42, 

10.5389, 43, 0, 2.51916e-42, 

10.5389, 44, 0, 1.0333e-42, 

10.5389, 45, 0, 4.2875e-43, 

10.5389, 46, 0, 1.79593e-43, 

10.5389, 47, 0, 7.57629e-44, 

10.5389, 48, 0, 3.2116e-44, 

10.5389, 49, 0, 1.36585e-44, 

10.5389, 50, 0, 5.82744e-45, 

10.5389, 51, 0, 2.50074e-45, 

10.5389, 52, 0, 1.08646e-45, 

10.5389, 53, 0, 4.83449e-46, 

10.5389, 54, 0, 2.24024e-46, 

10.5389, 55, 0, 1.10159e-46, 

10.5389, 56, 0, 5.83839e-47, 

10.5389, 57, 0, 3.36369e-47, 

10.5389, 58, 0, 2.1222e-47, 

10.5389, 59, 0, 1.50739e-47, 

10.5389, 60, 0, 1.30326e-47, 

10.5389, 61, 0, 1.52653e-47, 

10.5389, 62, 0, 2.44645e-47, 

10.5389, 63, 0, 4.78538e-47, 

10.5389, 64, 0, 1.02374e-46, 

10.5389, 65, 0, 2.26729e-46, 

10.5389, 66, 0, 5.08957e-46, 

10.5389, 67, 0, 1.14962e-45, 

10.5389, 68, 0, 2.60751e-45, 

10.5389, 69, 0, 5.93785e-45, 

10.5389, 70, 0, 1.35832e-44, 

10.5389, 71, 0, 3.12367e-44, 

10.5389, 72, 0, 7.22609e-44, 

10.5389, 73, 0, 1.68236e-43, 

10.5389, 74, 0, 3.94273e-43, 

10.5389, 75, 0, 9.30035e-43, 

10.5389, 76, 0, 2.20737e-42, 

10.5389, 77, 0, 5.26837e-42, 

10.5389, 78, 0, 1.2635e-41, 

10.5389, 79, 0, 3.04227e-41, 

10.5389, 80, 0, 7.34741e-41, 

10.5389, 81, 0, 1.77816e-40, 

10.5389, 82, 0, 4.30832e-40, 

10.5389, 83, 0, 1.04421e-39, 

10.5389, 84, 0, 2.52986e-39, 

10.5389, 85, 0, 6.12351e-39, 

10.5389, 86, 0, 1.48025e-38, 

10.5389, 87, 0, 3.57285e-38, 

10.5389, 88, 0, 8.61035e-38, 

10.5389, 89, 0, 2.07196e-37, 

10.5389, 90, 0, 4.97909e-37, 

10.5389, 91, 0, 1.19502e-36, 

10.5389, 92, 0, 2.86473e-36, 

10.5389, 93, 0, 6.85903e-36, 

10.5389, 94, 0, 1.64011e-35, 

10.5389, 95, 0, 3.9162e-35, 

10.5389, 96, 0, 9.33767e-35, 

10.5389, 97, 0, 2.22378e-34, 

10.5389, 98, 0, 5.29293e-34, 

10.5389, 99, 0, 1.2605e-33, 

10.5389, 100, 0, 3.00876e-33, 

10.5389, 101, 0, 7.21477e-33, 

10.5389, 102, 0, 1.74267e-32, 

10.5389, 103, 0, 4.25186e-32, 

10.5389, 104, 0, 1.05049e-31, 

10.5389, 105, 0, 2.63261e-31, 

10.5389, 106, 0, 6.69477e-31, 

10.5389, 107, 0, 1.72531e-30, 

10.5389, 108, 0, 4.49088e-30, 

10.5389, 109, 0, 1.17411e-29, 

10.5389, 110, 0, 3.05909e-29, 

10.5389, 111, 0, 7.86285e-29, 

10.5389, 112, 0, 1.96918e-28, 

10.5389, 113, 0, 4.73496e-28, 

10.5389, 114, 0, 1.07436e-27, 

10.5389, 115, 0, 2.25335e-27, 

10.5389, 116, 0, 4.25826e-27, 

10.5389, 117, 0, 7.00391e-27, 

10.5389, 118, 0, 9.49738e-27, 

10.5389, 119, 0, 9.49738e-27, 

13.1736, 0, 0, 3.47569e-25, 

13.1736, 1, 0, 3.47569e-25, 

13.1736, 2, 0, 2.52708e-25, 

13.1736, 3, 0, 1.48843e-25, 

13.1736, 4, 0, 7.47487e-26, 

13.1736, 5, 0, 3.30457e-26, 

13.1736, 6, 0, 1.31665e-26, 

13.1736, 7, 0, 4.81934e-27, 

13.1736, 8, 0, 1.64765e-27, 

13.1736, 9, 0, 5.34025e-28, 

13.1736, 10, 0, 1.66323e-28, 

13.1736, 11, 0, 5.03951e-29, 

13.1736, 12, 0, 1.5021e-29, 

13.1736, 13, 0, 4.44783e-30, 

13.1736, 14, 0, 1.31946e-30, 

13.1736, 15, 0, 3.94855e-31, 

13.1736, 16, 0, 1.19835e-31, 

13.1736, 17, 0, 3.70213e-32, 

13.1736, 18, 0, 1.16679e-32, 

13.1736, 19, 0, 3.75458e-33, 

13.1736, 20, 0, 1.23311e-33, 

13.1736, 21, 0, 4.12819e-34, 

13.1736, 22, 0, 1.40604e-34, 

13.1736, 23, 0, 4.86079e-35, 

13.1736, 24, 0, 1.70145e-35, 

13.1736, 25, 0, 6.01574e-36, 

13.1736, 26, 0, 2.14365e-36, 

13.1736, 27, 0, 7.68421e-37, 

13.1736, 28, 0, 2.76677e-37, 

13.1736, 29, 0, 9.99576e-38, 

13.1736, 30, 0, 3.62127e-38, 

13.1736, 31, 0, 1.31532e-38, 

13.1736, 32, 0, 4.79115e-39, 

13.1736, 33, 0, 1.75132e-39, 

13.1736, 34, 0, 6.43048e-40, 

13.1736, 35, 0, 2.37486e-40, 

13.1736, 36, 0, 8.83513e-41, 

13.1736, 37, 0, 3.31659e-41, 

13.1736, 38, 0, 1.25837e-41, 

13.1736, 39, 0, 4.83335e-42, 

13.1736, 40, 0, 1.88187e-42, 

13.1736, 41, 0, 7.43407e-43, 

13.1736, 42, 0, 2.98069e-43, 

13.1736, 43, 0, 1.21263e-43, 

13.1736, 44, 0, 5.00035e-44, 

13.1736, 45, 0, 2.08628e-44, 

13.1736, 46, 0, 8.78661e-45, 

13.1736, 47, 0, 3.72551e-45, 

13.1736, 48, 0, 1.58616e-45, 

13.1736, 49, 0, 6.76867e-46, 

13.1736, 50, 0, 2.89428e-46, 

13.1736, 51, 0, 1.24312e-46, 

13.1736, 52, 0, 5.39784e-47, 

13.1736, 53, 0, 2.39706e-47, 

13.1736, 54, 0, 1.10691e-47, 

13.1736, 55, 0, 5.41708e-48, 

13.1736, 56, 0, 2.85482e-48, 

13.1736, 57, 0, 1.63499e-48, 

13.1736, 58, 0, 1.0257e-48, 

13.1736, 59, 0, 7.24933e-49, 

13.1736, 60, 0, 6.24361e-49, 

13.1736, 61, 0, 7.29831e-49, 

13.1736, 62, 0, 1.16941e-48, 

13.1736, 63, 0, 2.28914e-48, 

13.1736, 64, 0, 4.90217e-48, 

13.1736, 65, 0, 1.08683e-47, 

13.1736, 66, 0, 2.44211e-47, 

13.1736, 67, 0, 5.52126e-47, 

13.1736, 68, 0, 1.25338e-46, 

13.1736, 69, 0, 2.85666e-46, 

13.1736, 70, 0, 6.54081e-46, 

13.1736, 71, 0, 1.50576e-45, 

13.1736, 72, 0, 3.4878e-45, 

13.1736, 73, 0, 8.13292e-45, 

13.1736, 74, 0, 1.9096e-44, 

13.1736, 75, 0, 4.5145e-44, 

13.1736, 76, 0, 1.07421e-43, 

13.1736, 77, 0, 2.5711e-43, 

13.1736, 78, 0, 6.185e-43, 

13.1736, 79, 0, 1.49394e-42, 

13.1736, 80, 0, 3.61945e-42, 

13.1736, 81, 0, 8.78619e-42, 

13.1736, 82, 0, 2.13478e-41, 

13.1736, 83, 0, 5.18665e-41, 

13.1736, 84, 0, 1.25908e-40, 

13.1736, 85, 0, 3.05203e-40, 

13.1736, 86, 0, 7.38465e-40, 

13.1736, 87, 0, 1.78324e-39, 

13.1736, 88, 0, 4.2979e-39, 

13.1736, 89, 0, 1.03411e-38, 

13.1736, 90, 0, 2.48468e-38, 

13.1736, 91, 0, 5.96362e-38, 

13.1736, 92, 0, 1.43018e-37, 

13.1736, 93, 0, 3.42742e-37, 

13.1736, 94, 0, 8.20823e-37, 

13.1736, 95, 0, 1.96434e-36, 

13.1736, 96, 0, 4.69758e-36, 

13.1736, 97, 0, 1.12286e-35, 

13.1736, 98, 0, 2.68446e-35, 

13.1736, 99, 0, 6.42694e-35, 

13.1736, 100, 0, 1.54389e-34, 

13.1736, 101, 0, 3.73127e-34, 

13.1736, 102, 0, 9.10192e-34, 

13.1736, 103, 0, 2.24892e-33, 

13.1736, 104, 0, 5.64703e-33, 

13.1736, 105, 0, 1.4447e-32, 

13.1736, 106, 0, 3.77009e-32, 

13.1736, 107, 0, 1.00281e-31, 

13.1736, 108, 0, 2.71038e-31, 

13.1736, 109, 0, 7.40164e-31, 

13.1736, 110, 0, 2.02528e-30, 

13.1736, 111, 0, 5.49202e-30, 

13.1736, 112, 0, 1.45606e-29, 

13.1736, 113, 0, 3.71367e-29, 

13.1736, 114, 0, 8.94003e-29, 

13.1736, 115, 0, 1.98581e-28, 

13.1736, 116, 0, 3.95692e-28, 

13.1736, 117, 0, 6.80783e-28, 

13.1736, 118, 0, 9.51936e-28, 

13.1736, 119, 0, 9.51936e-28, 

15.8083, 0, 0, 3.95866e-26, 

15.8083, 1, 0, 3.95866e-26, 

15.8083, 2, 0, 2.79956e-26, 

15.8083, 3, 0, 1.58038e-26, 

15.8083, 4, 0, 7.53186e-27, 

15.8083, 5, 0, 3.13736e-27, 

15.8083, 6, 0, 1.17156e-27, 

15.8083, 7, 0, 4.00375e-28, 

15.8083, 8, 0, 1.27479e-28, 

15.8083, 9, 0, 3.84299e-29, 

15.8083, 10, 0, 1.11316e-29, 

15.8083, 11, 0, 3.14041e-30, 

15.8083, 12, 0, 8.73594e-31, 

15.8083, 13, 0, 2.42276e-31, 

15.8083, 14, 0, 6.76268e-32, 

15.8083, 15, 0, 1.91485e-32, 

15.8083, 16, 0, 5.53296e-33, 

15.8083, 17, 0, 1.6382e-33, 

15.8083, 18, 0, 4.98123e-34, 

15.8083, 19, 0, 1.55636e-34, 

15.8083, 20, 0, 4.99248e-35, 

15.8083, 21, 0, 1.64101e-35, 

15.8083, 22, 0, 5.51232e-36, 

15.8083, 23, 0, 1.88645e-36, 

15.8083, 24, 0, 6.55622e-37, 

15.8083, 25, 0, 2.30689e-37, 

15.8083, 26, 0, 8.19515e-38, 

15.8083, 27, 0, 2.93238e-38, 

15.8083, 28, 0, 1.05488e-38, 

15.8083, 29, 0, 3.80993e-39, 

15.8083, 30, 0, 1.38039e-39, 

15.8083, 31, 0, 5.01551e-40, 

15.8083, 32, 0, 1.82781e-40, 

15.8083, 33, 0, 6.68522e-41, 

15.8083, 34, 0, 2.45642e-41, 

15.8083, 35, 0, 9.07986e-42, 

15.8083, 36, 0, 3.38173e-42, 

15.8083, 37, 0, 1.27129e-42, 

15.8083, 38, 0, 4.8326e-43, 

15.8083, 39, 0, 1.86069e-43, 

15.8083, 40, 0, 7.26667e-44, 

15.8083, 41, 0, 2.88126e-44, 

15.8083, 42, 0, 1.16028e-44, 

15.8083, 43, 0, 4.74363e-45, 

15.8083, 44, 0, 1.96653e-45, 

15.8083, 45, 0, 8.25032e-46, 

15.8083, 46, 0, 3.49364e-46, 

15.8083, 47, 0, 1.48876e-46, 

15.8083, 48, 0, 6.36596e-47, 

15.8083, 49, 0, 2.72568e-47, 

15.8083, 50, 0, 1.16802e-47, 

15.8083, 51, 0, 5.0209e-48, 

15.8083, 52, 0, 2.17884e-48, 

15.8083, 53, 0, 9.65563e-49, 

15.8083, 54, 0, 4.44305e-49, 

15.8083, 55, 0, 2.16396e-49, 

15.8083, 56, 0, 1.13396e-49, 

15.8083, 57, 0, 6.45584e-50, 

15.8083, 58, 0, 4.02741e-50, 

15.8083, 59, 0, 2.83274e-50, 

15.8083, 60, 0, 2.43113e-50, 

15.8083, 61, 0, 2.83745e-50, 

15.8083, 62, 0, 4.54848e-50, 

15.8083, 63, 0, 8.91648e-50, 

15.8083, 64, 0, 1.91276e-49, 

15.8083, 65, 0, 4.24823e-49, 

15.8083, 66, 0, 9.5626e-49, 

15.8083, 67, 0, 2.16564e-48, 

15.8083, 68, 0, 4.92425e-48, 

15.8083, 69, 0, 1.1241e-47, 

15.8083, 70, 0, 2.57794e-47, 

15.8083, 71, 0, 5.94455e-47, 

15.8083, 72, 0, 1.37939e-46, 

15.8083, 73, 0, 3.22275e-46, 

15.8083, 74, 0, 7.58323e-46, 

15.8083, 75, 0, 1.79699e-45, 

15.8083, 76, 0, 4.28692e-45, 

15.8083, 77, 0, 1.0289e-44, 

15.8083, 78, 0, 2.48228e-44, 

15.8083, 79, 0, 6.01358e-44, 

15.8083, 80, 0, 1.46123e-43, 

15.8083, 81, 0, 3.5571e-43, 

15.8083, 82, 0, 8.66478e-43, 

15.8083, 83, 0, 2.10979e-42, 

15.8083, 84, 0, 5.13039e-42, 

15.8083, 85, 0, 1.24508e-41, 

15.8083, 86, 0, 3.01445e-41, 

15.8083, 87, 0, 7.28003e-41, 

15.8083, 88, 0, 1.75404e-40, 

15.8083, 89, 0, 4.21786e-40, 

15.8083, 90, 0, 1.01276e-39, 

15.8083, 91, 0, 2.42951e-39, 

15.8083, 92, 0, 5.82536e-39, 

15.8083, 93, 0, 1.39656e-38, 

15.8083, 94, 0, 3.34811e-38, 

15.8083, 95, 0, 8.02726e-38, 

15.8083, 96, 0, 1.92483e-37, 

15.8083, 97, 0, 4.61743e-37, 

15.8083, 98, 0, 1.10892e-36, 

15.8083, 99, 0, 2.66985e-36, 

15.8083, 100, 0, 6.45834e-36, 

15.8083, 101, 0, 1.57449e-35, 

15.8083, 102, 0, 3.88337e-35, 

15.8083, 103, 0, 9.73161e-35, 

15.8083, 104, 0, 2.48818e-34, 

15.8083, 105, 0, 6.51297e-34, 

15.8083, 106, 0, 1.74864e-33, 

15.8083, 107, 0, 4.81415e-33, 

15.8083, 108, 0, 1.35498e-32, 

15.8083, 109, 0, 3.87558e-32, 

15.8083, 110, 0, 1.11633e-31, 

15.8083, 111, 0, 3.19939e-31, 

15.8083, 112, 0, 8.9887e-31, 

15.8083, 113, 0, 2.43218e-30, 

15.8083, 114, 0, 6.20807e-30, 

15.8083, 115, 0, 1.45843e-29, 

15.8083, 116, 0, 3.05854e-29, 

15.8083, 117, 0, 5.4932e-29, 

15.8083, 118, 0, 7.90779e-29, 

15.8083, 119, 0, 7.90779e-29, 

18.4431, 0, 0, 3.92101e-27, 

18.4431, 1, 0, 3.92101e-27, 

18.4431, 2, 0, 2.70376e-27, 

18.4431, 3, 0, 1.46809e-27, 

18.4431, 4, 0, 6.66723e-28, 

18.4431, 5, 0, 2.62788e-28, 

18.4431, 6, 0, 9.23496e-29, 

18.4431, 7, 0, 2.95747e-29, 

18.4431, 8, 0, 8.79603e-30, 

18.4431, 9, 0, 2.47148e-30, 

18.4431, 10, 0, 6.6646e-31, 

18.4431, 11, 0, 1.75021e-31, 

18.4431, 12, 0, 4.53714e-32, 

18.4431, 13, 0, 1.17539e-32, 

18.4431, 14, 0, 3.07598e-33, 

18.4431, 15, 0, 8.20568e-34, 

18.4431, 16, 0, 2.24709e-34, 

18.4431, 17, 0, 6.34726e-35, 

18.4431, 18, 0, 1.85406e-35, 

18.4431, 19, 0, 5.60325e-36, 

18.4431, 20, 0, 1.74978e-36, 

18.4431, 21, 0, 5.63149e-37, 

18.4431, 22, 0, 1.86143e-37, 

18.4431, 23, 0, 6.29437e-38, 

18.4431, 24, 0, 2.16872e-38, 

18.4431, 25, 0, 7.58492e-39, 

18.4431, 26, 0, 2.68364e-39, 

18.4431, 27, 0, 9.57812e-40, 

18.4431, 28, 0, 3.44058e-40, 

18.4431, 29, 0, 1.24181e-40, 

18.4431, 30, 0, 4.49882e-41, 

18.4431, 31, 0, 1.63511e-41, 

18.4431, 32, 0, 5.96252e-42, 

18.4431, 33, 0, 2.18265e-42, 

18.4431, 34, 0, 8.02852e-43, 

18.4431, 35, 0, 2.97149e-43, 

18.4431, 36, 0, 1.10844e-43, 

18.4431, 37, 0, 4.17486e-44, 

18.4431, 38, 0, 1.59063e-44, 

18.4431, 39, 0, 6.14132e-45, 

18.4431, 40, 0, 2.40633e-45, 

18.4431, 41, 0, 9.57808e-46, 

18.4431, 42, 0, 3.87417e-46, 

18.4431, 43, 0, 1.59167e-46, 

18.4431, 44, 0, 6.63308e-47, 

18.4431, 45, 0, 2.79778e-47, 

18.4431, 46, 0, 1.19095e-47, 

18.4431, 47, 0, 5.09951e-48, 

18.4431, 48, 0, 2.18952e-48, 

18.4431, 49, 0, 9.40428e-49, 

18.4431, 50, 0, 4.03799e-49, 

18.4431, 51, 0, 1.73701e-49, 

18.4431, 52, 0, 7.53274e-50, 

18.4431, 53, 0, 3.33123e-50, 

18.4431, 54, 0, 1.52757e-50, 

18.4431, 55, 0, 7.40516e-51, 

18.4431, 56, 0, 3.85917e-51, 

18.4431, 57, 0, 2.1846e-51, 

18.4431, 58, 0, 1.35564e-51, 

18.4431, 59, 0, 9.49313e-52, 

18.4431, 60, 0, 8.12305e-52, 

18.4431, 61, 0, 9.47339e-52, 

18.4431, 62, 0, 1.52058e-51, 

18.4431, 63, 0, 2.98763e-51, 

18.4431, 64, 0, 6.42541e-51, 

18.4431, 65, 0, 1.4308e-50, 

18.4431, 66, 0, 3.22895e-50, 

18.4431, 67, 0, 7.33092e-50, 

18.4431, 68, 0, 1.67096e-49, 

18.4431, 69, 0, 3.82341e-49, 

18.4431, 70, 0, 8.78853e-49, 

18.4431, 71, 0, 2.03119e-48, 

18.4431, 72, 0, 4.72407e-48, 

18.4431, 73, 0, 1.1063e-47, 

18.4431, 74, 0, 2.60943e-47, 

18.4431, 75, 0, 6.19901e-47, 

18.4431, 76, 0, 1.48267e-46, 

18.4431, 77, 0, 3.56806e-46, 

18.4431, 78, 0, 8.63165e-46, 

18.4431, 79, 0, 2.09683e-45, 

18.4431, 80, 0, 5.10869e-45, 

18.4431, 81, 0, 1.24676e-44, 

18.4431, 82, 0, 3.04388e-44, 

18.4431, 83, 0, 7.42567e-44, 

18.4431, 84, 0, 1.8083e-43, 

18.4431, 85, 0, 4.39246e-43, 

18.4431, 86, 0, 1.06379e-42, 

18.4431, 87, 0, 2.56847e-42, 

18.4431, 88, 0, 6.18398e-42, 

18.4431, 89, 0, 1.48546e-41, 

18.4431, 90, 0, 3.5625e-41, 

18.4431, 91, 0, 8.53646e-41, 

18.4431, 92, 0, 2.04518e-40, 

18.4431, 93, 0, 4.9017e-40, 

18.4431, 94, 0, 1.17564e-39, 

18.4431, 95, 0, 2.82229e-39, 

18.4431, 96, 0, 6.78271e-39, 

18.4431, 97, 0, 1.63247e-38, 

18.4431, 98, 0, 3.93808e-38, 

18.4431, 99, 0, 9.53679e-38, 

18.4431, 100, 0, 2.32426e-37, 

18.4431, 101, 0, 5.72102e-37, 

18.4431, 102, 0, 1.42861e-36, 

18.4431, 103, 0, 3.63757e-36, 

18.4431, 104, 0, 9.4922e-36, 

18.4431, 105, 0, 2.54934e-35, 

18.4431, 106, 0, 7.06474e-35, 

18.4431, 107, 0, 2.0201e-34, 

18.4431, 108, 0, 5.94127e-34, 

18.4431, 109, 0, 1.78541e-33, 

18.4431, 110, 0, 5.42697e-33, 

18.4431, 111, 0, 1.6464e-32, 

18.4431, 112, 0, 4.90416e-32, 

18.4431, 113, 0, 1.40697e-31, 

18.4431, 114, 0, 3.80174e-31, 

18.4431, 115, 0, 9.42334e-31, 

18.4431, 116, 0, 2.07387e-30, 

18.4431, 117, 0, 3.87667e-30, 

18.4431, 118, 0, 5.73203e-30, 

18.4431, 119, 0, 5.73203e-30, 

21.0778, 0, 0, 3.48593e-28, 

21.0778, 1, 0, 3.48593e-28, 

21.0778, 2, 0, 2.35026e-28, 

21.0778, 3, 0, 1.23249e-28, 

21.0778, 4, 0, 5.35925e-29, 

21.0778, 5, 0, 2.00907e-29, 

21.0778, 6, 0, 6.67893e-30, 

21.0778, 7, 0, 2.01436e-30, 

21.0778, 8, 0, 5.62141e-31, 

21.0778, 9, 0, 1.47763e-31, 

21.0778, 10, 0, 3.71931e-32, 

21.0778, 11, 0, 9.10467e-33, 

21.0778, 12, 0, 2.1993e-33, 

21.0778, 13, 0, 5.31362e-34, 

21.0778, 14, 0, 1.29981e-34, 

21.0778, 15, 0, 3.25329e-35, 

21.0778, 16, 0, 8.40198e-36, 

21.0778, 17, 0, 2.25237e-36, 

21.0778, 18, 0, 6.28822e-37, 

21.0778, 19, 0, 1.8296e-37, 

21.0778, 20, 0, 5.53936e-38, 

21.0778, 21, 0, 1.73956e-38, 

21.0778, 22, 0, 5.64185e-39, 

21.0778, 23, 0, 1.88062e-39, 

21.0778, 24, 0, 6.41147e-40, 

21.0778, 25, 0, 2.22536e-40, 

21.0778, 26, 0, 7.83184e-41, 

21.0778, 27, 0, 2.78532e-41, 

21.0778, 28, 0, 9.98311e-42, 

21.0778, 29, 0, 3.59896e-42, 

21.0778, 30, 0, 1.30332e-42, 

21.0778, 31, 0, 4.73805e-43, 

21.0778, 32, 0, 1.72902e-43, 

21.0778, 33, 0, 6.33646e-44, 

21.0778, 34, 0, 2.33424e-44, 

21.0778, 35, 0, 8.65508e-45, 

21.0778, 36, 0, 3.23541e-45, 

21.0778, 37, 0, 1.22157e-45, 

21.0778, 38, 0, 4.66719e-46, 

21.0778, 39, 0, 1.80769e-46, 

21.0778, 40, 0, 7.10847e-47, 

21.0778, 41, 0, 2.84085e-47, 

21.0778, 42, 0, 1.15419e-47, 

21.0778, 43, 0, 4.76464e-48, 

21.0778, 44, 0, 1.99559e-48, 

21.0778, 45, 0, 8.4599e-49, 

21.0778, 46, 0, 3.61874e-49, 

21.0778, 47, 0, 1.55638e-49, 

21.0778, 48, 0, 6.70746e-50, 

21.0778, 49, 0, 2.88909e-50, 

21.0778, 50, 0, 1.24268e-50, 

21.0778, 51, 0, 5.34856e-51, 

21.0778, 52, 0, 2.31784e-51, 

21.0778, 53, 0, 1.02299e-51, 

21.0778, 54, 0, 4.67578e-52, 

21.0778, 55, 0, 2.25681e-52, 

21.0778, 56, 0, 1.17018e-52, 

21.0778, 57, 0, 6.58982e-53, 

21.0778, 58, 0, 4.07004e-53, 

21.0778, 59, 0, 2.83952e-53, 

21.0778, 60, 0, 2.42456e-53, 

21.0778, 61, 0, 2.82834e-53, 

21.0778, 62, 0, 4.55051e-53, 

21.0778, 63, 0, 8.96979e-53, 

21.0778, 64, 0, 1.93571e-52, 

21.0778, 65, 0, 4.32514e-52, 

21.0778, 66, 0, 9.79363e-52, 

21.0778, 67, 0, 2.23081e-51, 

21.0778, 68, 0, 5.10093e-51, 

21.0778, 69, 0, 1.17077e-50, 

21.0778, 70, 0, 2.69917e-50, 

21.0778, 71, 0, 6.25639e-50, 

21.0778, 72, 0, 1.45921e-49, 

21.0778, 73, 0, 3.4267e-49, 

21.0778, 74, 0, 8.10462e-49, 

21.0778, 75, 0, 1.93052e-48, 

21.0778, 76, 0, 4.62963e-48, 

21.0778, 77, 0, 1.11704e-47, 

21.0778, 78, 0, 2.70924e-47, 

21.0778, 79, 0, 6.5979e-47, 

21.0778, 80, 0, 1.61137e-46, 

21.0778, 81, 0, 3.94124e-46, 

21.0778, 82, 0, 9.64119e-46, 

21.0778, 83, 0, 2.35577e-45, 

21.0778, 84, 0, 5.74332e-45, 

21.0778, 85, 0, 1.39591e-44, 

21.0778, 86, 0, 3.38068e-44, 

21.0778, 87, 0, 8.15763e-44, 

21.0778, 88, 0, 1.96186e-43, 

21.0778, 89, 0, 4.70538e-43, 

21.0778, 90, 0, 1.12649e-42, 

21.0778, 91, 0, 2.69457e-42, 

21.0778, 92, 0, 6.44599e-42, 

21.0778, 93, 0, 1.54335e-41, 

21.0778, 94, 0, 3.70052e-41, 

21.0778, 95, 0, 8.88889e-41, 

21.0778, 96, 0, 2.13979e-40, 

21.0778, 97, 0, 5.16489e-40, 

21.0778, 98, 0, 1.2513e-39, 

21.0778, 99, 0, 3.04834e-39, 

21.0778, 100, 0, 7.48898e-39, 

21.0778, 101, 0, 1.86303e-38, 

21.0778, 102, 0, 4.7176e-38, 

21.0778, 103, 0, 1.22325e-37, 

21.0778, 104, 0, 3.26741e-37, 

21.0778, 105, 0, 9.03627e-37, 

21.0778, 106, 0, 2.59531e-36, 

21.0778, 107, 0, 7.74109e-36, 

21.0778, 108, 0, 2.38897e-35, 

21.0778, 109, 0, 7.56949e-35, 

21.0778, 110, 0, 2.43426e-34, 

21.0778, 111, 0, 7.8275e-34, 

21.0778, 112, 0, 2.47196e-33, 

21.0778, 113, 0, 7.50946e-33, 

21.0778, 114, 0, 2.14285e-32, 

21.0778, 115, 0, 5.58593e-32, 

21.0778, 116, 0, 1.28533e-31, 

21.0778, 117, 0, 2.49154e-31, 

21.0778, 118, 0, 3.77328e-31, 

21.0778, 119, 0, 3.77328e-31, 

23.7125, 0, 0, 2.8471e-29, 

23.7125, 1, 0, 2.8471e-29, 

23.7125, 2, 0, 1.88205e-29, 

23.7125, 3, 0, 9.57156e-30, 

23.7125, 4, 0, 4.00499e-30, 

23.7125, 5, 0, 1.43586e-30, 

23.7125, 6, 0, 4.54165e-31, 

23.7125, 7, 0, 1.29748e-31, 

23.7125, 8, 0, 3.41639e-32, 

23.7125, 9, 0, 8.44373e-33, 

23.7125, 10, 0, 1.99232e-33, 

23.7125, 11, 0, 4.56037e-34, 

23.7125, 12, 0, 1.0282e-34, 

23.7125, 13, 0, 2.31679e-35, 

23.7125, 14, 0, 5.28792e-36, 

23.7125, 15, 0, 1.23748e-36, 

23.7125, 16, 0, 2.99961e-37, 

23.7125, 17, 0, 7.58886e-38, 

23.7125, 18, 0, 2.01313e-38, 

23.7125, 19, 0, 5.60762e-39, 

23.7125, 20, 0, 1.63783e-39, 

23.7125, 21, 0, 4.99732e-40, 

23.7125, 22, 0, 1.58466e-40, 

23.7125, 23, 0, 5.19196e-41, 

23.7125, 24, 0, 1.74728e-41, 

23.7125, 25, 0, 6.00693e-42, 

23.7125, 26, 0, 2.0995e-42, 

23.7125, 27, 0, 7.43058e-43, 

23.7125, 28, 0, 2.65469e-43, 

23.7125, 29, 0, 9.55183e-44, 

23.7125, 30, 0, 3.45603e-44, 

23.7125, 31, 0, 1.25638e-44, 

23.7125, 32, 0, 4.58809e-45, 

23.7125, 33, 0, 1.68367e-45, 

23.7125, 34, 0, 6.21382e-46, 

23.7125, 35, 0, 2.30928e-46, 

23.7125, 36, 0, 8.65555e-47, 

23.7125, 37, 0, 3.27784e-47, 

23.7125, 38, 0, 1.25651e-47, 

23.7125, 39, 0, 4.88435e-48, 

23.7125, 40, 0, 1.92822e-48, 

23.7125, 41, 0, 7.73844e-49, 

23.7125, 42, 0, 3.15806e-49, 

23.7125, 43, 0, 1.30978e-49, 

23.7125, 44, 0, 5.5119e-50, 

23.7125, 45, 0, 2.34765e-50, 

23.7125, 46, 0, 1.00868e-50, 

23.7125, 47, 0, 4.35549e-51, 

23.7125, 48, 0, 1.88329e-51, 

23.7125, 49, 0, 8.13191e-52, 

23.7125, 50, 0, 3.50301e-52, 

23.7125, 51, 0, 1.50839e-52, 

23.7125, 52, 0, 6.53247e-53, 

23.7125, 53, 0, 2.87806e-53, 

23.7125, 54, 0, 1.31172e-53, 

23.7125, 55, 0, 6.30708e-54, 

23.7125, 56, 0, 3.25593e-54, 

23.7125, 57, 0, 1.82548e-54, 

23.7125, 58, 0, 1.12312e-54, 

23.7125, 59, 0, 7.81386e-55, 

23.7125, 60, 0, 6.66519e-55, 

23.7125, 61, 0, 7.78699e-55, 

23.7125, 62, 0, 1.25731e-54, 

23.7125, 63, 0, 2.48888e-54, 

23.7125, 64, 0, 5.394e-54, 

23.7125, 65, 0, 1.21026e-53, 

23.7125, 66, 0, 2.75161e-53, 

23.7125, 67, 0, 6.29252e-53, 

23.7125, 68, 0, 1.44438e-52, 

23.7125, 69, 0, 3.32758e-52, 

23.7125, 70, 0, 7.69959e-52, 

23.7125, 71, 0, 1.79099e-51, 

23.7125, 72, 0, 4.19145e-51, 

23.7125, 73, 0, 9.87511e-51, 

23.7125, 74, 0, 2.34289e-50, 

23.7125, 75, 0, 5.59728e-50, 

23.7125, 76, 0, 1.34605e-49, 

23.7125, 77, 0, 3.2563e-49, 

23.7125, 78, 0, 7.91729e-49, 

23.7125, 79, 0, 1.93257e-48, 

23.7125, 80, 0, 4.72981e-48, 

23.7125, 81, 0, 1.15905e-47, 

23.7125, 82, 0, 2.83984e-47, 

23.7125, 83, 0, 6.9475e-47, 

23.7125, 84, 0, 1.69507e-46, 

23.7125, 85, 0, 4.12072e-46, 

23.7125, 86, 0, 9.97583e-46, 

23.7125, 87, 0, 2.40475e-45, 

23.7125, 88, 0, 5.77412e-45, 

23.7125, 89, 0, 1.38205e-44, 

23.7125, 90, 0, 3.30095e-44, 

23.7125, 91, 0, 7.87689e-44, 

23.7125, 92, 0, 1.88013e-43, 

23.7125, 93, 0, 4.49355e-43, 

23.7125, 94, 0, 1.07626e-42, 

23.7125, 95, 0, 2.58487e-42, 

23.7125, 96, 0, 6.2288e-42, 

23.7125, 97, 0, 1.50711e-41, 

23.7125, 98, 0, 3.66623e-41, 

23.7125, 99, 0, 8.9863e-41, 

23.7125, 100, 0, 2.22691e-40, 

23.7125, 101, 0, 5.60616e-40, 

23.7125, 102, 0, 1.44248e-39, 

23.7125, 103, 0, 3.81997e-39, 

23.7125, 104, 0, 1.04844e-38, 

23.7125, 105, 0, 2.99966e-38, 

23.7125, 106, 0, 8.97568e-38, 

23.7125, 107, 0, 2.80759e-37, 

23.7125, 108, 0, 9.13615e-37, 

23.7125, 109, 0, 3.0641e-36, 

23.7125, 110, 0, 1.04509e-35, 

23.7125, 111, 0, 3.56495e-35, 

23.7125, 112, 0, 1.19271e-34, 

23.7125, 113, 0, 3.82834e-34, 

23.7125, 114, 0, 1.14989e-33, 

23.7125, 115, 0, 3.13977e-33, 

23.7125, 116, 0, 7.52094e-33, 

23.7125, 117, 0, 1.5056e-32, 

23.7125, 118, 0, 2.32817e-32, 

23.7125, 119, 0, 2.32817e-32, 

26.3472, 0, 0, 2.17451e-30, 

26.3472, 1, 0, 2.17451e-30, 

26.3472, 2, 0, 1.41307e-30, 

26.3472, 3, 0, 6.9973e-31, 

26.3472, 4, 0, 2.83114e-31, 

26.3472, 5, 0, 9.76054e-32, 

26.3472, 6, 0, 2.95478e-32, 

26.3472, 7, 0, 8.04525e-33, 

26.3472, 8, 0, 2.01116e-33, 

26.3472, 9, 0, 4.70182e-34, 

26.3472, 10, 0, 1.04574e-34, 

26.3472, 11, 0, 2.24886e-35, 

26.3472, 12, 0, 4.74947e-36, 

26.3472, 13, 0, 1.00002e-36, 

26.3472, 14, 0, 2.12977e-37, 

26.3472, 15, 0, 4.6505e-38, 

26.3472, 16, 0, 1.05375e-38, 

26.3472, 17, 0, 2.50194e-39, 

26.3472, 18, 0, 6.26589e-40, 

26.3472, 19, 0, 1.66005e-40, 

26.3472, 20, 0, 4.64896e-41, 

26.3472, 21, 0, 1.37093e-41, 

26.3472, 22, 0, 4.23185e-42, 

26.3472, 23, 0, 1.35796e-42, 

26.3472, 24, 0, 4.49818e-43, 

26.3472, 25, 0, 1.52807e-43, 

26.3472, 26, 0, 5.29366e-44, 

26.3472, 27, 0, 1.86147e-44, 

26.3472, 28, 0, 6.62024e-45, 

26.3472, 29, 0, 2.37496e-45, 

26.3472, 30, 0, 8.57883e-46, 

26.3472, 31, 0, 3.11705e-46, 

26.3472, 32, 0, 1.1388e-46, 

26.3472, 33, 0, 4.1844e-47, 

26.3472, 34, 0, 1.54742e-47, 

26.3472, 35, 0, 5.7658e-48, 

26.3472, 36, 0, 2.16782e-48, 

26.3472, 37, 0, 8.23824e-49, 

26.3472, 38, 0, 3.17007e-49, 

26.3472, 39, 0, 1.2373e-49, 

26.3472, 40, 0, 4.90546e-50, 

26.3472, 41, 0, 1.97743e-50, 

26.3472, 42, 0, 8.1067e-51, 

26.3472, 43, 0, 3.3777e-51, 

26.3472, 44, 0, 1.42793e-51, 

26.3472, 45, 0, 6.10868e-52, 

26.3472, 46, 0, 2.63534e-52, 

26.3472, 47, 0, 1.14204e-52, 

26.3472, 48, 0, 4.95269e-53, 

26.3472, 49, 0, 2.14321e-53, 

26.3472, 50, 0, 9.24472e-54, 

26.3472, 51, 0, 3.98249e-54, 

26.3472, 52, 0, 1.7239e-54, 

26.3472, 53, 0, 7.58447e-55, 

26.3472, 54, 0, 3.4488e-55, 

26.3472, 55, 0, 1.65318e-55, 

26.3472, 56, 0, 8.50434e-56, 

26.3472, 57, 0, 4.7517e-56, 

26.3472, 58, 0, 2.9153e-56, 

26.3472, 59, 0, 2.02493e-56, 

26.3472, 60, 0, 1.72774e-56, 

26.3472, 61, 0, 2.02444e-56, 

26.3472, 62, 0, 3.28449e-56, 

26.3472, 63, 0, 6.53562e-56, 

26.3472, 64, 0, 1.42353e-55, 

26.3472, 65, 0, 3.20935e-55, 

26.3472, 66, 0, 7.33059e-55, 

26.3472, 67, 0, 1.684e-54, 

26.3472, 68, 0, 3.88264e-54, 

26.3472, 69, 0, 8.98397e-54, 

26.3472, 70, 0, 2.0877e-53, 

26.3472, 71, 0, 4.87655e-53, 

26.3472, 72, 0, 1.14589e-52, 

26.3472, 73, 0, 2.71018e-52, 

26.3472, 74, 0, 6.45329e-52, 

26.3472, 75, 0, 1.54688e-51, 

26.3472, 76, 0, 3.73125e-51, 

26.3472, 77, 0, 9.05093e-51, 

26.3472, 78, 0, 2.20588e-50, 

26.3472, 79, 0, 5.39563e-50, 

26.3472, 80, 0, 1.32287e-49, 

26.3472, 81, 0, 3.24642e-49, 

26.3472, 82, 0, 7.96288e-49, 

26.3472, 83, 0, 1.94939e-48, 

26.3472, 84, 0, 4.75713e-48, 

26.3472, 85, 0, 1.15606e-47, 

26.3472, 86, 0, 2.79604e-47, 

26.3472, 87, 0, 6.72951e-47, 

26.3472, 88, 0, 1.61238e-46, 

26.3472, 89, 0, 3.84912e-46, 

26.3472, 90, 0, 9.16627e-46, 

26.3472, 91, 0, 2.1806e-45, 

26.3472, 92, 0, 5.18968e-45, 

26.3472, 93, 0, 1.23725e-44, 

26.3472, 94, 0, 2.95806e-44, 

26.3472, 95, 0, 7.09875e-44, 

26.3472, 96, 0, 1.71142e-43, 

26.3472, 97, 0, 4.14956e-43, 

26.3472, 98, 0, 1.01355e-42, 

26.3472, 99, 0, 2.50061e-42, 

26.3472, 100, 0, 6.25713e-42, 

26.3472, 101, 0, 1.59692e-41, 

26.3472, 102, 0, 4.18674e-41, 

26.3472, 103, 0, 1.13677e-40, 

26.3472, 104, 0, 3.22206e-40, 

26.3472, 105, 0, 9.59442e-40, 

26.3472, 106, 0, 3.01051e-39, 

26.3472, 107, 0, 9.93816e-39, 

26.3472, 108, 0, 3.42835e-38, 

26.3472, 109, 0, 1.22166e-37, 

26.3472, 110, 0, 4.42749e-37, 

26.3472, 111, 0, 1.60202e-36, 

26.3472, 112, 0, 5.6679e-36, 

26.3472, 113, 0, 1.91612e-35, 

26.3472, 114, 0, 6.0328e-35, 

26.3472, 115, 0, 1.71731e-34, 

26.3472, 116, 0, 4.26167e-34, 

26.3472, 117, 0, 8.77151e-34, 

26.3472, 118, 0, 1.38047e-33, 

26.3472, 119, 0, 1.38047e-33, 

28.9819, 0, 0, 1.57624e-31, 

28.9819, 1, 0, 1.57624e-31, 

28.9819, 2, 0, 1.0094e-31, 

28.9819, 3, 0, 4.88509e-32, 

28.9819, 4, 0, 1.92008e-32, 

28.9819, 5, 0, 6.39916e-33, 

28.9819, 6, 0, 1.8648e-33, 

28.9819, 7, 0, 4.86898e-34, 

28.9819, 8, 0, 1.16295e-34, 

28.9819, 9, 0, 2.58844e-35, 

28.9819, 10, 0, 5.46118e-36, 

28.9819, 11, 0, 1.10996e-36, 

28.9819, 12, 0, 2.20721e-37, 

28.9819, 13, 0, 4.35991e-38, 

28.9819, 14, 0, 8.68306e-39, 

28.9819, 15, 0, 1.76898e-39, 

28.9819, 16, 0, 3.7373e-40, 

28.9819, 17, 0, 8.28686e-41, 

28.9819, 18, 0, 1.94631e-41, 

28.9819, 19, 0, 4.86771e-42, 

28.9819, 20, 0, 1.29745e-42, 

28.9819, 21, 0, 3.67341e-43, 

28.9819, 22, 0, 1.0977e-43, 

28.9819, 23, 0, 3.43444e-44, 

28.9819, 24, 0, 1.11573e-44, 

28.9819, 25, 0, 3.73448e-45, 

28.9819, 26, 0, 1.27927e-45, 

28.9819, 27, 0, 4.46065e-46, 

28.9819, 28, 0, 1.57662e-46, 

28.9819, 29, 0, 5.63151e-47, 

28.9819, 30, 0, 2.02862e-47, 

28.9819, 31, 0, 7.36075e-48, 

28.9819, 32, 0, 2.68885e-48, 

28.9819, 33, 0, 9.8892e-49, 

28.9819, 34, 0, 3.66399e-49, 

28.9819, 35, 0, 1.3689e-49, 

28.9819, 36, 0, 5.16397e-50, 

28.9819, 37, 0, 1.96999e-50, 

28.9819, 38, 0, 7.61261e-51, 

28.9819, 39, 0, 2.98463e-51, 

28.9819, 40, 0, 1.18884e-51, 

28.9819, 41, 0, 4.8152e-52, 

28.9819, 42, 0, 1.98351e-52, 

28.9819, 43, 0, 8.30347e-53, 

28.9819, 44, 0, 3.52636e-53, 

28.9819, 45, 0, 1.51507e-53, 

28.9819, 46, 0, 6.5617e-54, 

28.9819, 47, 0, 2.85318e-54, 

28.9819, 48, 0, 1.24076e-54, 

28.9819, 49, 0, 5.38021e-55, 

28.9819, 50, 0, 2.32376e-55, 

28.9819, 51, 0, 1.00159e-55, 

28.9819, 52, 0, 4.33468e-56, 

28.9819, 53, 0, 1.90529e-56, 

28.9819, 54, 0, 8.64947e-57, 

28.9819, 55, 0, 4.13684e-57, 

28.9819, 56, 0, 2.12268e-57, 

28.9819, 57, 0, 1.18323e-57, 

28.9819, 58, 0, 7.24738e-58, 

28.9819, 59, 0, 5.03187e-58, 

28.9819, 60, 0, 4.30046e-58, 

28.9819, 61, 0, 5.06111e-58, 

28.9819, 62, 0, 8.26103e-58, 

28.9819, 63, 0, 1.6538e-57, 

28.9819, 64, 0, 3.62243e-57, 

28.9819, 65, 0, 8.20998e-57, 

28.9819, 66, 0, 1.88484e-56, 

28.9819, 67, 0, 4.35157e-56, 

28.9819, 68, 0, 1.00829e-55, 

28.9819, 69, 0, 2.3447e-55, 

28.9819, 70, 0, 5.47578e-55, 

28.9819, 71, 0, 1.28537e-54, 

28.9819, 72, 0, 3.03491e-54, 

28.9819, 73, 0, 7.21089e-54, 

28.9819, 74, 0, 1.72432e-53, 

28.9819, 75, 0, 4.1491e-53, 

28.9819, 76, 0, 1.00416e-52, 

28.9819, 77, 0, 2.44265e-52, 

28.9819, 78, 0, 5.96679e-52, 

28.9819, 79, 0, 1.46207e-51, 

28.9819, 80, 0, 3.5892e-51, 

28.9819, 81, 0, 8.81524e-51, 

28.9819, 82, 0, 2.16296e-50, 

28.9819, 83, 0, 5.29448e-50, 

28.9819, 84, 0, 1.2912e-49, 

28.9819, 85, 0, 3.13415e-49, 

28.9819, 86, 0, 7.56708e-49, 

28.9819, 87, 0, 1.81704e-48, 

28.9819, 88, 0, 4.3412e-48, 

28.9819, 89, 0, 1.03294e-47, 

28.9819, 90, 0, 2.45102e-47, 

28.9819, 91, 0, 5.80943e-47, 

28.9819, 92, 0, 1.37776e-46, 

28.9819, 93, 0, 3.27462e-46, 

28.9819, 94, 0, 7.81106e-46, 

28.9819, 95, 0, 1.87223e-45, 

28.9819, 96, 0, 4.51472e-45, 

28.9819, 97, 0, 1.09692e-44, 

28.9819, 98, 0, 2.69115e-44, 

28.9819, 99, 0, 6.68915e-44, 

28.9819, 100, 0, 1.69284e-43, 

28.9819, 101, 0, 4.39152e-43, 

28.9819, 102, 0, 1.17771e-42, 

28.9819, 103, 0, 3.29595e-42, 

28.9819, 104, 0, 9.71246e-42, 

28.9819, 105, 0, 3.03315e-41, 

28.9819, 106, 0, 1.00587e-40, 

28.9819, 107, 0, 3.52886e-40, 

28.9819, 108, 0, 1.29725e-39, 

28.9819, 109, 0, 4.9258e-39, 

28.9819, 110, 0, 1.8979e-38, 

28.9819, 111, 0, 7.27296e-38, 

28.9819, 112, 0, 2.71236e-37, 

28.9819, 113, 0, 9.61556e-37, 

28.9819, 114, 0, 3.15742e-36, 

28.9819, 115, 0, 9.32055e-36, 

28.9819, 116, 0, 2.3839e-35, 

28.9819, 117, 0, 5.02185e-35, 

28.9819, 118, 0, 8.01797e-35, 

28.9819, 119, 0, 8.01797e-35, 

31.6167, 0, 0, 1.09934e-32, 

31.6167, 1, 0, 1.09934e-32, 

31.6167, 2, 0, 6.95392e-33, 

31.6167, 3, 0, 3.30088e-33, 

31.6167, 4, 0, 1.26592e-33, 

31.6167, 5, 0, 4.09913e-34, 

31.6167, 6, 0, 1.1563e-34, 

31.6167, 7, 0, 2.91252e-35, 

31.6167, 8, 0, 6.6888e-36, 

31.6167, 9, 0, 1.42671e-36, 

31.6167, 10, 0, 2.87458e-37, 

31.6167, 11, 0, 5.55841e-38, 

31.6167, 12, 0, 1.04728e-38, 

31.6167, 13, 0, 1.95146e-39, 

31.6167, 14, 0, 3.64959e-40, 

31.6167, 15, 0, 6.95224e-41, 

31.6167, 16, 0, 1.36884e-41, 

31.6167, 17, 0, 2.82463e-42, 

31.6167, 18, 0, 6.18255e-43, 

31.6167, 19, 0, 1.44772e-43, 

31.6167, 20, 0, 3.64008e-44, 

31.6167, 21, 0, 9.81163e-45, 

31.6167, 22, 0, 2.81781e-45, 

31.6167, 23, 0, 8.54593e-46, 

31.6167, 24, 0, 2.71041e-46, 

31.6167, 25, 0, 8.90654e-47, 

31.6167, 26, 0, 3.00827e-47, 

31.6167, 27, 0, 1.03771e-47, 

31.6167, 28, 0, 3.63801e-48, 

31.6167, 29, 0, 1.2917e-48, 

31.6167, 30, 0, 4.63381e-49, 

31.6167, 31, 0, 1.67716e-49, 

31.6167, 32, 0, 6.1203e-50, 

31.6167, 33, 0, 2.25164e-50, 

31.6167, 34, 0, 8.35475e-51, 

31.6167, 35, 0, 3.12921e-51, 

31.6167, 36, 0, 1.1844e-51, 

31.6167, 37, 0, 4.53659e-52, 

31.6167, 38, 0, 1.76104e-52, 

31.6167, 39, 0, 6.9383e-53, 

31.6167, 40, 0, 2.77784e-53, 

31.6167, 41, 0, 1.13098e-53, 

31.6167, 42, 0, 4.68299e-54, 

31.6167, 43, 0, 1.97033e-54, 

31.6167, 44, 0, 8.40797e-55, 

31.6167, 45, 0, 3.62848e-55, 

31.6167, 46, 0, 1.57773e-55, 

31.6167, 47, 0, 6.88371e-56, 

31.6167, 48, 0, 3.00175e-56, 

31.6167, 49, 0, 1.30432e-56, 

31.6167, 50, 0, 5.64126e-57, 

31.6167, 51, 0, 2.43326e-57, 

31.6167, 52, 0, 1.05319e-57, 

31.6167, 53, 0, 4.6271e-58, 

31.6167, 54, 0, 2.09845e-58, 

31.6167, 55, 0, 1.0022e-58, 

31.6167, 56, 0, 5.13425e-59, 

31.6167, 57, 0, 2.85815e-59, 

31.6167, 58, 0, 1.74967e-59, 

31.6167, 59, 0, 1.21574e-59, 

31.6167, 60, 0, 1.04215e-59, 

31.6167, 61, 0, 1.23363e-59, 

31.6167, 62, 0, 2.02807e-59, 

31.6167, 63, 0, 4.08759e-59, 

31.6167, 64, 0, 9.00767e-59, 

31.6167, 65, 0, 2.05301e-58, 

31.6167, 66, 0, 4.73889e-58, 

31.6167, 67, 0, 1.09999e-57, 

31.6167, 68, 0, 2.56274e-57, 

31.6167, 69, 0, 5.99288e-57, 

31.6167, 70, 0, 1.40759e-56, 

31.6167, 71, 0, 3.32323e-56, 

31.6167, 72, 0, 7.89114e-56, 

31.6167, 73, 0, 1.88511e-55, 

31.6167, 74, 0, 4.53034e-55, 

31.6167, 75, 0, 1.09491e-54, 

31.6167, 76, 0, 2.65968e-54, 

31.6167, 77, 0, 6.4886e-54, 

31.6167, 78, 0, 1.58834e-53, 

31.6167, 79, 0, 3.89712e-53, 

31.6167, 80, 0, 9.57267e-53, 

31.6167, 81, 0, 2.35094e-52, 

31.6167, 82, 0, 5.76459e-52, 

31.6167, 83, 0, 1.40933e-51, 

31.6167, 84, 0, 3.43103e-51, 

31.6167, 85, 0, 8.30937e-51, 

31.6167, 86, 0, 2.00067e-50, 

31.6167, 87, 0, 4.78854e-50, 

31.6167, 88, 0, 1.13987e-49, 

31.6167, 89, 0, 2.70133e-49, 

31.6167, 90, 0, 6.38306e-49, 

31.6167, 91, 0, 1.50661e-48, 

31.6167, 92, 0, 3.55905e-48, 

31.6167, 93, 0, 8.43049e-48, 

31.6167, 94, 0, 2.00591e-47, 

31.6167, 95, 0, 4.80178e-47, 

31.6167, 96, 0, 1.15833e-46, 

31.6167, 97, 0, 2.82146e-46, 

31.6167, 98, 0, 6.9591e-46, 

31.6167, 99, 0, 1.74544e-45, 

31.6167, 100, 0, 4.47889e-45, 

31.6167, 101, 0, 1.18556e-44, 

31.6167, 102, 0, 3.27006e-44, 

31.6167, 103, 0, 9.50155e-44, 

31.6167, 104, 0, 2.93648e-43, 

31.6167, 105, 0, 9.70853e-43, 

31.6167, 106, 0, 3.43254e-42, 

31.6167, 107, 0, 1.28845e-41, 

31.6167, 108, 0, 5.06731e-41, 

31.6167, 109, 0, 2.05231e-40, 

31.6167, 110, 0, 8.39347e-40, 

31.6167, 111, 0, 3.39458e-39, 

31.6167, 112, 0, 1.32809e-38, 

31.6167, 113, 0, 4.9102e-38, 

31.6167, 114, 0, 1.67192e-37, 

31.6167, 115, 0, 5.08911e-37, 

31.6167, 116, 0, 1.33451e-36, 

31.6167, 117, 0, 2.86445e-36, 

31.6167, 118, 0, 4.62554e-36, 

31.6167, 119, 0, 4.62554e-36, 

34.2514, 0, 0, 7.47836e-34, 

34.2514, 1, 0, 7.47836e-34, 

34.2514, 2, 0, 4.68346e-34, 

34.2514, 3, 0, 2.18815e-34, 

34.2514, 4, 0, 8.22334e-35, 

34.2514, 5, 0, 2.59986e-35, 

34.2514, 6, 0, 7.13757e-36, 

34.2514, 7, 0, 1.74448e-36, 

34.2514, 8, 0, 3.87598e-37, 

34.2514, 9, 0, 7.97421e-38, 

34.2514, 10, 0, 1.54463e-38, 

34.2514, 11, 0, 2.86099e-39, 

34.2514, 12, 0, 5.14225e-40, 

34.2514, 13, 0, 9.09758e-41, 

34.2514, 14, 0, 1.60686e-41, 

34.2514, 15, 0, 2.87431e-42, 

34.2514, 16, 0, 5.28422e-43, 

34.2514, 17, 0, 1.01344e-43, 

34.2514, 18, 0, 2.05692e-44, 

34.2514, 19, 0, 4.47217e-45, 

34.2514, 20, 0, 1.04978e-45, 

34.2514, 21, 0, 2.66516e-46, 

34.2514, 22, 0, 7.28543e-47, 

34.2514, 23, 0, 2.12498e-47, 

34.2514, 24, 0, 6.53977e-48, 

34.2514, 25, 0, 2.10016e-48, 

34.2514, 26, 0, 6.96983e-49, 

34.2514, 27, 0, 2.37198e-49, 

34.2514, 28, 0, 8.22995e-50, 

34.2514, 29, 0, 2.89927e-50, 

34.2514, 30, 0, 1.03417e-50, 

34.2514, 31, 0, 3.72879e-51, 

34.2514, 32, 0, 1.35784e-51, 

34.2514, 33, 0, 4.99264e-52, 

34.2514, 34, 0, 1.8541e-52, 

34.2514, 35, 0, 6.95892e-53, 

34.2514, 36, 0, 2.64229e-53, 

34.2514, 37, 0, 1.01617e-53, 

34.2514, 38, 0, 3.96338e-54, 

34.2514, 39, 0, 1.56973e-54, 

34.2514, 40, 0, 6.31966e-55, 

34.2514, 41, 0, 2.58775e-55, 

34.2514, 42, 0, 1.07762e-55, 

34.2514, 43, 0, 4.55919e-56, 

34.2514, 44, 0, 1.95575e-56, 

34.2514, 45, 0, 8.48067e-57, 

34.2514, 46, 0, 3.70322e-57, 

34.2514, 47, 0, 1.62155e-57, 

34.2514, 48, 0, 7.09149e-58, 

34.2514, 49, 0, 3.08814e-58, 

34.2514, 50, 0, 1.33767e-58, 

34.2514, 51, 0, 5.77509e-59, 

34.2514, 52, 0, 2.50061e-59, 

34.2514, 53, 0, 1.09855e-59, 

34.2514, 54, 0, 4.97971e-60, 

34.2514, 55, 0, 2.37646e-60, 

34.2514, 56, 0, 1.21649e-60, 

34.2514, 57, 0, 6.76912e-61, 

34.2514, 58, 0, 4.14556e-61, 

34.2514, 59, 0, 2.88583e-61, 

34.2514, 60, 0, 2.48433e-61, 

34.2514, 61, 0, 2.96179e-61, 

34.2514, 62, 0, 4.90885e-61, 

34.2514, 63, 0, 9.96601e-61, 

34.2514, 64, 0, 2.2101e-60, 

34.2514, 65, 0, 5.06655e-60, 

34.2514, 66, 0, 1.17611e-59, 

34.2514, 67, 0, 2.74567e-59, 

34.2514, 68, 0, 6.435e-59, 

34.2514, 69, 0, 1.51423e-58, 

34.2514, 70, 0, 3.57981e-58, 

34.2514, 71, 0, 8.50819e-58, 

34.2514, 72, 0, 2.03372e-57, 

34.2514, 73, 0, 4.88918e-57, 

34.2514, 74, 0, 1.1818e-56, 

34.2514, 75, 0, 2.87055e-56, 

34.2514, 76, 0, 7.00116e-56, 

34.2514, 77, 0, 1.71308e-55, 

34.2514, 78, 0, 4.20118e-55, 

34.2514, 79, 0, 1.03158e-54, 

34.2514, 80, 0, 2.53332e-54, 

34.2514, 81, 0, 6.21461e-54, 

34.2514, 82, 0, 1.52099e-53, 

34.2514, 83, 0, 3.70917e-53, 

34.2514, 84, 0, 9.00242e-53, 

34.2514, 85, 0, 2.17255e-52, 

34.2514, 86, 0, 5.21037e-52, 

34.2514, 87, 0, 1.24176e-51, 

34.2514, 88, 0, 2.9425e-51, 

34.2514, 89, 0, 6.94061e-51, 

34.2514, 90, 0, 1.6323e-50, 

34.2514, 91, 0, 3.83526e-50, 

34.2514, 92, 0, 9.02264e-50, 

34.2514, 93, 0, 2.12991e-49, 

34.2514, 94, 0, 5.05567e-49, 

34.2514, 95, 0, 1.20907e-48, 

34.2514, 96, 0, 2.91944e-48, 

34.2514, 97, 0, 7.13623e-48, 

34.2514, 98, 0, 1.7724e-47, 

34.2514, 99, 0, 4.49691e-47, 

34.2514, 100, 0, 1.1745e-46, 

34.2514, 101, 0, 3.18996e-46, 

34.2514, 102, 0, 9.11955e-46, 

34.2514, 103, 0, 2.77821e-45, 

34.2514, 104, 0, 9.1052e-45, 

34.2514, 105, 0, 3.22126e-44, 

34.2514, 106, 0, 1.22458e-43, 

34.2514, 107, 0, 4.94262e-43, 

34.2514, 108, 0, 2.0822e-42, 

34.2514, 109, 0, 8.97763e-42, 

34.2514, 110, 0, 3.88112e-41, 

34.2514, 111, 0, 1.64748e-40, 

34.2514, 112, 0, 6.72047e-40, 

34.2514, 113, 0, 2.575e-39, 

34.2514, 114, 0, 9.03621e-39, 

34.2514, 115, 0, 2.82e-38, 

34.2514, 116, 0, 7.54323e-38, 

34.2514, 117, 0, 1.64292e-37, 

34.2514, 118, 0, 2.67582e-37, 

34.2514, 119, 0, 2.67582e-37, 

36.8861, 0, 0, 5.03061e-35, 

36.8861, 1, 0, 5.03061e-35, 

36.8861, 2, 0, 3.12652e-35, 

36.8861, 3, 0, 1.44279e-35, 

36.8861, 4, 0, 5.33627e-36, 

36.8861, 5, 0, 1.65529e-36, 

36.8861, 6, 0, 4.44649e-37, 

36.8861, 7, 0, 1.06057e-37, 

36.8861, 8, 0, 2.29365e-38, 

36.8861, 9, 0, 4.58044e-39, 

36.8861, 10, 0, 8.58631e-40, 

36.8861, 11, 0, 1.53382e-40, 

36.8861, 12, 0, 2.64822e-41, 

36.8861, 13, 0, 4.47939e-42, 

36.8861, 14, 0, 7.52198e-43, 

36.8861, 15, 0, 1.27091e-43, 

36.8861, 16, 0, 2.19089e-44, 

36.8861, 17, 0, 3.91082e-45, 

36.8861, 18, 0, 7.34154e-46, 

36.8861, 19, 0, 1.47151e-46, 

36.8861, 20, 0, 3.18902e-47, 

36.8861, 21, 0, 7.52571e-48, 

36.8861, 22, 0, 1.933e-48, 

36.8861, 23, 0, 5.36312e-49, 

36.8861, 24, 0, 1.58811e-49, 

36.8861, 25, 0, 4.95337e-50, 

36.8861, 26, 0, 1.60805e-50, 

36.8861, 27, 0, 5.38153e-51, 

36.8861, 28, 0, 1.84335e-51, 

36.8861, 29, 0, 6.43034e-52, 

36.8861, 30, 0, 2.2769e-52, 

36.8861, 31, 0, 8.16698e-53, 

36.8861, 32, 0, 2.96424e-53, 

36.8861, 33, 0, 1.08826e-53, 

36.8861, 34, 0, 4.04173e-54, 

36.8861, 35, 0, 1.5193e-54, 

36.8861, 36, 0, 5.78502e-55, 

36.8861, 37, 0, 2.23352e-55, 

36.8861, 38, 0, 8.75334e-56, 

36.8861, 39, 0, 3.4859e-56, 

36.8861, 40, 0, 1.41178e-56, 

36.8861, 41, 0, 5.81687e-57, 

36.8861, 42, 0, 2.43751e-57, 

36.8861, 43, 0, 1.03756e-57, 

36.8861, 44, 0, 4.47651e-58, 

36.8861, 45, 0, 1.95135e-58, 

36.8861, 46, 0, 8.56021e-59, 

36.8861, 47, 0, 3.76282e-59, 

36.8861, 48, 0, 1.65068e-59, 

36.8861, 49, 0, 7.205e-60, 

36.8861, 50, 0, 3.12605e-60, 

36.8861, 51, 0, 1.35102e-60, 

36.8861, 52, 0, 5.85328e-61, 

36.8861, 53, 0, 2.57193e-61, 

36.8861, 54, 0, 1.16575e-61, 

36.8861, 55, 0, 5.56194e-62, 

36.8861, 56, 0, 2.84668e-62, 

36.8861, 57, 0, 1.58453e-62, 

36.8861, 58, 0, 9.71602e-63, 

36.8861, 59, 0, 6.78249e-63, 

36.8861, 60, 0, 5.87053e-63, 

36.8861, 61, 0, 7.05717e-63, 

36.8861, 62, 0, 1.18013e-62, 

36.8861, 63, 0, 2.41421e-62, 

36.8861, 64, 0, 5.38835e-62, 

36.8861, 65, 0, 1.24253e-61, 

36.8861, 66, 0, 2.90102e-61, 

36.8861, 67, 0, 6.81319e-61, 

36.8861, 68, 0, 1.60703e-60, 

36.8861, 69, 0, 3.80758e-60, 

36.8861, 70, 0, 9.06741e-60, 

36.8861, 71, 0, 2.1714e-59, 

36.8861, 72, 0, 5.22963e-59, 

36.8861, 73, 0, 1.26635e-58, 

36.8861, 74, 0, 3.08111e-58, 

36.8861, 75, 0, 7.52573e-58, 

36.8861, 76, 0, 1.84349e-57, 

36.8861, 77, 0, 4.52411e-57, 

36.8861, 78, 0, 1.11119e-56, 

36.8861, 79, 0, 2.72886e-56, 

36.8861, 80, 0, 6.69387e-56, 

36.8861, 81, 0, 1.63844e-55, 

36.8861, 82, 0, 3.99741e-55, 

36.8861, 83, 0, 9.71074e-55, 

36.8861, 84, 0, 2.34649e-54, 

36.8861, 85, 0, 5.63552e-54, 

36.8861, 86, 0, 1.34466e-53, 

36.8861, 87, 0, 3.18773e-53, 

36.8861, 88, 0, 7.51321e-53, 

36.8861, 89, 0, 1.76274e-52, 

36.8861, 90, 0, 4.12436e-52, 

36.8861, 91, 0, 9.64457e-52, 

36.8861, 92, 0, 2.25953e-51, 

36.8861, 93, 0, 5.3166e-51, 

36.8861, 94, 0, 1.25946e-50, 

36.8861, 95, 0, 3.01114e-50, 

36.8861, 96, 0, 7.2854e-50, 

36.8861, 97, 0, 1.78998e-49, 

36.8861, 98, 0, 4.4876e-49, 

36.8861, 99, 0, 1.15609e-48, 

36.8861, 100, 0, 3.09059e-48, 

36.8861, 101, 0, 8.68301e-48, 

36.8861, 102, 0, 2.60089e-47, 

36.8861, 103, 0, 8.41523e-47, 

36.8861, 104, 0, 2.96305e-46, 

36.8861, 105, 0, 1.13365e-45, 

36.8861, 106, 0, 4.66258e-45, 

36.8861, 107, 0, 2.02632e-44, 

36.8861, 108, 0, 9.12011e-44, 

36.8861, 109, 0, 4.16453e-43, 

36.8861, 110, 0, 1.89071e-42, 

36.8861, 111, 0, 8.36498e-42, 

36.8861, 112, 0, 3.53314e-41, 

36.8861, 113, 0, 1.39372e-40, 

36.8861, 114, 0, 5.01001e-40, 

36.8861, 115, 0, 1.59432e-39, 

36.8861, 116, 0, 4.32999e-39, 

36.8861, 117, 0, 9.53395e-39, 

36.8861, 118, 0, 1.56242e-38, 

36.8861, 119, 0, 1.56242e-38, 

39.5208, 0, 0, 3.39165e-36, 

39.5208, 1, 0, 3.39165e-36, 

39.5208, 2, 0, 2.09677e-36, 

39.5208, 3, 0, 9.59085e-37, 

39.5208, 4, 0, 3.50605e-37, 

39.5208, 5, 0, 1.07228e-37, 

39.5208, 6, 0, 2.83342e-38, 

39.5208, 7, 0, 6.63313e-39, 

39.5208, 8, 0, 1.40472e-39, 

39.5208, 9, 0, 2.74018e-40, 

39.5208, 10, 0, 5.00362e-41, 

39.5208, 11, 0, 8.67908e-42, 

39.5208, 12, 0, 1.44957e-42, 

39.5208, 13, 0, 2.36114e-43, 

39.5208, 14, 0, 3.79717e-44, 

39.5208, 15, 0, 6.10308e-45, 

39.5208, 16, 0, 9.92799e-46, 

39.5208, 17, 0, 1.65689e-46, 

39.5208, 18, 0, 2.87991e-47, 

39.5208, 19, 0, 5.29991e-48, 

39.5208, 20, 0, 1.04989e-48, 

39.5208, 21, 0, 2.26915e-49, 

39.5208, 22, 0, 5.38553e-50, 

39.5208, 23, 0, 1.39947e-50, 

39.5208, 24, 0, 3.93824e-51, 

39.5208, 25, 0, 1.18239e-51, 

39.5208, 26, 0, 3.7318e-52, 

39.5208, 27, 0, 1.22298e-52, 

39.5208, 28, 0, 4.12348e-53, 

39.5208, 29, 0, 1.4213e-53, 

39.5208, 30, 0, 4.98736e-54, 

39.5208, 31, 0, 1.77714e-54, 

39.5208, 32, 0, 6.42143e-55, 

39.5208, 33, 0, 2.35151e-55, 

39.5208, 34, 0, 8.7267e-56, 

39.5208, 35, 0, 3.28321e-56, 

39.5208, 36, 0, 1.25306e-56, 

39.5208, 37, 0, 4.85541e-57, 

39.5208, 38, 0, 1.91184e-57, 

39.5208, 39, 0, 7.65611e-58, 

39.5208, 40, 0, 3.11996e-58, 

39.5208, 41, 0, 1.29397e-58, 

39.5208, 42, 0, 5.4587e-59, 

39.5208, 43, 0, 2.33891e-59, 

39.5208, 44, 0, 1.01541e-59, 

39.5208, 45, 0, 4.45139e-60, 

39.5208, 46, 0, 1.96241e-60, 

39.5208, 47, 0, 8.66168e-61, 

39.5208, 48, 0, 3.81207e-61, 

39.5208, 49, 0, 1.66794e-61, 

39.5208, 50, 0, 7.24896e-62, 

39.5208, 51, 0, 3.13632e-62, 

39.5208, 52, 0, 1.35971e-62, 

39.5208, 53, 0, 5.97669e-63, 

39.5208, 54, 0, 2.70948e-63, 

39.5208, 55, 0, 1.29292e-63, 

39.5208, 56, 0, 6.61983e-64, 

39.5208, 57, 0, 3.68829e-64, 

39.5208, 58, 0, 2.26607e-64, 

39.5208, 59, 0, 1.58772e-64, 

39.5208, 60, 0, 1.38324e-64, 

39.5208, 61, 0, 1.67863e-64, 

39.5208, 62, 0, 2.83418e-64, 

39.5208, 63, 0, 5.84342e-64, 

39.5208, 64, 0, 1.3126e-63, 

39.5208, 65, 0, 3.04447e-63, 

39.5208, 66, 0, 7.14954e-63, 

39.5208, 67, 0, 1.68947e-62, 

39.5208, 68, 0, 4.01189e-62, 

39.5208, 69, 0, 9.57584e-62, 

39.5208, 70, 0, 2.29862e-61, 

39.5208, 71, 0, 5.55055e-61, 

39.5208, 72, 0, 1.34801e-60, 

39.5208, 73, 0, 3.29034e-60, 

39.5208, 74, 0, 8.06337e-60, 

39.5208, 75, 0, 1.98139e-59, 

39.5208, 76, 0, 4.87567e-59, 

39.5208, 77, 0, 1.2e-58, 

39.5208, 78, 0, 2.95087e-58, 

39.5208, 79, 0, 7.24321e-58, 

39.5208, 80, 0, 1.77322e-57, 

39.5208, 81, 0, 4.32607e-57, 

39.5208, 82, 0, 1.05091e-56, 

39.5208, 83, 0, 2.53995e-56, 

39.5208, 84, 0, 6.10287e-56, 

39.5208, 85, 0, 1.45694e-55, 

39.5208, 86, 0, 3.45487e-55, 

39.5208, 87, 0, 8.13953e-55, 

39.5208, 88, 0, 1.9067e-54, 

39.5208, 89, 0, 4.44725e-54, 

39.5208, 90, 0, 1.03485e-53, 

39.5208, 91, 0, 2.4081e-53, 

39.5208, 92, 0, 5.61882e-53, 

39.5208, 93, 0, 1.31822e-52, 

39.5208, 94, 0, 3.11843e-52, 

39.5208, 95, 0, 7.46069e-52, 

39.5208, 96, 0, 1.81145e-51, 

39.5208, 97, 0, 4.48383e-51, 

39.5208, 98, 0, 1.13882e-50, 

39.5208, 99, 0, 2.99556e-50, 

39.5208, 100, 0, 8.26578e-50, 

39.5208, 101, 0, 2.43081e-49, 

39.5208, 102, 0, 7.74346e-49, 

39.5208, 103, 0, 2.70334e-48, 

39.5208, 104, 0, 1.0363e-47, 

39.5208, 105, 0, 4.32128e-47, 

39.5208, 106, 0, 1.92575e-46, 

39.5208, 107, 0, 8.98006e-46, 

39.5208, 108, 0, 4.2903e-45, 

39.5208, 109, 0, 2.05877e-44, 

39.5208, 110, 0, 9.73782e-44, 

39.5208, 111, 0, 4.45616e-43, 

39.5208, 112, 0, 1.93514e-42, 

39.5208, 113, 0, 7.809e-42, 

39.5208, 114, 0, 2.85926e-41, 

39.5208, 115, 0, 9.23268e-41, 

39.5208, 116, 0, 2.53541e-40, 

39.5208, 117, 0, 5.6255e-40, 

39.5208, 118, 0, 9.25722e-40, 

39.5208, 119, 0, 9.25722e-40, 

42.1555, 0, 0, 2.31974e-37, 

42.1555, 1, 0, 2.31974e-37, 

42.1555, 2, 0, 1.42975e-37, 

42.1555, 3, 0, 6.50439e-38, 

42.1555, 4, 0, 2.36001e-38, 

42.1555, 5, 0, 7.15042e-39, 

42.1555, 6, 0, 1.86839e-39, 

42.1555, 7, 0, 4.31722e-40, 

42.1555, 8, 0, 9.00633e-41, 

42.1555, 9, 0, 1.72687e-41, 

42.1555, 10, 0, 3.09177e-42, 

42.1555, 11, 0, 5.24297e-43, 

42.1555, 12, 0, 8.53141e-44, 

42.1555, 13, 0, 1.34822e-44, 

42.1555, 14, 0, 2.09277e-45, 

42.1555, 15, 0, 3.22589e-46, 

42.1555, 16, 0, 4.99267e-47, 

42.1555, 17, 0, 7.84973e-48, 

42.1555, 18, 0, 1.27044e-48, 

42.1555, 19, 0, 2.14966e-49, 

42.1555, 20, 0, 3.87152e-50, 

42.1555, 21, 0, 7.56159e-51, 

42.1555, 22, 0, 1.62614e-51, 

42.1555, 23, 0, 3.87427e-52, 

42.1555, 24, 0, 1.01692e-52, 

42.1555, 25, 0, 2.89798e-53, 

42.1555, 26, 0, 8.80813e-54, 

42.1555, 27, 0, 2.80946e-54, 

42.1555, 28, 0, 9.28766e-55, 

42.1555, 29, 0, 3.15489e-55, 

42.1555, 30, 0, 1.09505e-55, 

42.1555, 31, 0, 3.8707e-56, 

42.1555, 32, 0, 1.39072e-56, 

42.1555, 33, 0, 5.07459e-57, 

42.1555, 34, 0, 1.8801e-57, 

42.1555, 35, 0, 7.07408e-58, 

42.1555, 36, 0, 2.70447e-58, 

42.1555, 37, 0, 1.05125e-58, 

42.1555, 38, 0, 4.15763e-59, 

42.1555, 39, 0, 1.67404e-59, 

42.1555, 40, 0, 6.86449e-60, 

42.1555, 41, 0, 2.86621e-60, 

42.1555, 42, 0, 1.21757e-60, 

42.1555, 43, 0, 5.253e-61, 

42.1555, 44, 0, 2.29547e-61, 

42.1555, 45, 0, 1.01229e-61, 

42.1555, 46, 0, 4.48571e-62, 

42.1555, 47, 0, 1.98831e-62, 

42.1555, 48, 0, 8.77964e-63, 

42.1555, 49, 0, 3.85075e-63, 

42.1555, 50, 0, 1.67633e-63, 

42.1555, 51, 0, 7.26059e-64, 

42.1555, 52, 0, 3.14987e-64, 

42.1555, 53, 0, 1.38518e-64, 

42.1555, 54, 0, 6.28207e-65, 

42.1555, 55, 0, 2.99923e-65, 

42.1555, 56, 0, 1.53699e-65, 

42.1555, 57, 0, 8.57722e-66, 

42.1555, 58, 0, 5.2844e-66, 

42.1555, 59, 0, 3.71976e-66, 

42.1555, 60, 0, 3.26586e-66, 

42.1555, 61, 0, 4.00567e-66, 

42.1555, 62, 0, 6.83297e-66, 

42.1555, 63, 0, 1.42009e-65, 

42.1555, 64, 0, 3.21023e-65, 

42.1555, 65, 0, 7.48857e-65, 

42.1555, 66, 0, 1.76876e-64, 

42.1555, 67, 0, 4.20582e-64, 

42.1555, 68, 0, 1.0057e-63, 

42.1555, 69, 0, 2.41915e-63, 

42.1555, 70, 0, 5.8563e-63, 

42.1555, 71, 0, 1.42676e-62, 

42.1555, 72, 0, 3.49612e-62, 

42.1555, 73, 0, 8.60653e-62, 

42.1555, 74, 0, 2.12523e-61, 

42.1555, 75, 0, 5.2551e-61, 

42.1555, 76, 0, 1.29911e-60, 

42.1555, 77, 0, 3.20611e-60, 

42.1555, 78, 0, 7.89027e-60, 

42.1555, 79, 0, 1.93468e-59, 

42.1555, 80, 0, 4.72331e-59, 

42.1555, 81, 0, 1.14752e-58, 

42.1555, 82, 0, 2.77282e-58, 

42.1555, 83, 0, 6.66047e-58, 

42.1555, 84, 0, 1.58963e-57, 

42.1555, 85, 0, 3.76835e-57, 

42.1555, 86, 0, 8.87249e-57, 

42.1555, 87, 0, 2.07563e-56, 

42.1555, 88, 0, 4.82923e-56, 

42.1555, 89, 0, 1.11919e-55, 

42.1555, 90, 0, 2.58916e-55, 

42.1555, 91, 0, 5.99476e-55, 

42.1555, 92, 0, 1.3932e-54, 

42.1555, 93, 0, 3.26022e-54, 

42.1555, 94, 0, 7.70732e-54, 

42.1555, 95, 0, 1.84749e-53, 

42.1555, 96, 0, 4.51067e-53, 

42.1555, 97, 0, 1.1286e-52, 

42.1555, 98, 0, 2.91963e-52, 

42.1555, 99, 0, 7.90887e-52, 

42.1555, 100, 0, 2.28151e-51, 

42.1555, 101, 0, 7.14394e-51, 

42.1555, 102, 0, 2.46703e-50, 

42.1555, 103, 0, 9.44996e-50, 

42.1555, 104, 0, 3.98331e-49, 

42.1555, 105, 0, 1.81356e-48, 

42.1555, 106, 0, 8.71738e-48, 

42.1555, 107, 0, 4.32704e-47, 

42.1555, 108, 0, 2.17445e-46, 

42.1555, 109, 0, 1.08673e-45, 

42.1555, 110, 0, 5.31102e-45, 

42.1555, 111, 0, 2.49526e-44, 

42.1555, 112, 0, 1.10681e-43, 

42.1555, 113, 0, 4.54274e-43, 

42.1555, 114, 0, 1.68571e-42, 

42.1555, 115, 0, 5.49936e-42, 

42.1555, 116, 0, 1.52151e-41, 

42.1555, 117, 0, 3.39235e-41, 

42.1555, 118, 0, 5.59568e-41, 

42.1555, 119, 0, 5.59568e-41, 

44.7903, 0, 0, 1.62481e-38, 

44.7903, 1, 0, 1.62481e-38, 

44.7903, 2, 0, 1.0004e-38, 

44.7903, 3, 0, 4.54046e-39, 

44.7903, 4, 0, 1.64142e-39, 

44.7903, 5, 0, 4.94866e-40, 

44.7903, 6, 0, 1.28496e-40, 

44.7903, 7, 0, 2.94626e-41, 

44.7903, 8, 0, 6.08926e-42, 

44.7903, 9, 0, 1.1546e-42, 

44.7903, 10, 0, 2.0399e-43, 

44.7903, 11, 0, 3.40495e-44, 

44.7903, 12, 0, 5.43708e-45, 

44.7903, 13, 0, 8.40069e-46, 

44.7903, 14, 0, 1.26913e-46, 

44.7903, 15, 0, 1.89321e-47, 

44.7903, 16, 0, 2.81526e-48, 

44.7903, 17, 0, 4.2138e-49, 

44.7903, 18, 0, 6.4166e-50, 

44.7903, 19, 0, 1.00681e-50, 

44.7903, 20, 0, 1.65408e-51, 

44.7903, 21, 0, 2.90234e-52, 

44.7903, 22, 0, 5.55899e-53, 

44.7903, 23, 0, 1.18346e-53, 

44.7903, 24, 0, 2.8191e-54, 

44.7903, 25, 0, 7.45267e-55, 

44.7903, 26, 0, 2.14632e-55, 

44.7903, 27, 0, 6.59472e-56, 

44.7903, 28, 0, 2.12426e-56, 

44.7903, 29, 0, 7.08428e-57, 

44.7903, 30, 0, 2.42635e-57, 

44.7903, 31, 0, 8.4933e-58, 

44.7903, 32, 0, 3.03035e-58, 

44.7903, 33, 0, 1.10058e-58, 

44.7903, 34, 0, 4.06684e-59, 

44.7903, 35, 0, 1.52902e-59, 

44.7903, 36, 0, 5.85123e-60, 

44.7903, 37, 0, 2.28022e-60, 

44.7903, 38, 0, 9.05379e-61, 

44.7903, 39, 0, 3.66419e-61, 

44.7903, 40, 0, 1.51166e-61, 

44.7903, 41, 0, 6.35419e-62, 

44.7903, 42, 0, 2.71824e-62, 

44.7903, 43, 0, 1.18097e-62, 

44.7903, 44, 0, 5.19504e-63, 

44.7903, 45, 0, 2.30483e-63, 

44.7903, 46, 0, 1.02665e-63, 

44.7903, 47, 0, 4.56994e-64, 

44.7903, 48, 0, 2.02444e-64, 

44.7903, 49, 0, 8.89973e-65, 

44.7903, 50, 0, 3.88027e-65, 

44.7903, 51, 0, 1.68229e-65, 

44.7903, 52, 0, 7.30306e-66, 

44.7903, 53, 0, 3.21329e-66, 

44.7903, 54, 0, 1.45817e-66, 

44.7903, 55, 0, 6.96786e-67, 

44.7903, 56, 0, 3.57592e-67, 

44.7903, 57, 0, 2.00025e-67, 

44.7903, 58, 0, 1.23687e-67, 

44.7903, 59, 0, 8.75688e-68, 

44.7903, 60, 0, 7.75889e-68, 

44.7903, 61, 0, 9.63129e-68, 

44.7903, 62, 0, 1.66116e-67, 

44.7903, 63, 0, 3.48075e-67, 

44.7903, 64, 0, 7.9184e-67, 

44.7903, 65, 0, 1.85758e-66, 

44.7903, 66, 0, 4.41268e-66, 

44.7903, 67, 0, 1.05588e-65, 

44.7903, 68, 0, 2.54285e-65, 

44.7903, 69, 0, 6.16588e-65, 

44.7903, 70, 0, 1.50581e-64, 

44.7903, 71, 0, 3.70266e-64, 

44.7903, 72, 0, 9.1575e-64, 

44.7903, 73, 0, 2.27422e-63, 

44.7903, 74, 0, 5.65961e-63, 

44.7903, 75, 0, 1.40832e-62, 

44.7903, 76, 0, 3.49713e-62, 

44.7903, 77, 0, 8.65195e-62, 

44.7903, 78, 0, 2.13004e-61, 

44.7903, 79, 0, 5.21432e-61, 

44.7903, 80, 0, 1.26865e-60, 

44.7903, 81, 0, 3.06687e-60, 

44.7903, 82, 0, 7.36501e-60, 

44.7903, 83, 0, 1.75666e-59, 

44.7903, 84, 0, 4.16066e-59, 

44.7903, 85, 0, 9.78522e-59, 

44.7903, 86, 0, 2.28557e-58, 

44.7903, 87, 0, 5.3051e-58, 

44.7903, 88, 0, 1.22507e-57, 

44.7903, 89, 0, 2.8194e-57, 

44.7903, 90, 0, 6.48182e-57, 

44.7903, 91, 0, 1.49287e-56, 

44.7903, 92, 0, 3.45578e-56, 

44.7903, 93, 0, 8.06894e-56, 

44.7903, 94, 0, 1.90788e-55, 

44.7903, 95, 0, 4.58958e-55, 

44.7903, 96, 0, 1.13008e-54, 

44.7903, 97, 0, 2.87266e-54, 

44.7903, 98, 0, 7.6342e-54, 

44.7903, 99, 0, 2.15877e-53, 

44.7903, 100, 0, 6.63762e-53, 

44.7903, 101, 0, 2.26455e-52, 

44.7903, 102, 0, 8.65792e-52, 

44.7903, 103, 0, 3.6854e-51, 

44.7903, 104, 0, 1.71179e-50, 

44.7903, 105, 0, 8.45906e-50, 

44.7903, 106, 0, 4.34276e-49, 

44.7903, 107, 0, 2.27017e-48, 

44.7903, 108, 0, 1.18803e-47, 

44.7903, 109, 0, 6.12945e-47, 

44.7903, 110, 0, 3.07152e-46, 

44.7903, 111, 0, 1.47181e-45, 

44.7903, 112, 0, 6.62993e-45, 

44.7903, 113, 0, 2.7538e-44, 

44.7903, 114, 0, 1.0311e-43, 

44.7903, 115, 0, 3.38569e-43, 

44.7903, 116, 0, 9.4077e-43, 

44.7903, 117, 0, 2.10262e-42, 

44.7903, 118, 0, 3.47116e-42, 

44.7903, 119, 0, 3.47116e-42, 

47.425, 0, 0, 1.17195e-39, 

47.425, 1, 0, 1.17195e-39, 

47.425, 2, 0, 7.21959e-40, 

47.425, 3, 0, 3.27726e-40, 

47.425, 4, 0, 1.18423e-40, 

47.425, 5, 0, 3.56602e-41, 

47.425, 6, 0, 9.24063e-42, 

47.425, 7, 0, 2.11235e-42, 

47.425, 8, 0, 4.34744e-43, 

47.425, 9, 0, 8.19725e-44, 

47.425, 10, 0, 1.43774e-44, 

47.425, 11, 0, 2.37754e-45, 

47.425, 12, 0, 3.75192e-46, 

47.425, 13, 0, 5.71158e-47, 

47.425, 14, 0, 8.46993e-48, 

47.425, 15, 0, 1.23447e-48, 

47.425, 16, 0, 1.78296e-49, 

47.425, 17, 0, 2.57226e-50, 

47.425, 18, 0, 3.73746e-51, 

47.425, 19, 0, 5.521e-52, 

47.425, 20, 0, 8.39141e-53, 

47.425, 21, 0, 1.33379e-53, 

47.425, 22, 0, 2.26594e-54, 

47.425, 23, 0, 4.22216e-55, 

47.425, 24, 0, 8.82691e-56, 

47.425, 25, 0, 2.0887e-56, 

47.425, 26, 0, 5.53704e-57, 

47.425, 27, 0, 1.60731e-57, 

47.425, 28, 0, 4.98612e-58, 

47.425, 29, 0, 1.62162e-58, 

47.425, 30, 0, 5.45914e-59, 

47.425, 31, 0, 1.88785e-59, 

47.425, 32, 0, 6.67772e-60, 

47.425, 33, 0, 2.41085e-60, 

47.425, 34, 0, 8.87554e-61, 

47.425, 35, 0, 3.33132e-61, 

47.425, 36, 0, 1.27502e-61, 

47.425, 37, 0, 4.97798e-62, 

47.425, 38, 0, 1.98326e-62, 

47.425, 39, 0, 8.06449e-63, 

47.425, 40, 0, 3.34626e-63, 

47.425, 41, 0, 1.41579e-63, 

47.425, 42, 0, 6.09865e-64, 

47.425, 43, 0, 2.6681e-64, 

47.425, 44, 0, 1.18149e-64, 

47.425, 45, 0, 5.27322e-65, 

47.425, 46, 0, 2.36087e-65, 

47.425, 47, 0, 1.05519e-65, 

47.425, 48, 0, 4.68861e-66, 

47.425, 49, 0, 2.0655e-66, 

47.425, 50, 0, 9.01755e-67, 

47.425, 51, 0, 3.91274e-67, 

47.425, 52, 0, 1.69953e-67, 

47.425, 53, 0, 7.48195e-68, 

47.425, 54, 0, 3.39793e-68, 

47.425, 55, 0, 1.62576e-68, 

47.425, 56, 0, 8.36054e-69, 

47.425, 57, 0, 4.69139e-69, 

47.425, 58, 0, 2.91462e-69, 

47.425, 59, 0, 2.07819e-69, 

47.425, 60, 0, 1.86131e-69, 

47.425, 61, 0, 2.34206e-69, 

47.425, 62, 0, 4.08806e-69, 

47.425, 63, 0, 8.63942e-69, 

47.425, 64, 0, 1.97805e-68, 

47.425, 65, 0, 4.66675e-68, 

47.425, 66, 0, 1.11503e-67, 

47.425, 67, 0, 2.68525e-67, 

47.425, 68, 0, 6.5143e-67, 

47.425, 69, 0, 1.59268e-66, 

47.425, 70, 0, 3.92495e-66, 

47.425, 71, 0, 9.74313e-66, 

47.425, 72, 0, 2.43256e-65, 

47.425, 73, 0, 6.09484e-65, 

47.425, 74, 0, 1.52851e-64, 

47.425, 75, 0, 3.82684e-64, 

47.425, 76, 0, 9.54257e-64, 

47.425, 77, 0, 2.36565e-63, 

47.425, 78, 0, 5.82314e-63, 

47.425, 79, 0, 1.42229e-62, 

47.425, 80, 0, 3.44615e-62, 

47.425, 81, 0, 8.28323e-62, 

47.425, 82, 0, 1.97532e-61, 

47.425, 83, 0, 4.67427e-61, 

47.425, 84, 0, 1.09772e-60, 

47.425, 85, 0, 2.55899e-60, 

47.425, 86, 0, 5.92438e-60, 

47.425, 87, 0, 1.36324e-59, 

47.425, 88, 0, 3.12208e-59, 

47.425, 89, 0, 7.13037e-59, 

47.425, 90, 0, 1.62818e-58, 

47.425, 91, 0, 3.72896e-58, 

47.425, 92, 0, 8.59737e-58, 

47.425, 93, 0, 2.00377e-57, 

47.425, 94, 0, 4.74412e-57, 

47.425, 95, 0, 1.14805e-56, 

47.425, 96, 0, 2.86399e-56, 

47.425, 97, 0, 7.45858e-56, 

47.425, 98, 0, 2.0654e-55, 

47.425, 99, 0, 6.23028e-55, 

47.425, 100, 0, 2.0986e-54, 

47.425, 101, 0, 8.0084e-54, 

47.425, 102, 0, 3.44462e-53, 

47.425, 103, 0, 1.63301e-52, 

47.425, 104, 0, 8.29128e-52, 

47.425, 105, 0, 4.39247e-51, 

47.425, 106, 0, 2.37828e-50, 

47.425, 107, 0, 1.29478e-49, 

47.425, 108, 0, 6.99021e-49, 

47.425, 109, 0, 3.69401e-48, 

47.425, 110, 0, 1.88554e-47, 

47.425, 111, 0, 9.16298e-47, 

47.425, 112, 0, 4.17122e-46, 

47.425, 113, 0, 1.74582e-45, 

47.425, 114, 0, 6.57113e-45, 

47.425, 115, 0, 2.16467e-44, 

47.425, 116, 0, 6.02445e-44, 

47.425, 117, 0, 1.34685e-43, 

47.425, 118, 0, 2.22233e-43, 

47.425, 119, 0, 2.22233e-43, 

50.0597, 0, 0, 8.71483e-41, 

50.0597, 1, 0, 8.71483e-41, 

50.0597, 2, 0, 5.37725e-41, 

50.0597, 3, 0, 2.44569e-41, 

50.0597, 4, 0, 8.8542e-42, 

50.0597, 5, 0, 2.67068e-42, 

50.0597, 6, 0, 6.92936e-43, 

50.0597, 7, 0, 1.58517e-43, 

50.0597, 8, 0, 3.26248e-44, 

50.0597, 9, 0, 6.14586e-45, 

50.0597, 10, 0, 1.07568e-45, 

50.0597, 11, 0, 1.77247e-46, 

50.0597, 12, 0, 2.78199e-47, 

50.0597, 13, 0, 4.20269e-48, 

50.0597, 14, 0, 6.16738e-49, 

50.0597, 15, 0, 8.86414e-50, 

50.0597, 16, 0, 1.25694e-50, 

50.0597, 17, 0, 1.77026e-51, 

50.0597, 18, 0, 2.49215e-52, 

50.0597, 19, 0, 3.53032e-53, 

50.0597, 20, 0, 5.07201e-54, 

50.0597, 21, 0, 7.4698e-55, 

50.0597, 22, 0, 1.14559e-55, 

50.0597, 23, 0, 1.87232e-56, 

50.0597, 24, 0, 3.36075e-57, 

50.0597, 25, 0, 6.82258e-58, 

50.0597, 26, 0, 1.58817e-58, 

50.0597, 27, 0, 4.19413e-59, 

50.0597, 28, 0, 1.22278e-59, 

50.0597, 29, 0, 3.82433e-60, 

50.0597, 30, 0, 1.25583e-60, 

50.0597, 31, 0, 4.27222e-61, 

50.0597, 32, 0, 1.49438e-61, 

50.0597, 33, 0, 5.35403e-62, 

50.0597, 34, 0, 1.96132e-62, 

50.0597, 35, 0, 7.34164e-63, 

50.0597, 36, 0, 2.80799e-63, 

50.0597, 37, 0, 1.09758e-63, 

50.0597, 38, 0, 4.3853e-64, 

50.0597, 39, 0, 1.79087e-64, 

50.0597, 40, 0, 7.47189e-65, 

50.0597, 41, 0, 3.18144e-65, 

50.0597, 42, 0, 1.37979e-65, 

50.0597, 43, 0, 6.07808e-66, 

50.0597, 44, 0, 2.70915e-66, 

50.0597, 45, 0, 1.21625e-66, 

50.0597, 46, 0, 5.4721e-67, 

50.0597, 47, 0, 2.45516e-67, 

50.0597, 48, 0, 1.09392e-67, 

50.0597, 49, 0, 4.82768e-68, 

50.0597, 50, 0, 2.10981e-68, 

50.0597, 51, 0, 9.15947e-69, 

50.0597, 52, 0, 3.97991e-69, 

50.0597, 53, 0, 1.75294e-69, 

50.0597, 54, 0, 7.96795e-70, 

50.0597, 55, 0, 3.81832e-70, 

50.0597, 56, 0, 1.96868e-70, 

50.0597, 57, 0, 1.10909e-70, 

50.0597, 58, 0, 6.93044e-71, 

50.0597, 59, 0, 4.98394e-71, 

50.0597, 60, 0, 4.5207e-71, 

50.0597, 61, 0, 5.77656e-71, 

50.0597, 62, 0, 1.02156e-70, 

50.0597, 63, 0, 2.17859e-70, 

50.0597, 64, 0, 5.02178e-70, 

50.0597, 65, 0, 1.19187e-69, 

50.0597, 66, 0, 2.86518e-69, 

50.0597, 67, 0, 6.9469e-69, 

50.0597, 68, 0, 1.69831e-68, 

50.0597, 69, 0, 4.18822e-68, 

50.0597, 70, 0, 1.04184e-67, 

50.0597, 71, 0, 2.61145e-67, 

50.0597, 72, 0, 6.58235e-67, 

50.0597, 73, 0, 1.66375e-66, 

50.0597, 74, 0, 4.20375e-66, 

50.0597, 75, 0, 1.0585e-65, 

50.0597, 76, 0, 2.64911e-65, 

50.0597, 77, 0, 6.57646e-65, 

50.0597, 78, 0, 1.6174e-64, 

50.0597, 79, 0, 3.93852e-64, 

50.0597, 80, 0, 9.49557e-64, 

50.0597, 81, 0, 2.26735e-63, 

50.0597, 82, 0, 5.36449e-63, 

50.0597, 83, 0, 1.25824e-62, 

50.0597, 84, 0, 2.92706e-62, 

50.0597, 85, 0, 6.75724e-62, 

50.0597, 86, 0, 1.54912e-61, 

50.0597, 87, 0, 3.53061e-61, 

50.0597, 88, 0, 8.01221e-61, 

50.0597, 89, 0, 1.81451e-60, 

50.0597, 90, 0, 4.11273e-60, 

50.0597, 91, 0, 9.36299e-60, 

50.0597, 92, 0, 2.15009e-59, 

50.0597, 93, 0, 5.00559e-59, 

50.0597, 94, 0, 1.18895e-58, 

50.0597, 95, 0, 2.90632e-58, 

50.0597, 96, 0, 7.40549e-58, 

50.0597, 97, 0, 2.00529e-57, 

50.0597, 98, 0, 5.92739e-57, 

50.0597, 99, 0, 1.97021e-56, 

50.0597, 100, 0, 7.50895e-56, 

50.0597, 101, 0, 3.26881e-55, 

50.0597, 102, 0, 1.58424e-54, 

50.0597, 103, 0, 8.26971e-54, 

50.0597, 104, 0, 4.5169e-53, 

50.0597, 105, 0, 2.52647e-52, 

50.0597, 106, 0, 1.42446e-51, 

50.0597, 107, 0, 7.99477e-51, 

50.0597, 108, 0, 4.41667e-50, 

50.0597, 109, 0, 2.37485e-49, 

50.0597, 110, 0, 1.22794e-48, 

50.0597, 111, 0, 6.02322e-48, 

50.0597, 112, 0, 2.75958e-47, 

50.0597, 113, 0, 1.15966e-46, 

50.0597, 114, 0, 4.37402e-46, 

50.0597, 115, 0, 1.44164e-45, 

50.0597, 116, 0, 4.00943e-45, 

50.0597, 117, 0, 8.95039e-45, 

50.0597, 118, 0, 1.47442e-44, 

50.0597, 119, 0, 1.47442e-44, 

52.6944, 0, 0, 6.66474e-42, 

52.6944, 1, 0, 6.66474e-42, 

52.6944, 2, 0, 4.12127e-42, 

52.6944, 3, 0, 1.88007e-42, 

52.6944, 4, 0, 6.82961e-43, 

52.6944, 5, 0, 2.06737e-43, 

52.6944, 6, 0, 5.3833e-44, 

52.6944, 7, 0, 1.23575e-44, 

52.6944, 8, 0, 2.55141e-45, 

52.6944, 9, 0, 4.81938e-46, 

52.6944, 10, 0, 8.45235e-47, 

52.6944, 11, 0, 1.39434e-47, 

52.6944, 12, 0, 2.18841e-48, 

52.6944, 13, 0, 3.30087e-49, 

52.6944, 14, 0, 4.82734e-50, 

52.6944, 15, 0, 6.89787e-51, 

52.6944, 16, 0, 9.69535e-52, 

52.6944, 17, 0, 1.34831e-52, 

52.6944, 18, 0, 1.86487e-53, 

52.6944, 19, 0, 2.57778e-54, 

52.6944, 20, 0, 3.57914e-55, 

52.6944, 21, 0, 5.0225e-56, 

52.6944, 22, 0, 7.18634e-57, 

52.6944, 23, 0, 1.06333e-57, 

52.6944, 24, 0, 1.66457e-58, 

52.6944, 25, 0, 2.85003e-59, 

52.6944, 26, 0, 5.54041e-60, 

52.6944, 27, 0, 1.25136e-60, 

52.6944, 28, 0, 3.2597e-61, 

52.6944, 29, 0, 9.49418e-62, 

52.6944, 30, 0, 2.98779e-62, 

52.6944, 31, 0, 9.90724e-63, 

52.6944, 32, 0, 3.41037e-63, 

52.6944, 33, 0, 1.20924e-63, 

52.6944, 34, 0, 4.40026e-64, 

52.6944, 35, 0, 1.64069e-64, 

52.6944, 36, 0, 6.26532e-65, 

52.6944, 37, 0, 2.45019e-65, 

52.6944, 38, 0, 9.81254e-66, 

52.6944, 39, 0, 4.02316e-66, 

52.6944, 40, 0, 1.68743e-66, 

52.6944, 41, 0, 7.22978e-67, 

52.6944, 42, 0, 3.15684e-67, 

52.6944, 43, 0, 1.40016e-67, 

52.6944, 44, 0, 6.28146e-68, 

52.6944, 45, 0, 2.83629e-68, 

52.6944, 46, 0, 1.28215e-68, 

52.6944, 47, 0, 5.77325e-69, 

52.6944, 48, 0, 2.57857e-69, 

52.6944, 49, 0, 1.13956e-69, 

52.6944, 50, 0, 4.98322e-70, 

52.6944, 51, 0, 2.16374e-70, 

52.6944, 52, 0, 9.40205e-71, 

52.6944, 53, 0, 4.14214e-71, 

52.6944, 54, 0, 1.88431e-71, 

52.6944, 55, 0, 9.04526e-72, 

52.6944, 56, 0, 4.67764e-72, 

52.6944, 57, 0, 2.64755e-72, 

52.6944, 58, 0, 1.66574e-72, 

52.6944, 59, 0, 1.20999e-72, 

52.6944, 60, 0, 1.11378e-72, 

52.6944, 61, 0, 1.44818e-72, 

52.6944, 62, 0, 2.59815e-72, 

52.6944, 63, 0, 5.59572e-72, 

52.6944, 64, 0, 1.29936e-71, 

52.6944, 65, 0, 3.10424e-71, 

52.6944, 66, 0, 7.51299e-71, 

52.6944, 67, 0, 1.83522e-70, 

52.6944, 68, 0, 4.52425e-70, 

52.6944, 69, 0, 1.12609e-69, 

52.6944, 70, 0, 2.8289e-69, 

52.6944, 71, 0, 7.16194e-69, 

52.6944, 72, 0, 1.82256e-68, 

52.6944, 73, 0, 4.64626e-68, 

52.6944, 74, 0, 1.18224e-67, 

52.6944, 75, 0, 2.99201e-67, 

52.6944, 76, 0, 7.50938e-67, 

52.6944, 77, 0, 1.86509e-66, 

52.6944, 78, 0, 4.57837e-66, 

52.6944, 79, 0, 1.11033e-65, 

52.6944, 80, 0, 2.66081e-65, 

52.6944, 81, 0, 6.3048e-65, 

52.6944, 82, 0, 1.47835e-64, 

52.6944, 83, 0, 3.43324e-64, 

52.6944, 84, 0, 7.90324e-64, 

52.6944, 85, 0, 1.80489e-63, 

52.6944, 86, 0, 4.09331e-63, 

52.6944, 87, 0, 9.23127e-63, 

52.6944, 88, 0, 2.07405e-62, 

52.6944, 89, 0, 4.65423e-62, 

52.6944, 90, 0, 1.04658e-61, 

52.6944, 91, 0, 2.36796e-61, 

52.6944, 92, 0, 5.41836e-61, 

52.6944, 93, 0, 1.26201e-60, 

52.6944, 94, 0, 3.01858e-60, 

52.6944, 95, 0, 7.51298e-60, 

52.6944, 96, 0, 1.98591e-59, 

52.6944, 97, 0, 5.74378e-59, 

52.6944, 98, 0, 1.88291e-58, 

52.6944, 99, 0, 7.17345e-58, 

52.6944, 100, 0, 3.1666e-57, 

52.6944, 101, 0, 1.57177e-56, 

52.6944, 102, 0, 8.44148e-56, 

52.6944, 103, 0, 4.75078e-55, 

52.6944, 104, 0, 2.7396e-54, 

52.6944, 105, 0, 1.59416e-53, 

52.6944, 106, 0, 9.25487e-53, 

52.6944, 107, 0, 5.30882e-52, 

52.6944, 108, 0, 2.98078e-51, 

52.6944, 109, 0, 1.62185e-50, 

52.6944, 110, 0, 8.45591e-50, 

52.6944, 111, 0, 4.17035e-49, 

52.6944, 112, 0, 1.91655e-48, 

52.6944, 113, 0, 8.06306e-48, 

52.6944, 114, 0, 3.03993e-47, 

52.6944, 115, 0, 1.00032e-46, 

52.6944, 116, 0, 2.77526e-46, 

52.6944, 117, 0, 6.17795e-46, 

52.6944, 118, 0, 1.01524e-45, 

52.6944, 119, 0, 1.01524e-45, 

55.3292, 0, 0, 5.21899e-43, 

55.3292, 1, 0, 5.21899e-43, 

55.3292, 2, 0, 3.23506e-43, 

55.3292, 3, 0, 1.481e-43, 

55.3292, 4, 0, 5.40274e-44, 

55.3292, 5, 0, 1.64319e-44, 

55.3292, 6, 0, 4.3005e-45, 

55.3292, 7, 0, 9.92433e-46, 

55.3292, 8, 0, 2.06011e-46, 

55.3292, 9, 0, 3.91218e-47, 

55.3292, 10, 0, 6.89659e-48, 

55.3292, 11, 0, 1.14311e-48, 

55.3292, 12, 0, 1.80155e-49, 

55.3292, 13, 0, 2.72633e-50, 

55.3292, 14, 0, 3.99575e-51, 

55.3292, 15, 0, 5.71359e-52, 

55.3292, 16, 0, 8.02127e-53, 

55.3292, 17, 0, 1.11151e-53, 

55.3292, 18, 0, 1.5271e-54, 

55.3292, 19, 0, 2.08821e-55, 

55.3292, 20, 0, 2.852e-56, 

55.3292, 21, 0, 3.90432e-57, 

55.3292, 22, 0, 5.38133e-58, 

55.3292, 23, 0, 7.51792e-59, 

55.3292, 24, 0, 1.07689e-59, 

55.3292, 25, 0, 1.61422e-60, 

55.3292, 26, 0, 2.61836e-61, 

55.3292, 27, 0, 4.80447e-62, 

55.3292, 28, 0, 1.03438e-62, 

55.3292, 29, 0, 2.61999e-63, 

55.3292, 30, 0, 7.56191e-64, 

55.3292, 31, 0, 2.38709e-64, 

55.3292, 32, 0, 7.99231e-65, 

55.3292, 33, 0, 2.78839e-65, 

55.3292, 34, 0, 1.00484e-65, 

55.3292, 35, 0, 3.72551e-66, 

55.3292, 36, 0, 1.41885e-66, 

55.3292, 37, 0, 5.54737e-67, 

55.3292, 38, 0, 2.22577e-67, 

55.3292, 39, 0, 9.15929e-68, 

55.3292, 40, 0, 3.8615e-68, 

55.3292, 41, 0, 1.66476e-68, 

55.3292, 42, 0, 7.31874e-69, 

55.3292, 43, 0, 3.26861e-69, 

55.3292, 44, 0, 1.476e-69, 

55.3292, 45, 0, 6.70301e-70, 

55.3292, 46, 0, 3.04423e-70, 

55.3292, 47, 0, 1.37541e-70, 

55.3292, 48, 0, 6.15638e-71, 

55.3292, 49, 0, 2.72359e-71, 

55.3292, 50, 0, 1.19128e-71, 

55.3292, 51, 0, 5.17129e-72, 

55.3292, 52, 0, 2.24626e-72, 

55.3292, 53, 0, 9.89521e-73, 

55.3292, 54, 0, 4.50408e-73, 

55.3292, 55, 0, 2.1657e-73, 

55.3292, 56, 0, 1.12357e-73, 

55.3292, 57, 0, 6.39254e-74, 

55.3292, 58, 0, 4.05323e-74, 

55.3292, 59, 0, 2.97842e-74, 

55.3292, 60, 0, 2.78811e-74, 

55.3292, 61, 0, 3.69684e-74, 

55.3292, 62, 0, 6.73839e-74, 

55.3292, 63, 0, 1.46709e-73, 

55.3292, 64, 0, 3.43486e-73, 

55.3292, 65, 0, 8.26785e-73, 

55.3292, 66, 0, 2.0166e-72, 

55.3292, 67, 0, 4.96797e-72, 

55.3292, 68, 0, 1.23623e-71, 

55.3292, 69, 0, 3.10819e-71, 

55.3292, 70, 0, 7.89032e-71, 

55.3292, 71, 0, 2.01828e-70, 

55.3292, 72, 0, 5.1853e-70, 

55.3292, 73, 0, 1.33278e-69, 

55.3292, 74, 0, 3.41285e-69, 

55.3292, 75, 0, 8.67312e-69, 

55.3292, 76, 0, 2.1805e-68, 

55.3292, 77, 0, 5.41136e-68, 

55.3292, 78, 0, 1.32408e-67, 

55.3292, 79, 0, 3.19356e-67, 

55.3292, 80, 0, 7.59641e-67, 

55.3292, 81, 0, 1.78375e-66, 

55.3292, 82, 0, 4.1397e-66, 

55.3292, 83, 0, 9.50697e-66, 

55.3292, 84, 0, 2.16304e-65, 

55.3292, 85, 0, 4.88139e-65, 

55.3292, 86, 0, 1.09407e-64, 

55.3292, 87, 0, 2.43934e-64, 

55.3292, 88, 0, 5.4221e-64, 

55.3292, 89, 0, 1.205e-63, 

55.3292, 90, 0, 2.68766e-63, 

55.3292, 91, 0, 6.04581e-63, 

55.3292, 92, 0, 1.38047e-62, 

55.3292, 93, 0, 3.2285e-62, 

55.3292, 94, 0, 7.83966e-62, 

55.3292, 95, 0, 2.02019e-61, 

55.3292, 96, 0, 5.712e-61, 

55.3292, 97, 0, 1.84735e-60, 

55.3292, 98, 0, 7.04964e-60, 

55.3292, 99, 0, 3.16447e-59, 

55.3292, 100, 0, 1.61174e-58, 

55.3292, 101, 0, 8.90909e-58, 

55.3292, 102, 0, 5.16051e-57, 

55.3292, 103, 0, 3.06116e-56, 

55.3292, 104, 0, 1.83242e-55, 

55.3292, 105, 0, 1.09561e-54, 

55.3292, 106, 0, 6.4889e-54, 

55.3292, 107, 0, 3.77725e-53, 

55.3292, 108, 0, 2.14333e-52, 

55.3292, 109, 0, 1.17464e-51, 

55.3292, 110, 0, 6.15174e-51, 

55.3292, 111, 0, 3.04065e-50, 

55.3292, 112, 0, 1.39784e-49, 

55.3292, 113, 0, 5.87382e-49, 

55.3292, 114, 0, 2.20931e-48, 

55.3292, 115, 0, 7.24658e-48, 

55.3292, 116, 0, 2.00307e-47, 

55.3292, 117, 0, 4.44256e-47, 

55.3292, 118, 0, 7.27933e-47, 

55.3292, 119, 0, 7.27933e-47, 

57.9639, 0, 0, 4.16676e-44, 

57.9639, 1, 0, 4.16676e-44, 

57.9639, 2, 0, 2.58927e-44, 

57.9639, 3, 0, 1.18985e-44, 

57.9639, 4, 0, 4.36106e-45, 

57.9639, 5, 0, 1.33359e-45, 

57.9639, 6, 0, 3.51134e-46, 

57.9639, 7, 0, 8.15626e-47, 

57.9639, 8, 0, 1.70486e-47, 

57.9639, 9, 0, 3.261e-48, 

57.9639, 10, 0, 5.79121e-49, 

57.9639, 11, 0, 9.67008e-50, 

57.9639, 12, 0, 1.53508e-50, 

57.9639, 13, 0, 2.33914e-51, 

57.9639, 14, 0, 3.45001e-52, 

57.9639, 15, 0, 4.96046e-53, 

57.9639, 16, 0, 6.99469e-54, 

57.9639, 17, 0, 9.7213e-55, 

57.9639, 18, 0, 1.33708e-55, 

57.9639, 19, 0, 1.82601e-56, 

57.9639, 20, 0, 2.48276e-57, 

57.9639, 21, 0, 3.36876e-58, 

57.9639, 22, 0, 4.57226e-59, 

57.9639, 23, 0, 6.22593e-60, 

57.9639, 24, 0, 8.54519e-61, 

57.9639, 25, 0, 1.19233e-61, 

57.9639, 26, 0, 1.71927e-62, 

57.9639, 27, 0, 2.64014e-63, 

57.9639, 28, 0, 4.52536e-64, 

57.9639, 29, 0, 9.11106e-65, 

57.9639, 30, 0, 2.2012e-65, 

57.9639, 31, 0, 6.2194e-66, 

57.9639, 32, 0, 1.95959e-66, 

57.9639, 33, 0, 6.6214e-67, 

57.9639, 34, 0, 2.34564e-67, 

57.9639, 35, 0, 8.61666e-68, 

57.9639, 36, 0, 3.26666e-68, 

57.9639, 37, 0, 1.27549e-68, 

57.9639, 38, 0, 5.12388e-69, 

57.9639, 39, 0, 2.11553e-69, 

57.9639, 40, 0, 8.96348e-70, 

57.9639, 41, 0, 3.88834e-70, 

57.9639, 42, 0, 1.72125e-70, 

57.9639, 43, 0, 7.7417e-71, 

57.9639, 44, 0, 3.51937e-71, 

57.9639, 45, 0, 1.60767e-71, 

57.9639, 46, 0, 7.33588e-72, 

57.9639, 47, 0, 3.32568e-72, 

57.9639, 48, 0, 1.49166e-72, 

57.9639, 49, 0, 6.60503e-73, 

57.9639, 50, 0, 2.88901e-73, 

57.9639, 51, 0, 1.25343e-73, 

57.9639, 52, 0, 5.44084e-74, 

57.9639, 53, 0, 2.39583e-74, 

57.9639, 54, 0, 1.09087e-74, 

57.9639, 55, 0, 5.25325e-75, 

57.9639, 56, 0, 2.73433e-75, 

57.9639, 57, 0, 1.56437e-75, 

57.9639, 58, 0, 1.0004e-75, 

57.9639, 59, 0, 7.44696e-76, 

57.9639, 60, 0, 7.10481e-76, 

57.9639, 61, 0, 9.62805e-76, 

57.9639, 62, 0, 1.78576e-75, 

57.9639, 63, 0, 3.93484e-75, 

57.9639, 64, 0, 9.29885e-75, 

57.9639, 65, 0, 2.25783e-74, 

57.9639, 66, 0, 5.55707e-74, 

57.9639, 67, 0, 1.38248e-73, 

57.9639, 68, 0, 3.47677e-73, 

57.9639, 69, 0, 8.83903e-73, 

57.9639, 70, 0, 2.26899e-72, 

57.9639, 71, 0, 5.86568e-72, 

57.9639, 72, 0, 1.52123e-71, 

57.9639, 73, 0, 3.93996e-71, 

57.9639, 74, 0, 1.01439e-70, 

57.9639, 75, 0, 2.58536e-70, 

57.9639, 76, 0, 6.50138e-70, 

57.9639, 77, 0, 1.60955e-69, 

57.9639, 78, 0, 3.91898e-69, 

57.9639, 79, 0, 9.38457e-69, 

57.9639, 80, 0, 2.21203e-68, 

57.9639, 81, 0, 5.13911e-68, 

57.9639, 82, 0, 1.17869e-67, 

57.9639, 83, 0, 2.67314e-67, 

57.9639, 84, 0, 6.00385e-67, 

57.9639, 85, 0, 1.33745e-66, 

57.9639, 86, 0, 2.95981e-66, 

57.9639, 87, 0, 6.5198e-66, 

57.9639, 88, 0, 1.43314e-65, 

57.9639, 89, 0, 3.15437e-65, 

57.9639, 90, 0, 6.98453e-65, 

57.9639, 91, 0, 1.56619e-64, 

57.9639, 92, 0, 3.59268e-64, 

57.9639, 93, 0, 8.57302e-64, 

57.9639, 94, 0, 2.19049e-63, 

57.9639, 95, 0, 6.27372e-63, 

57.9639, 96, 0, 2.12501e-62, 

57.9639, 97, 0, 8.75045e-62, 

57.9639, 98, 0, 4.27387e-61, 

57.9639, 99, 0, 2.34254e-60, 

57.9639, 100, 0, 1.37074e-59, 

57.9639, 101, 0, 8.29194e-59, 

57.9639, 102, 0, 5.09016e-58, 

57.9639, 103, 0, 3.13605e-57, 

57.9639, 104, 0, 1.92466e-56, 

57.9639, 105, 0, 1.1695e-55, 

57.9639, 106, 0, 6.99493e-55, 

57.9639, 107, 0, 4.09244e-54, 

57.9639, 108, 0, 2.32529e-53, 

57.9639, 109, 0, 1.27233e-52, 

57.9639, 110, 0, 6.63734e-52, 

57.9639, 111, 0, 3.26201e-51, 

57.9639, 112, 0, 1.48907e-50, 

57.9639, 113, 0, 6.20763e-50, 

57.9639, 114, 0, 2.31522e-49, 

57.9639, 115, 0, 7.52966e-49, 

57.9639, 116, 0, 2.06463e-48, 

57.9639, 117, 0, 4.54742e-48, 

57.9639, 118, 0, 7.41577e-48, 

57.9639, 119, 0, 7.41577e-48, 

60.5986, 0, 0, 3.38267e-45, 

60.5986, 1, 0, 3.38267e-45, 

60.5986, 2, 0, 2.10746e-45, 

60.5986, 3, 0, 9.72328e-46, 

60.5986, 4, 0, 3.5819e-46, 

60.5986, 5, 0, 1.10189e-46, 

60.5986, 6, 0, 2.92095e-47, 

60.5986, 7, 0, 6.83573e-48, 

60.5986, 8, 0, 1.44043e-48, 

60.5986, 9, 0, 2.779e-49, 

60.5986, 10, 0, 4.97989e-50, 

60.5986, 11, 0, 8.39301e-51, 

60.5986, 12, 0, 1.34498e-51, 

60.5986, 13, 0, 2.06884e-52, 

60.5986, 14, 0, 3.07957e-53, 

60.5986, 15, 0, 4.46693e-54, 

60.5986, 16, 0, 6.35039e-55, 

60.5986, 17, 0, 8.89043e-56, 

60.5986, 18, 0, 1.23036e-56, 

60.5986, 19, 0, 1.6882e-57, 

60.5986, 20, 0, 2.30202e-58, 

60.5986, 21, 0, 3.12511e-59, 

60.5986, 22, 0, 4.23004e-60, 

60.5986, 23, 0, 5.71709e-61, 

60.5986, 24, 0, 7.72973e-62, 

60.5986, 25, 0, 1.04866e-62, 

60.5986, 26, 0, 1.43593e-63, 

60.5986, 27, 0, 2.00832e-64, 

60.5986, 28, 0, 2.93859e-65, 

60.5986, 29, 0, 4.69743e-66, 

60.5986, 30, 0, 8.71198e-67, 

60.5986, 31, 0, 1.96291e-67, 

60.5986, 32, 0, 5.33465e-68, 

60.5986, 33, 0, 1.6638e-68, 

60.5986, 34, 0, 5.66431e-69, 

60.5986, 35, 0, 2.04094e-69, 

60.5986, 36, 0, 7.66689e-70, 

60.5986, 37, 0, 2.9829e-70, 

60.5986, 38, 0, 1.19829e-70, 

60.5986, 39, 0, 4.9604e-71, 

60.5986, 40, 0, 2.11143e-71, 

60.5986, 41, 0, 9.21488e-72, 

60.5986, 42, 0, 4.10745e-72, 

60.5986, 43, 0, 1.86075e-72, 

60.5986, 44, 0, 8.51756e-73, 

60.5986, 45, 0, 3.91478e-73, 

60.5986, 46, 0, 1.79527e-73, 

60.5986, 47, 0, 8.16853e-74, 

60.5986, 48, 0, 3.67221e-74, 

60.5986, 49, 0, 1.62778e-74, 

60.5986, 50, 0, 7.12057e-75, 

60.5986, 51, 0, 3.08776e-75, 

60.5986, 52, 0, 1.33934e-75, 

60.5986, 53, 0, 5.89456e-76, 

60.5986, 54, 0, 2.68434e-76, 

60.5986, 55, 0, 1.29451e-76, 

60.5986, 56, 0, 6.76015e-77, 

60.5986, 57, 0, 3.89018e-77, 

60.5986, 58, 0, 2.51069e-77, 

60.5986, 59, 0, 1.89585e-77, 

60.5986, 60, 0, 1.84742e-77, 

60.5986, 61, 0, 2.56436e-77, 

60.5986, 62, 0, 4.84721e-77, 

60.5986, 63, 0, 1.08219e-76, 

60.5986, 64, 0, 2.58445e-76, 

60.5986, 65, 0, 6.33834e-76, 

60.5986, 66, 0, 1.57644e-75, 

60.5986, 67, 0, 3.96613e-75, 

60.5986, 68, 0, 1.00935e-74, 

60.5986, 69, 0, 2.59739e-74, 

60.5986, 70, 0, 6.74652e-74, 

60.5986, 71, 0, 1.76291e-73, 

60.5986, 72, 0, 4.61361e-73, 

60.5986, 73, 0, 1.20312e-72, 

60.5986, 74, 0, 3.11067e-72, 

60.5986, 75, 0, 7.93918e-72, 

60.5986, 76, 0, 1.99349e-71, 

60.5986, 77, 0, 4.91428e-71, 

60.5986, 78, 0, 1.18838e-70, 

60.5986, 79, 0, 2.81999e-70, 

60.5986, 80, 0, 6.57459e-70, 

60.5986, 81, 0, 1.50867e-69, 

60.5986, 82, 0, 3.41438e-69, 

60.5986, 83, 0, 7.63716e-69, 

60.5986, 84, 0, 1.69182e-68, 

60.5986, 85, 0, 3.72e-68, 

60.5986, 86, 0, 8.14228e-68, 

60.5986, 87, 0, 1.78245e-67, 

60.5986, 88, 0, 3.93929e-67, 

60.5986, 89, 0, 8.96833e-67, 

60.5986, 90, 0, 2.19493e-66, 

60.5986, 91, 0, 6.22154e-66, 

60.5986, 92, 0, 2.20972e-65, 

60.5986, 93, 0, 9.9347e-65, 

60.5986, 94, 0, 5.27779e-64, 

60.5986, 95, 0, 3.06831e-63, 

60.5986, 96, 0, 1.86342e-62, 

60.5986, 97, 0, 1.15608e-61, 

60.5986, 98, 0, 7.25019e-61, 

60.5986, 99, 0, 4.56982e-60, 

60.5986, 100, 0, 2.88363e-59, 

60.5986, 101, 0, 1.81575e-58, 

60.5986, 102, 0, 1.1374e-57, 

60.5986, 103, 0, 7.06584e-57, 

60.5986, 104, 0, 4.33863e-56, 

60.5986, 105, 0, 2.62327e-55, 

60.5986, 106, 0, 1.55495e-54, 

60.5986, 107, 0, 8.98796e-54, 

60.5986, 108, 0, 5.03351e-53, 

60.5986, 109, 0, 2.70975e-52, 

60.5986, 110, 0, 1.389e-51, 

60.5986, 111, 0, 6.70221e-51, 

60.5986, 112, 0, 3.00274e-50, 

60.5986, 113, 0, 1.22869e-49, 

60.5986, 114, 0, 4.50083e-49, 

60.5986, 115, 0, 1.43939e-48, 

60.5986, 116, 0, 3.88848e-48, 

60.5986, 117, 0, 8.46238e-48, 

60.5986, 118, 0, 1.36954e-47, 

60.5986, 119, 0, 1.36954e-47, 

63.2333, 0, 0, 2.82967e-46, 

63.2333, 1, 0, 2.82967e-46, 

63.2333, 2, 0, 1.76798e-46, 

63.2333, 3, 0, 8.19376e-47, 

63.2333, 4, 0, 3.0359e-47, 

63.2333, 5, 0, 9.40351e-48, 

63.2333, 6, 0, 2.5124e-48, 

63.2333, 7, 0, 5.93134e-49, 

63.2333, 8, 0, 1.26189e-49, 

63.2333, 9, 0, 2.45981e-50, 

63.2333, 10, 0, 4.45652e-51, 

63.2333, 11, 0, 7.59776e-52, 

63.2333, 12, 0, 1.23212e-52, 

63.2333, 13, 0, 1.91843e-53, 

63.2333, 14, 0, 2.89095e-54, 

63.2333, 15, 0, 4.24496e-55, 

63.2333, 16, 0, 6.10785e-56, 

63.2333, 17, 0, 8.6512e-57, 

63.2333, 18, 0, 1.21067e-57, 

63.2333, 19, 0, 1.67866e-58, 

63.2333, 20, 0, 2.31113e-59, 

63.2333, 21, 0, 3.16447e-60, 

63.2333, 22, 0, 4.31429e-61, 

63.2333, 23, 0, 5.86215e-62, 

63.2333, 24, 0, 7.94563e-63, 

63.2333, 25, 0, 1.0755e-63, 

63.2333, 26, 0, 1.45646e-64, 

63.2333, 27, 0, 1.98037e-65, 

63.2333, 28, 0, 2.72396e-66, 

63.2333, 29, 0, 3.85098e-67, 

63.2333, 30, 0, 5.78005e-68, 

63.2333, 31, 0, 9.74415e-69, 

63.2333, 32, 0, 1.97399e-69, 

63.2333, 33, 0, 4.95719e-70, 

63.2333, 34, 0, 1.49182e-70, 

63.2333, 35, 0, 5.06316e-71, 

63.2333, 36, 0, 1.85168e-71, 

63.2333, 37, 0, 7.12432e-72, 

63.2333, 38, 0, 2.85219e-72, 

63.2333, 39, 0, 1.18176e-72, 

63.2333, 40, 0, 5.04878e-73, 

63.2333, 41, 0, 2.2157e-73, 

63.2333, 42, 0, 9.94278e-74, 

63.2333, 43, 0, 4.53688e-74, 

63.2333, 44, 0, 2.09158e-74, 

63.2333, 45, 0, 9.67569e-75, 

63.2333, 46, 0, 4.46144e-75, 

63.2333, 47, 0, 2.03851e-75, 

63.2333, 48, 0, 9.1907e-76, 

63.2333, 49, 0, 4.08071e-76, 

63.2333, 50, 0, 1.78624e-76, 

63.2333, 51, 0, 7.74548e-77, 

63.2333, 52, 0, 3.35838e-77, 

63.2333, 53, 0, 1.47759e-77, 

63.2333, 54, 0, 6.73058e-78, 

63.2333, 55, 0, 3.25047e-78, 

63.2333, 56, 0, 1.70314e-78, 

63.2333, 57, 0, 9.86004e-79, 

63.2333, 58, 0, 6.42593e-79, 

63.2333, 59, 0, 4.92837e-79, 

63.2333, 60, 0, 4.91556e-79, 

63.2333, 61, 0, 7.00368e-79, 

63.2333, 62, 0, 1.35104e-78, 

63.2333, 63, 0, 3.05944e-78, 

63.2333, 64, 0, 7.39175e-78, 

63.2333, 65, 0, 1.83337e-77, 

63.2333, 66, 0, 4.61418e-77, 

63.2333, 67, 0, 1.17558e-76, 

63.2333, 68, 0, 3.0311e-76, 

63.2333, 69, 0, 7.902e-76, 

63.2333, 70, 0, 2.07767e-75, 

63.2333, 71, 0, 5.48737e-75, 

63.2333, 72, 0, 1.44834e-74, 

63.2333, 73, 0, 3.79908e-74, 

63.2333, 74, 0, 9.85109e-74, 

63.2333, 75, 0, 2.51381e-73, 

63.2333, 76, 0, 6.29208e-73, 

63.2333, 77, 0, 1.54192e-72, 

63.2333, 78, 0, 3.69805e-72, 

63.2333, 79, 0, 8.68963e-72, 

63.2333, 80, 0, 2.00562e-71, 

63.2333, 81, 0, 4.56688e-71, 

63.2333, 82, 0, 1.03385e-70, 

63.2333, 83, 0, 2.36199e-70, 

63.2333, 84, 0, 5.61703e-70, 

63.2333, 85, 0, 1.47388e-69, 

63.2333, 86, 0, 4.61964e-69, 

63.2333, 87, 0, 1.8113e-68, 

63.2333, 88, 0, 8.58158e-68, 

63.2333, 89, 0, 4.56357e-67, 

63.2333, 90, 0, 2.57654e-66, 

63.2333, 91, 0, 1.50136e-65, 

63.2333, 92, 0, 8.92037e-65, 

63.2333, 93, 0, 5.37706e-64, 

63.2333, 94, 0, 3.28035e-63, 

63.2333, 95, 0, 2.022e-62, 

63.2333, 96, 0, 1.25724e-61, 

63.2333, 97, 0, 7.87086e-61, 

63.2333, 98, 0, 4.95066e-60, 

63.2333, 99, 0, 3.12109e-59, 

63.2333, 100, 0, 1.96713e-58, 

63.2333, 101, 0, 1.23613e-57, 

63.2333, 102, 0, 7.72247e-57, 

63.2333, 103, 0, 4.78173e-56, 

63.2333, 104, 0, 2.92485e-55, 

63.2333, 105, 0, 1.76064e-54, 

63.2333, 106, 0, 1.0384e-53, 

63.2333, 107, 0, 5.96861e-53, 

63.2333, 108, 0, 3.32205e-52, 

63.2333, 109, 0, 1.77651e-51, 

63.2333, 110, 0, 9.04182e-51, 

63.2333, 111, 0, 4.33054e-50, 

63.2333, 112, 0, 1.92541e-49, 

63.2333, 113, 0, 7.81821e-49, 

63.2333, 114, 0, 2.84228e-48, 

63.2333, 115, 0, 9.02436e-48, 

63.2333, 116, 0, 2.42191e-47, 

63.2333, 117, 0, 5.24164e-47, 

63.2333, 118, 0, 8.45124e-47, 

63.2333, 119, 0, 8.45124e-47, 

65.868, 0, 0, 5.41286e-47, 

65.868, 1, 0, 5.41286e-47, 

65.868, 2, 0, 3.40679e-47, 

65.868, 3, 0, 1.59873e-47, 

65.868, 4, 0, 6.0244e-48, 

65.868, 5, 0, 1.9054e-48, 

65.868, 6, 0, 5.21788e-49, 

65.868, 7, 0, 1.26723e-49, 

65.868, 8, 0, 2.78346e-50, 

65.868, 9, 0, 5.62196e-51, 

65.868, 10, 0, 1.05918e-51, 

65.868, 11, 0, 1.88462e-52, 

65.868, 12, 0, 3.20138e-53, 

65.868, 13, 0, 5.24035e-54, 

65.868, 14, 0, 8.33207e-55, 

65.868, 15, 0, 1.29546e-55, 

65.868, 16, 0, 1.98045e-56, 

65.868, 17, 0, 2.99017e-57, 

65.868, 18, 0, 4.47418e-58, 

65.868, 19, 0, 6.65173e-59, 

65.868, 20, 0, 9.84383e-60, 

65.868, 21, 0, 1.45193e-60, 

65.868, 22, 0, 2.13614e-61, 

65.868, 23, 0, 3.1363e-62, 

65.868, 24, 0, 4.59641e-63, 

65.868, 25, 0, 6.72504e-64, 

65.868, 26, 0, 9.82416e-65, 

65.868, 27, 0, 1.43318e-65, 

65.868, 28, 0, 2.08869e-66, 

65.868, 29, 0, 3.04316e-67, 

65.868, 30, 0, 4.43893e-68, 

65.868, 31, 0, 6.50109e-69, 

65.868, 32, 0, 9.61809e-70, 

65.868, 33, 0, 1.45656e-70, 

65.868, 34, 0, 2.32295e-71, 

65.868, 35, 0, 4.11999e-72, 

65.868, 36, 0, 8.77701e-73, 

65.868, 37, 0, 2.36491e-73, 

65.868, 38, 0, 7.86296e-74, 

65.868, 39, 0, 3.0076e-74, 

65.868, 40, 0, 1.24845e-74, 

65.868, 41, 0, 5.44116e-75, 

65.868, 42, 0, 2.44664e-75, 

65.868, 43, 0, 1.12262e-75, 

65.868, 44, 0, 5.21032e-76, 

65.868, 45, 0, 2.42647e-76, 

65.868, 46, 0, 1.12557e-76, 

65.868, 47, 0, 5.16852e-77, 

65.868, 48, 0, 2.33909e-77, 

65.868, 49, 0, 1.04132e-77, 

65.868, 50, 0, 4.56561e-78, 

65.868, 51, 0, 1.98148e-78, 

65.868, 52, 0, 8.59515e-79, 

65.868, 53, 0, 3.78286e-79, 

65.868, 54, 0, 1.72437e-79, 

65.868, 55, 0, 8.34241e-80, 

65.868, 56, 0, 4.38714e-80, 

65.868, 57, 0, 2.55646e-80, 

65.868, 58, 0, 1.68412e-80, 

65.868, 59, 0, 1.31464e-80, 

65.868, 60, 0, 1.34632e-80, 

65.868, 61, 0, 1.97381e-80, 

65.868, 62, 0, 3.889e-80, 

65.868, 63, 0, 8.93415e-80, 

65.868, 64, 0, 2.1843e-79, 

65.868, 65, 0, 5.48204e-79, 

65.868, 66, 0, 1.3972e-78, 

65.868, 67, 0, 3.60786e-78, 

65.868, 68, 0, 9.43217e-78, 

65.868, 69, 0, 2.49262e-77, 

65.868, 70, 0, 6.63735e-77, 

65.868, 71, 0, 1.77267e-76, 

65.868, 72, 0, 4.7232e-76, 

65.868, 73, 0, 1.24903e-75, 

65.868, 74, 0, 3.26543e-75, 

65.868, 75, 0, 8.43011e-75, 

65.868, 76, 0, 2.15722e-74, 

65.868, 77, 0, 5.54077e-74, 

65.868, 78, 0, 1.46741e-73, 

65.868, 79, 0, 4.19304e-73, 

65.868, 80, 0, 1.36415e-72, 

65.868, 81, 0, 5.2074e-72, 

65.868, 82, 0, 2.29332e-71, 

65.868, 83, 0, 1.11484e-70, 

65.868, 84, 0, 5.75096e-70, 

65.868, 85, 0, 3.07397e-69, 

65.868, 86, 0, 1.68224e-68, 

65.868, 87, 0, 9.37295e-68, 

65.868, 88, 0, 5.3031e-67, 

65.868, 89, 0, 3.0429e-66, 

65.868, 90, 0, 1.76944e-65, 

65.868, 91, 0, 1.04223e-64, 

65.868, 92, 0, 6.21531e-64, 

65.868, 93, 0, 3.75048e-63, 

65.868, 94, 0, 2.28814e-62, 

65.868, 95, 0, 1.40981e-61, 

65.868, 96, 0, 8.75961e-61, 

65.868, 97, 0, 5.47845e-60, 

65.868, 98, 0, 3.4415e-59, 

65.868, 99, 0, 2.16624e-58, 

65.868, 100, 0, 1.36271e-57, 

65.868, 101, 0, 8.54354e-57, 

65.868, 102, 0, 5.32286e-56, 

65.868, 103, 0, 3.28535e-55, 

65.868, 104, 0, 2.00207e-54, 

65.868, 105, 0, 1.2e-53, 

65.868, 106, 0, 7.04291e-53, 

65.868, 107, 0, 4.02613e-52, 

65.868, 108, 0, 2.22741e-51, 

65.868, 109, 0, 1.18336e-50, 

65.868, 110, 0, 5.98095e-50, 

65.868, 111, 0, 2.84362e-49, 

65.868, 112, 0, 1.25479e-48, 

65.868, 113, 0, 5.0564e-48, 

65.868, 114, 0, 1.82445e-47, 

65.868, 115, 0, 5.75113e-47, 

65.868, 116, 0, 1.5333e-46, 

65.868, 117, 0, 3.30001e-46, 

65.868, 118, 0, 5.30041e-46, 

65.868, 119, 0, 5.30041e-46, 

68.5028, 0, 0, 2.3643e-46, 

68.5028, 1, 0, 2.3643e-46, 

68.5028, 2, 0, 1.49947e-46, 

68.5028, 3, 0, 7.12729e-47, 

68.5028, 4, 0, 2.7316e-47, 

68.5028, 5, 0, 8.81818e-48, 

68.5028, 6, 0, 2.47239e-48, 

68.5028, 7, 0, 6.16449e-49, 

68.5028, 8, 0, 1.39347e-49, 

68.5028, 9, 0, 2.90261e-50, 

68.5028, 10, 0, 5.64994e-51, 

68.5028, 11, 0, 1.04018e-51, 

68.5028, 12, 0, 1.83028e-52, 

68.5028, 13, 0, 3.10558e-53, 

68.5028, 14, 0, 5.11992e-54, 

68.5028, 15, 0, 8.25269e-55, 

68.5028, 16, 0, 1.30721e-55, 

68.5028, 17, 0, 2.04295e-56, 

68.5028, 18, 0, 3.15991e-57, 

68.5028, 19, 0, 4.84835e-58, 

68.5028, 20, 0, 7.39164e-59, 

68.5028, 21, 0, 1.12104e-59, 

68.5028, 22, 0, 1.69272e-60, 

68.5028, 23, 0, 2.54606e-61, 

68.5028, 24, 0, 3.81625e-62, 

68.5028, 25, 0, 5.70179e-63, 

68.5028, 26, 0, 8.49362e-64, 

68.5028, 27, 0, 1.26179e-64, 

68.5028, 28, 0, 1.86988e-65, 

68.5028, 29, 0, 2.76528e-66, 

68.5028, 30, 0, 4.08301e-67, 

68.5028, 31, 0, 6.02334e-68, 

68.5028, 32, 0, 8.88595e-69, 

68.5028, 33, 0, 1.31247e-69, 

68.5028, 34, 0, 1.94369e-70, 

68.5028, 35, 0, 2.89141e-71, 

68.5028, 36, 0, 4.33068e-72, 

68.5028, 37, 0, 6.55289e-73, 

68.5028, 38, 0, 1.0077e-73, 

68.5028, 39, 0, 1.59526e-74, 

68.5028, 40, 0, 2.67943e-75, 

68.5028, 41, 0, 5.09585e-76, 

68.5028, 42, 0, 1.21033e-76, 

68.5028, 43, 0, 3.79221e-77, 

68.5028, 44, 0, 1.47706e-77, 

68.5028, 45, 0, 6.44182e-78, 

68.5028, 46, 0, 2.9284e-78, 

68.5028, 47, 0, 1.33981e-78, 

68.5028, 48, 0, 6.07577e-79, 

68.5028, 49, 0, 2.71603e-79, 

68.5028, 50, 0, 1.19785e-79, 

68.5028, 51, 0, 5.24651e-80, 

68.5028, 52, 0, 2.31282e-80, 

68.5028, 53, 0, 1.04883e-80, 

68.5028, 54, 0, 5.04944e-81, 

68.5028, 55, 0, 2.68388e-81, 

68.5028, 56, 0, 1.6395e-81, 

68.5028, 57, 0, 1.19225e-81, 

68.5028, 58, 0, 1.06492e-81, 

68.5028, 59, 0, 1.19549e-81, 

68.5028, 60, 0, 1.67182e-81, 

68.5028, 61, 0, 2.76876e-81, 

68.5028, 62, 0, 5.09858e-81, 

68.5028, 63, 0, 9.96781e-81, 

68.5028, 64, 0, 2.01966e-80, 

68.5028, 65, 0, 4.20676e-80, 

68.5028, 66, 0, 9.02133e-80, 

68.5028, 67, 0, 2.00647e-79, 

68.5028, 68, 0, 4.68029e-79, 

68.5028, 69, 0, 1.16121e-78, 

68.5028, 70, 0, 3.11628e-78, 

68.5028, 71, 0, 9.21268e-78, 

68.5028, 72, 0, 3.04505e-77, 

68.5028, 73, 0, 1.12854e-76, 

68.5028, 74, 0, 4.62518e-76, 

68.5028, 75, 0, 2.04388e-75, 

68.5028, 76, 0, 9.4901e-75, 

68.5028, 77, 0, 4.54168e-74, 

68.5028, 78, 0, 2.215e-73, 

68.5028, 79, 0, 1.09519e-72, 

68.5028, 80, 0, 5.48223e-72, 

68.5028, 81, 0, 2.77967e-71, 

68.5028, 82, 0, 1.42922e-70, 

68.5028, 83, 0, 7.46019e-70, 

68.5028, 84, 0, 3.95603e-69, 

68.5028, 85, 0, 2.13176e-68, 

68.5028, 86, 0, 1.16716e-67, 

68.5028, 87, 0, 6.49024e-67, 

68.5028, 88, 0, 3.66354e-66, 

68.5028, 89, 0, 2.09801e-65, 

68.5028, 90, 0, 1.21827e-64, 

68.5028, 91, 0, 7.16927e-64, 

68.5028, 92, 0, 4.27309e-63, 

68.5028, 93, 0, 2.57771e-62, 

68.5028, 94, 0, 1.57231e-61, 

68.5028, 95, 0, 9.68542e-61, 

68.5028, 96, 0, 6.01583e-60, 

68.5028, 97, 0, 3.76045e-59, 

68.5028, 98, 0, 2.36044e-58, 

68.5028, 99, 0, 1.48416e-57, 

68.5028, 100, 0, 9.32284e-57, 

68.5028, 101, 0, 5.83403e-56, 

68.5028, 102, 0, 3.62621e-55, 

68.5028, 103, 0, 2.23169e-54, 

68.5028, 104, 0, 1.35524e-53, 

68.5028, 105, 0, 8.08967e-53, 

68.5028, 106, 0, 4.72531e-52, 

68.5028, 107, 0, 2.68663e-51, 

68.5028, 108, 0, 1.47737e-50, 

68.5028, 109, 0, 7.79687e-50, 

68.5028, 110, 0, 3.91264e-49, 

68.5028, 111, 0, 1.84627e-48, 

68.5028, 112, 0, 8.08352e-48, 

68.5028, 113, 0, 3.23167e-47, 

68.5028, 114, 0, 1.15693e-46, 

68.5028, 115, 0, 3.61949e-46, 

68.5028, 116, 0, 9.58308e-46, 

68.5028, 117, 0, 2.05035e-45, 

68.5028, 118, 0, 3.27985e-45, 

68.5028, 119, 0, 3.27985e-45, 

71.1375, 0, 0, 1.78927e-45, 

71.1375, 1, 0, 1.78927e-45, 

71.1375, 2, 0, 1.14036e-45, 

71.1375, 3, 0, 5.46213e-46, 

71.1375, 4, 0, 2.11383e-46, 

71.1375, 5, 0, 6.90164e-47, 

71.1375, 6, 0, 1.95973e-47, 

71.1375, 7, 0, 4.95411e-48, 

71.1375, 8, 0, 1.13643e-48, 

71.1375, 9, 0, 2.40382e-49, 

71.1375, 10, 0, 4.75346e-50, 

71.1375, 11, 0, 8.89216e-51, 

71.1375, 12, 0, 1.58967e-51, 

71.1375, 13, 0, 2.73948e-52, 

71.1375, 14, 0, 4.58405e-53, 

71.1375, 15, 0, 7.4931e-54, 

71.1375, 16, 0, 1.20232e-54, 

71.1375, 17, 0, 1.90109e-55, 

71.1375, 18, 0, 2.97108e-56, 

71.1375, 19, 0, 4.59995e-57, 

71.1375, 20, 0, 7.06763e-58, 

71.1375, 21, 0, 1.07906e-58, 

71.1375, 22, 0, 1.63871e-59, 

71.1375, 23, 0, 2.47731e-60, 

71.1375, 24, 0, 3.73032e-61, 

71.1375, 25, 0, 5.5978e-62, 

71.1375, 26, 0, 8.37482e-63, 

71.1375, 27, 0, 1.24964e-63, 

71.1375, 28, 0, 1.86036e-64, 

71.1375, 29, 0, 2.76431e-65, 

71.1375, 30, 0, 4.10165e-66, 

71.1375, 31, 0, 6.08109e-67, 

71.1375, 32, 0, 9.01591e-68, 

71.1375, 33, 0, 1.33814e-68, 

71.1375, 34, 0, 1.99079e-69, 

71.1375, 35, 0, 2.9735e-70, 

71.1375, 36, 0, 4.46689e-71, 

71.1375, 37, 0, 6.76204e-72, 

71.1375, 38, 0, 1.03358e-72, 

71.1375, 39, 0, 1.5982e-73, 

71.1375, 40, 0, 2.50433e-74, 

71.1375, 41, 0, 3.98275e-75, 

71.1375, 42, 0, 6.43798e-76, 

71.1375, 43, 0, 1.06009e-76, 

71.1375, 44, 0, 1.78751e-77, 

71.1375, 45, 0, 3.13533e-78, 

71.1375, 46, 0, 6.01068e-79, 

71.1375, 47, 0, 1.451e-79, 

71.1375, 48, 0, 5.58241e-80, 

71.1375, 49, 0, 3.51182e-80, 

71.1375, 50, 0, 2.83434e-80, 

71.1375, 51, 0, 2.46715e-80, 

71.1375, 52, 0, 2.18293e-80, 

71.1375, 53, 0, 1.94204e-80, 

71.1375, 54, 0, 1.74883e-80, 

71.1375, 55, 0, 1.61793e-80, 

71.1375, 56, 0, 1.57105e-80, 

71.1375, 57, 0, 1.64728e-80, 

71.1375, 58, 0, 1.92548e-80, 

71.1375, 59, 0, 2.56541e-80, 

71.1375, 60, 0, 3.88205e-80, 

71.1375, 61, 0, 6.47968e-80, 

71.1375, 62, 0, 1.14911e-79, 

71.1375, 63, 0, 2.10002e-79, 

71.1375, 64, 0, 3.87755e-79, 

71.1375, 65, 0, 7.15208e-79, 

71.1375, 66, 0, 1.3098e-78, 

71.1375, 67, 0, 2.37688e-78, 

71.1375, 68, 0, 4.29577e-78, 

71.1375, 69, 0, 7.92208e-78, 

71.1375, 70, 0, 1.59991e-77, 

71.1375, 71, 0, 4.02949e-77, 

71.1375, 72, 0, 1.37745e-76, 

71.1375, 73, 0, 5.91088e-76, 

71.1375, 74, 0, 2.80137e-75, 

71.1375, 75, 0, 1.36654e-74, 

71.1375, 76, 0, 6.69802e-74, 

71.1375, 77, 0, 3.28222e-73, 

71.1375, 78, 0, 1.61018e-72, 

71.1375, 79, 0, 7.93358e-72, 

71.1375, 80, 0, 3.94005e-71, 

71.1375, 81, 0, 1.97872e-70, 

71.1375, 82, 0, 1.00754e-69, 

71.1375, 83, 0, 5.21132e-69, 

71.1375, 84, 0, 2.74111e-68, 

71.1375, 85, 0, 1.46685e-67, 

71.1375, 86, 0, 7.98528e-67, 

71.1375, 87, 0, 4.42029e-66, 

71.1375, 88, 0, 2.48655e-65, 

71.1375, 89, 0, 1.42046e-64, 

71.1375, 90, 0, 8.23452e-64, 

71.1375, 91, 0, 4.8408e-63, 

71.1375, 92, 0, 2.88359e-62, 

71.1375, 93, 0, 1.73902e-61, 

71.1375, 94, 0, 1.06062e-60, 

71.1375, 95, 0, 6.53287e-60, 

71.1375, 96, 0, 4.0571e-59, 

71.1375, 97, 0, 2.53531e-58, 

71.1375, 98, 0, 1.59057e-57, 

71.1375, 99, 0, 9.99275e-57, 

71.1375, 100, 0, 6.26958e-56, 

71.1375, 101, 0, 3.91707e-55, 

71.1375, 102, 0, 2.42961e-54, 

71.1375, 103, 0, 1.4913e-53, 

71.1375, 104, 0, 9.02675e-53, 

71.1375, 105, 0, 5.36712e-52, 

71.1375, 106, 0, 3.12061e-51, 

71.1375, 107, 0, 1.76488e-50, 

71.1375, 108, 0, 9.64718e-50, 

71.1375, 109, 0, 5.05787e-49, 

71.1375, 110, 0, 2.52008e-48, 

71.1375, 111, 0, 1.18017e-47, 

71.1375, 112, 0, 5.12648e-47, 

71.1375, 113, 0, 2.03306e-46, 

71.1375, 114, 0, 7.22024e-46, 

71.1375, 115, 0, 2.24147e-45, 

71.1375, 116, 0, 5.89235e-45, 

71.1375, 117, 0, 1.25303e-44, 

71.1375, 118, 0, 1.99596e-44, 

71.1375, 119, 0, 1.99596e-44, 

73.7722, 0, 0, 1.35931e-44, 

73.7722, 1, 0, 1.35931e-44, 

73.7722, 2, 0, 8.70759e-45, 

73.7722, 3, 0, 4.20355e-45, 

73.7722, 4, 0, 1.64272e-45, 

73.7722, 5, 0, 5.42424e-46, 

73.7722, 6, 0, 1.55954e-46, 

73.7722, 7, 0, 3.9957e-47, 

73.7722, 8, 0, 9.29629e-48, 

73.7722, 9, 0, 1.99533e-48, 

73.7722, 10, 0, 4.00472e-49, 

73.7722, 11, 0, 7.60334e-50, 

73.7722, 12, 0, 1.37915e-50, 

73.7722, 13, 0, 2.41009e-51, 

73.7722, 14, 0, 4.08623e-52, 

73.7722, 15, 0, 6.76077e-53, 

73.7722, 16, 0, 1.09671e-53, 

73.7722, 17, 0, 1.75084e-54, 

73.7722, 18, 0, 2.75898e-55, 

73.7722, 19, 0, 4.30147e-56, 

73.7722, 20, 0, 6.64749e-57, 

73.7722, 21, 0, 1.01982e-57, 

73.7722, 22, 0, 1.55504e-58, 

73.7722, 23, 0, 2.35918e-59, 

73.7722, 24, 0, 3.56415e-60, 

73.7722, 25, 0, 5.36584e-61, 

73.7722, 26, 0, 8.05507e-62, 

73.7722, 27, 0, 1.20633e-62, 

73.7722, 28, 0, 1.80308e-63, 

73.7722, 29, 0, 2.69086e-64, 

73.7722, 30, 0, 4.01134e-65, 

73.7722, 31, 0, 5.97654e-66, 

73.7722, 32, 0, 8.9063e-67, 

73.7722, 33, 0, 1.3288e-67, 

73.7722, 34, 0, 1.98742e-68, 

73.7722, 35, 0, 2.98449e-69, 

73.7722, 36, 0, 4.50809e-70, 

73.7722, 37, 0, 6.86336e-71, 

73.7722, 38, 0, 1.05541e-71, 

73.7722, 39, 0, 1.64266e-72, 

73.7722, 40, 0, 2.59265e-73, 

73.7722, 41, 0, 4.15619e-74, 

73.7722, 42, 0, 6.77511e-75, 

73.7722, 43, 0, 1.12398e-75, 

73.7722, 44, 0, 1.90043e-76, 

73.7722, 45, 0, 3.30601e-77, 

73.7722, 46, 0, 6.29954e-78, 

73.7722, 47, 0, 1.72786e-78, 

73.7722, 48, 0, 9.71548e-79, 

73.7722, 49, 0, 8.49472e-79, 

73.7722, 50, 0, 8.06671e-79, 

73.7722, 51, 0, 7.54523e-79, 

73.7722, 52, 0, 6.89549e-79, 

73.7722, 53, 0, 6.22306e-79, 

73.7722, 54, 0, 5.63136e-79, 

73.7722, 55, 0, 5.2022e-79, 

73.7722, 56, 0, 5.01479e-79, 

73.7722, 57, 0, 5.18725e-79, 

73.7722, 58, 0, 5.94561e-79, 

73.7722, 59, 0, 7.74156e-79, 

73.7722, 60, 0, 1.14607e-78, 

73.7722, 61, 0, 1.87938e-78, 

73.7722, 62, 0, 3.28974e-78, 

73.7722, 63, 0, 5.95564e-78, 

73.7722, 64, 0, 1.09193e-77, 

73.7722, 65, 0, 2.00238e-77, 

73.7722, 66, 0, 3.64543e-77, 

73.7722, 67, 0, 6.55687e-77, 

73.7722, 68, 0, 1.16215e-76, 

73.7722, 69, 0, 2.03627e-76, 

73.7722, 70, 0, 3.60413e-76, 

73.7722, 71, 0, 6.91135e-76, 

73.7722, 72, 0, 1.65108e-75, 

73.7722, 73, 0, 5.43717e-75, 

73.7722, 74, 0, 2.27901e-74, 

73.7722, 75, 0, 1.05896e-73, 

73.7722, 76, 0, 5.06905e-73, 

73.7722, 77, 0, 2.44262e-72, 

73.7722, 78, 0, 1.18052e-71, 

73.7722, 79, 0, 5.73479e-71, 

73.7722, 80, 0, 2.81007e-70, 

73.7722, 81, 0, 1.39366e-69, 

73.7722, 82, 0, 7.01555e-69, 

73.7722, 83, 0, 3.59177e-68, 

73.7722, 84, 0, 1.87248e-67, 

73.7722, 85, 0, 9.94471e-67, 

73.7722, 86, 0, 5.38006e-66, 

73.7722, 87, 0, 2.96336e-65, 

73.7722, 88, 0, 1.66059e-64, 

73.7722, 89, 0, 9.45926e-64, 

73.7722, 90, 0, 5.47254e-63, 

73.7722, 91, 0, 3.21271e-62, 

73.7722, 92, 0, 1.91204e-61, 

73.7722, 93, 0, 1.15242e-60, 

73.7722, 94, 0, 7.02557e-60, 

73.7722, 95, 0, 4.32575e-59, 

73.7722, 96, 0, 2.68522e-58, 

73.7722, 97, 0, 1.67702e-57, 

73.7722, 98, 0, 1.05126e-56, 

73.7722, 99, 0, 6.59732e-56, 

73.7722, 100, 0, 4.13332e-55, 

73.7722, 101, 0, 2.57765e-54, 

73.7722, 102, 0, 1.59514e-53, 

73.7722, 103, 0, 9.76339e-53, 

73.7722, 104, 0, 5.88963e-52, 

73.7722, 105, 0, 3.48776e-51, 

73.7722, 106, 0, 2.0184e-50, 

73.7722, 107, 0, 1.13542e-49, 

73.7722, 108, 0, 6.16925e-49, 

73.7722, 109, 0, 3.21313e-48, 

73.7722, 110, 0, 1.58953e-47, 

73.7722, 111, 0, 7.38761e-47, 

73.7722, 112, 0, 3.18383e-46, 

73.7722, 113, 0, 1.25252e-45, 

73.7722, 114, 0, 4.41268e-45, 

73.7722, 115, 0, 1.35931e-44, 

73.7722, 116, 0, 3.54784e-44, 

73.7722, 117, 0, 7.49855e-44, 

73.7722, 118, 0, 1.18937e-43, 

73.7722, 119, 0, 1.18937e-43, 

76.4069, 0, 0, 1.02349e-43, 

76.4069, 1, 0, 1.02349e-43, 

76.4069, 2, 0, 6.58999e-44, 

76.4069, 3, 0, 3.20604e-44, 

76.4069, 4, 0, 1.26492e-44, 

76.4069, 5, 0, 4.22257e-45, 

76.4069, 6, 0, 1.22867e-45, 

76.4069, 7, 0, 3.18846e-46, 

76.4069, 8, 0, 7.51785e-47, 

76.4069, 9, 0, 1.63584e-47, 

76.4069, 10, 0, 3.32874e-48, 

76.4069, 11, 0, 6.40655e-49, 

76.4069, 12, 0, 1.17751e-49, 

76.4069, 13, 0, 2.08371e-50, 

76.4069, 14, 0, 3.57435e-51, 

76.4069, 15, 0, 5.977e-52, 

76.4069, 16, 0, 9.78766e-53, 

76.4069, 17, 0, 1.57539e-53, 

76.4069, 18, 0, 2.49981e-54, 

76.4069, 19, 0, 3.92e-55, 

76.4069, 20, 0, 6.08691e-56, 

76.4069, 21, 0, 9.37504e-57, 

76.4069, 22, 0, 1.43433e-57, 

76.4069, 23, 0, 2.18258e-58, 

76.4069, 24, 0, 3.30688e-59, 

76.4069, 25, 0, 4.99335e-60, 

76.4069, 26, 0, 7.52012e-61, 

76.4069, 27, 0, 1.13027e-61, 

76.4069, 28, 0, 1.69621e-62, 

76.4069, 29, 0, 2.54272e-63, 

76.4069, 30, 0, 3.80914e-64, 

76.4069, 31, 0, 5.70546e-65, 

76.4069, 32, 0, 8.55059e-66, 

76.4069, 33, 0, 1.2834e-66, 

76.4069, 34, 0, 1.93171e-67, 

76.4069, 35, 0, 2.92038e-68, 

76.4069, 36, 0, 4.44306e-69, 

76.4069, 37, 0, 6.81727e-70, 

76.4069, 38, 0, 1.05736e-70, 

76.4069, 39, 0, 1.66156e-71, 

76.4069, 40, 0, 2.65116e-72, 

76.4069, 41, 0, 4.30324e-73, 

76.4069, 42, 0, 7.1163e-74, 

76.4069, 43, 0, 1.20068e-74, 

76.4069, 44, 0, 2.07549e-75, 

76.4069, 45, 0, 3.77627e-76, 

76.4069, 46, 0, 8.42847e-77, 

76.4069, 47, 0, 3.47435e-77, 

76.4069, 48, 0, 2.74195e-77, 

76.4069, 49, 0, 2.6515e-77, 

76.4069, 50, 0, 2.5702e-77, 

76.4069, 51, 0, 2.41456e-77, 

76.4069, 52, 0, 2.20853e-77, 

76.4069, 53, 0, 1.99175e-77, 

76.4069, 54, 0, 1.79793e-77, 

76.4069, 55, 0, 1.65252e-77, 

76.4069, 56, 0, 1.57887e-77, 

76.4069, 57, 0, 1.61039e-77, 

76.4069, 58, 0, 1.81014e-77, 

76.4069, 59, 0, 2.30362e-77, 

76.4069, 60, 0, 3.33605e-77, 

76.4069, 61, 0, 5.37396e-77, 

76.4069, 62, 0, 9.28508e-77, 

76.4069, 63, 0, 1.66545e-76, 

76.4069, 64, 0, 3.03302e-76, 

76.4069, 65, 0, 5.53332e-76, 

76.4069, 66, 0, 1.00296e-75, 

76.4069, 67, 0, 1.79556e-75, 

76.4069, 68, 0, 3.15889e-75, 

76.4069, 69, 0, 5.44062e-75, 

76.4069, 70, 0, 9.18782e-75, 

76.4069, 71, 0, 1.55262e-74, 

76.4069, 72, 0, 2.82304e-74, 

76.4069, 73, 0, 6.43506e-74, 

76.4069, 74, 0, 2.06134e-73, 

76.4069, 75, 0, 8.48979e-73, 

76.4069, 76, 0, 3.87706e-72, 

76.4069, 77, 0, 1.82437e-71, 

76.4069, 78, 0, 8.66353e-71, 

76.4069, 79, 0, 4.14265e-70, 

76.4069, 80, 0, 2.00004e-69, 

76.4069, 81, 0, 9.78297e-69, 

76.4069, 82, 0, 4.86267e-68, 

76.4069, 83, 0, 2.46145e-67, 

76.4069, 84, 0, 1.27051e-66, 

76.4069, 85, 0, 6.69049e-66, 

76.4069, 86, 0, 3.59389e-65, 

76.4069, 87, 0, 1.96808e-64, 

76.4069, 88, 0, 1.09778e-63, 

76.4069, 89, 0, 6.23082e-63, 

76.4069, 90, 0, 3.59479e-62, 

76.4069, 91, 0, 2.10587e-61, 

76.4069, 92, 0, 1.25121e-60, 

76.4069, 93, 0, 7.53077e-60, 

76.4069, 94, 0, 4.58523e-59, 

76.4069, 95, 0, 2.81966e-58, 

76.4069, 96, 0, 1.74797e-57, 

76.4069, 97, 0, 1.09003e-56, 

76.4069, 98, 0, 6.82115e-56, 

76.4069, 99, 0, 4.27211e-55, 

76.4069, 100, 0, 2.67031e-54, 

76.4069, 101, 0, 1.66079e-53, 

76.4069, 102, 0, 1.02456e-52, 

76.4069, 103, 0, 6.24865e-52, 

76.4069, 104, 0, 3.75406e-51, 

76.4069, 105, 0, 2.21286e-50, 

76.4069, 106, 0, 1.27397e-49, 

76.4069, 107, 0, 7.12535e-49, 

76.4069, 108, 0, 3.84713e-48, 

76.4069, 109, 0, 1.99002e-47, 

76.4069, 110, 0, 9.77293e-47, 

76.4069, 111, 0, 4.50738e-46, 

76.4069, 112, 0, 1.92718e-45, 

76.4069, 113, 0, 7.52078e-45, 

76.4069, 114, 0, 2.62857e-44, 

76.4069, 115, 0, 8.03532e-44, 

76.4069, 116, 0, 2.08245e-43, 

76.4069, 117, 0, 4.37491e-43, 

76.4069, 118, 0, 6.91028e-43, 

76.4069, 119, 0, 6.91028e-43, 

79.0417, 0, 0, 7.60804e-43, 

79.0417, 1, 0, 7.60804e-43, 

79.0417, 2, 0, 4.92251e-43, 

79.0417, 3, 0, 2.41228e-43, 

79.0417, 4, 0, 9.60239e-44, 

79.0417, 5, 0, 3.23794e-44, 

79.0417, 6, 0, 9.52563e-45, 

79.0417, 7, 0, 2.50091e-45, 

79.0417, 8, 0, 5.96851e-46, 

79.0417, 9, 0, 1.31483e-46, 

79.0417, 10, 0, 2.70875e-47, 

79.0417, 11, 0, 5.27699e-48, 

79.0417, 12, 0, 9.8133e-49, 

79.0417, 13, 0, 1.75593e-49, 

79.0417, 14, 0, 3.04325e-50, 

79.0417, 15, 0, 5.13672e-51, 

79.0417, 16, 0, 8.482e-52, 

79.0417, 17, 0, 1.3752e-52, 

79.0417, 18, 0, 2.19581e-53, 

79.0417, 19, 0, 3.46164e-54, 

79.0417, 20, 0, 5.39955e-55, 

79.0417, 21, 0, 8.34904e-56, 

79.0417, 22, 0, 1.28186e-56, 

79.0417, 23, 0, 1.95709e-57, 

79.0417, 24, 0, 2.97515e-58, 

79.0417, 25, 0, 4.5083e-59, 

79.0417, 26, 0, 6.81572e-60, 

79.0417, 27, 0, 1.02876e-60, 

79.0417, 28, 0, 1.55117e-61, 

79.0417, 29, 0, 2.33745e-62, 

79.0417, 30, 0, 3.52168e-63, 

79.0417, 31, 0, 5.30776e-64, 

79.0417, 32, 0, 8.00824e-65, 

79.0417, 33, 0, 1.21077e-65, 

79.0417, 34, 0, 1.8368e-66, 

79.0417, 35, 0, 2.80085e-67, 

79.0417, 36, 0, 4.30165e-68, 

79.0417, 37, 0, 6.66982e-69, 

79.0417, 38, 0, 1.04669e-69, 

79.0417, 39, 0, 1.6667e-70, 

79.0417, 40, 0, 2.69946e-71, 

79.0417, 41, 0, 4.4567e-72, 

79.0417, 42, 0, 7.51402e-73, 

79.0417, 43, 0, 1.29698e-73, 

79.0417, 44, 0, 2.31728e-74, 

79.0417, 45, 0, 4.59829e-75, 

79.0417, 46, 0, 1.37206e-75, 

79.0417, 47, 0, 8.66104e-76, 

79.0417, 48, 0, 8.23721e-76, 

79.0417, 49, 0, 8.29643e-76, 

79.0417, 50, 0, 8.10525e-76, 

79.0417, 51, 0, 7.62622e-76, 

79.0417, 52, 0, 6.97482e-76, 

79.0417, 53, 0, 6.28244e-76, 

79.0417, 54, 0, 5.65518e-76, 

79.0417, 55, 0, 5.17073e-76, 

79.0417, 56, 0, 4.89698e-76, 

79.0417, 57, 0, 4.92698e-76, 

79.0417, 58, 0, 5.43383e-76, 

79.0417, 59, 0, 6.76089e-76, 

79.0417, 60, 0, 9.57713e-76, 

79.0417, 61, 0, 1.51508e-75, 

79.0417, 62, 0, 2.58326e-75, 

79.0417, 63, 0, 4.59029e-75, 

79.0417, 64, 0, 8.30301e-75, 

79.0417, 65, 0, 1.50699e-74, 

79.0417, 66, 0, 2.72019e-74, 

79.0417, 67, 0, 4.85155e-74, 

79.0417, 68, 0, 8.499e-74, 

79.0417, 69, 0, 1.45359e-73, 

79.0417, 70, 0, 2.41484e-73, 

79.0417, 71, 0, 3.89849e-73, 

79.0417, 72, 0, 6.24501e-73, 

79.0417, 73, 0, 1.07509e-72, 

79.0417, 74, 0, 2.36293e-72, 

79.0417, 75, 0, 7.48485e-72, 

79.0417, 76, 0, 3.06089e-71, 

79.0417, 77, 0, 1.38129e-70, 

79.0417, 78, 0, 6.41679e-70, 

79.0417, 79, 0, 3.0164e-69, 

79.0417, 80, 0, 1.43376e-68, 

79.0417, 81, 0, 6.9112e-68, 

79.0417, 82, 0, 3.38891e-67, 

79.0417, 83, 0, 1.69437e-66, 

79.0417, 84, 0, 8.64994e-66, 

79.0417, 85, 0, 4.51137e-65, 

79.0417, 86, 0, 2.40341e-64, 

79.0417, 87, 0, 1.30701e-63, 

79.0417, 88, 0, 7.24815e-63, 

79.0417, 89, 0, 4.09415e-62, 

79.0417, 90, 0, 2.35259e-61, 

79.0417, 91, 0, 1.37347e-60, 

79.0417, 92, 0, 8.13603e-60, 

79.0417, 93, 0, 4.88337e-59, 

79.0417, 94, 0, 2.96536e-58, 

79.0417, 95, 0, 1.81859e-57, 

79.0417, 96, 0, 1.12419e-56, 

79.0417, 97, 0, 6.98921e-56, 

79.0417, 98, 0, 4.35942e-55, 

79.0417, 99, 0, 2.72068e-54, 

79.0417, 100, 0, 1.69407e-53, 

79.0417, 101, 0, 1.04925e-52, 

79.0417, 102, 0, 6.4439e-52, 

79.0417, 103, 0, 3.91094e-51, 

79.0417, 104, 0, 2.33727e-50, 

79.0417, 105, 0, 1.3699e-49, 

79.0417, 106, 0, 7.83852e-49, 

79.0417, 107, 0, 4.35541e-48, 

79.0417, 108, 0, 2.3352e-47, 

79.0417, 109, 0, 1.19906e-46, 

79.0417, 110, 0, 5.84329e-46, 

79.0417, 111, 0, 2.6736e-45, 

79.0417, 112, 0, 1.13389e-44, 

79.0417, 113, 0, 4.38912e-44, 

79.0417, 114, 0, 1.52183e-43, 

79.0417, 115, 0, 4.61676e-43, 

79.0417, 116, 0, 1.18817e-42, 

79.0417, 117, 0, 2.48146e-42, 

79.0417, 118, 0, 3.90367e-42, 

79.0417, 119, 0, 3.90367e-42, 

81.6764, 0, 0, 5.57025e-42, 

81.6764, 1, 0, 5.57025e-42, 

81.6764, 2, 0, 3.61979e-42, 

81.6764, 3, 0, 1.78541e-42, 

81.6764, 4, 0, 7.16318e-43, 

81.6764, 5, 0, 2.43698e-43, 

81.6764, 6, 0, 7.23879e-44, 

81.6764, 7, 0, 1.92e-44, 

81.6764, 8, 0, 4.63086e-45, 

81.6764, 9, 0, 1.03119e-45, 

81.6764, 10, 0, 2.14744e-46, 

81.6764, 11, 0, 4.2281e-47, 

81.6764, 12, 0, 7.94398e-48, 

81.6764, 13, 0, 1.43543e-48, 

81.6764, 14, 0, 2.51072e-49, 

81.6764, 15, 0, 4.27389e-50, 

81.6764, 16, 0, 7.11187e-51, 

81.6764, 17, 0, 1.1611e-51, 

81.6764, 18, 0, 1.86554e-52, 

81.6764, 19, 0, 2.95749e-53, 

81.6764, 20, 0, 4.63676e-54, 

81.6764, 21, 0, 7.20373e-55, 

81.6764, 22, 0, 1.11108e-55, 

81.6764, 23, 0, 1.70406e-56, 

81.6764, 24, 0, 2.60259e-57, 

81.6764, 25, 0, 3.96313e-58, 

81.6764, 26, 0, 6.02302e-59, 

81.6764, 27, 0, 9.14266e-60, 

81.6764, 28, 0, 1.38698e-60, 

81.6764, 29, 0, 2.10388e-61, 

81.6764, 30, 0, 3.19245e-62, 

81.6764, 31, 0, 4.84872e-63, 

81.6764, 32, 0, 7.37675e-64, 

81.6764, 33, 0, 1.12542e-64, 

81.6764, 34, 0, 1.72428e-65, 

81.6764, 35, 0, 2.65804e-66, 

81.6764, 36, 0, 4.13193e-67, 

81.6764, 37, 0, 6.49371e-68, 

81.6764, 38, 0, 1.0346e-68, 

81.6764, 39, 0, 1.67572e-69, 

81.6764, 40, 0, 2.76649e-70, 

81.6764, 41, 0, 4.66642e-71, 

81.6764, 42, 0, 8.06032e-72, 

81.6764, 43, 0, 1.43273e-72, 

81.6764, 44, 0, 2.6961e-73, 

81.6764, 45, 0, 6.31773e-74, 

81.6764, 46, 0, 2.82766e-74, 

81.6764, 47, 0, 2.43123e-74, 

81.6764, 48, 0, 2.51574e-74, 

81.6764, 49, 0, 2.57501e-74, 

81.6764, 50, 0, 2.52346e-74, 

81.6764, 51, 0, 2.3755e-74, 

81.6764, 52, 0, 2.17161e-74, 

81.6764, 53, 0, 1.95323e-74, 

81.6764, 54, 0, 1.75305e-74, 

81.6764, 55, 0, 1.59449e-74, 

81.6764, 56, 0, 1.49706e-74, 

81.6764, 57, 0, 1.4863e-74, 

81.6764, 58, 0, 1.60899e-74, 

81.6764, 59, 0, 1.95757e-74, 

81.6764, 60, 0, 2.71167e-74, 

81.6764, 61, 0, 4.2106e-74, 

81.6764, 62, 0, 7.08091e-74, 

81.6764, 63, 0, 1.24596e-73, 

81.6764, 64, 0, 2.23774e-73, 

81.6764, 65, 0, 4.03954e-73, 

81.6764, 66, 0, 7.25997e-73, 

81.6764, 67, 0, 1.29005e-72, 

81.6764, 68, 0, 2.25204e-72, 

81.6764, 69, 0, 3.83599e-72, 

81.6764, 70, 0, 6.32956e-72, 

81.6764, 71, 0, 1.00549e-71, 

81.6764, 72, 0, 1.53794e-71, 

81.6764, 73, 0, 2.31922e-71, 

81.6764, 74, 0, 3.78492e-71, 

81.6764, 75, 0, 8.15709e-71, 

81.6764, 76, 0, 2.60914e-70, 

81.6764, 77, 0, 1.07185e-69, 

81.6764, 78, 0, 4.81164e-69, 

81.6764, 79, 0, 2.21986e-68, 

81.6764, 80, 0, 1.0392e-67, 

81.6764, 81, 0, 4.93891e-67, 

81.6764, 82, 0, 2.38966e-66, 

81.6764, 83, 0, 1.17999e-65, 

81.6764, 84, 0, 5.95567e-65, 

81.6764, 85, 0, 3.07444e-64, 

81.6764, 86, 0, 1.62302e-63, 

81.6764, 87, 0, 8.75563e-63, 

81.6764, 88, 0, 4.8215e-62, 

81.6764, 89, 0, 2.70667e-61, 

81.6764, 90, 0, 1.54679e-60, 

81.6764, 91, 0, 8.98534e-60, 

81.6764, 92, 0, 5.29782e-59, 

81.6764, 93, 0, 3.1655e-58, 

81.6764, 94, 0, 1.91358e-57, 

81.6764, 95, 0, 1.16819e-56, 

81.6764, 96, 0, 7.18705e-56, 

81.6764, 97, 0, 4.44606e-55, 

81.6764, 98, 0, 2.7587e-54, 

81.6764, 99, 0, 1.71224e-53, 

81.6764, 100, 0, 1.06001e-52, 

81.6764, 101, 0, 6.5258e-52, 

81.6764, 102, 0, 3.98251e-51, 

81.6764, 103, 0, 2.40118e-50, 

81.6764, 104, 0, 1.42516e-49, 

81.6764, 105, 0, 8.29333e-49, 

81.6764, 106, 0, 4.71018e-48, 

81.6764, 107, 0, 2.59702e-47, 

81.6764, 108, 0, 1.38134e-46, 

81.6764, 109, 0, 7.03475e-46, 

81.6764, 110, 0, 3.39957e-45, 

81.6764, 111, 0, 1.54233e-44, 

81.6764, 112, 0, 6.48577e-44, 

81.6764, 113, 0, 2.48958e-43, 

81.6764, 114, 0, 8.56218e-43, 

81.6764, 115, 0, 2.57765e-42, 

81.6764, 116, 0, 6.58788e-42, 

81.6764, 117, 0, 1.36787e-41, 

81.6764, 118, 0, 2.14334e-41, 

81.6764, 119, 0, 2.14334e-41, 

84.3111, 0, 0, 4.01527e-41, 

84.3111, 1, 0, 4.01527e-41, 

84.3111, 2, 0, 2.61907e-41, 

84.3111, 3, 0, 1.29899e-41, 

84.3111, 4, 0, 5.24671e-42, 

84.3111, 5, 0, 1.79855e-42, 

84.3111, 6, 0, 5.38652e-43, 

84.3111, 7, 0, 1.44121e-43, 

84.3111, 8, 0, 3.50769e-44, 

84.3111, 9, 0, 7.88356e-45, 

84.3111, 10, 0, 1.65713e-45, 

84.3111, 11, 0, 3.29315e-46, 

84.3111, 12, 0, 6.24393e-47, 

84.3111, 13, 0, 1.13825e-47, 

84.3111, 14, 0, 2.00786e-48, 

84.3111, 15, 0, 3.44557e-49, 

84.3111, 16, 0, 5.77745e-50, 

84.3111, 17, 0, 9.50066e-51, 

84.3111, 18, 0, 1.53696e-51, 

84.3111, 19, 0, 2.4526e-52, 

84.3111, 20, 0, 3.86968e-53, 

84.3111, 21, 0, 6.04974e-54, 

84.3111, 22, 0, 9.38966e-55, 

84.3111, 23, 0, 1.44935e-55, 

84.3111, 24, 0, 2.22826e-56, 

84.3111, 25, 0, 3.41663e-57, 

84.3111, 26, 0, 5.23024e-58, 

84.3111, 27, 0, 8.00009e-59, 

84.3111, 28, 0, 1.22347e-59, 

84.3111, 29, 0, 1.87172e-60, 

84.3111, 30, 0, 2.86594e-61, 

84.3111, 31, 0, 4.3949e-62, 

84.3111, 32, 0, 6.7557e-63, 

84.3111, 33, 0, 1.04223e-63, 

84.3111, 34, 0, 1.61639e-64, 

84.3111, 35, 0, 2.5253e-65, 

84.3111, 36, 0, 3.9842e-66, 

84.3111, 37, 0, 6.36563e-67, 

84.3111, 38, 0, 1.03301e-67, 

84.3111, 39, 0, 1.70775e-68, 

84.3111, 40, 0, 2.88419e-69, 

84.3111, 41, 0, 4.989e-70, 

84.3111, 42, 0, 8.86567e-71, 

84.3111, 43, 0, 1.63632e-71, 

84.3111, 44, 0, 3.36072e-72, 

84.3111, 45, 0, 1.04414e-72, 

84.3111, 46, 0, 7.01055e-73, 

84.3111, 47, 0, 7.14223e-73, 

84.3111, 48, 0, 7.65736e-73, 

84.3111, 49, 0, 7.89e-73, 

84.3111, 50, 0, 7.74284e-73, 

84.3111, 51, 0, 7.29046e-73, 

84.3111, 52, 0, 6.66168e-73, 

84.3111, 53, 0, 5.98333e-73, 

84.3111, 54, 0, 5.35455e-73, 

84.3111, 55, 0, 4.84504e-73, 

84.3111, 56, 0, 4.51036e-73, 

84.3111, 57, 0, 4.41975e-73, 

84.3111, 58, 0, 4.69759e-73, 

84.3111, 59, 0, 5.58856e-73, 

84.3111, 60, 0, 7.56644e-73, 

84.3111, 61, 0, 1.15226e-72, 

84.3111, 62, 0, 1.90962e-72, 

84.3111, 63, 0, 3.32502e-72, 

84.3111, 64, 0, 5.92594e-72, 

84.3111, 65, 0, 1.06346e-71, 

84.3111, 66, 0, 1.90231e-71, 

84.3111, 67, 0, 3.36705e-71, 

84.3111, 68, 0, 5.8577e-71, 

84.3111, 69, 0, 9.94504e-71, 

84.3111, 70, 0, 1.63467e-70, 

84.3111, 71, 0, 2.57983e-70, 

84.3111, 72, 0, 3.88262e-70, 

84.3111, 73, 0, 5.57683e-70, 

84.3111, 74, 0, 7.87245e-70, 

84.3111, 75, 0, 1.22514e-69, 

84.3111, 76, 0, 2.65247e-69, 

84.3111, 77, 0, 8.76125e-69, 

84.3111, 78, 0, 3.65311e-68, 

84.3111, 79, 0, 1.64257e-67, 

84.3111, 80, 0, 7.57754e-67, 

84.3111, 81, 0, 3.55693e-66, 

84.3111, 82, 0, 1.70096e-65, 

84.3111, 83, 0, 8.30599e-65, 

84.3111, 84, 0, 4.14841e-64, 

84.3111, 85, 0, 2.12068e-63, 

84.3111, 86, 0, 1.10951e-62, 

84.3111, 87, 0, 5.93643e-62, 

84.3111, 88, 0, 3.24455e-61, 

84.3111, 89, 0, 1.80882e-60, 

84.3111, 90, 0, 1.02701e-59, 

84.3111, 91, 0, 5.92912e-59, 

84.3111, 92, 0, 3.47477e-58, 

84.3111, 93, 0, 2.0637e-57, 

84.3111, 94, 0, 1.23987e-56, 

84.3111, 95, 0, 7.52093e-56, 

84.3111, 96, 0, 4.59646e-55, 

84.3111, 97, 0, 2.82376e-54, 

84.3111, 98, 0, 1.7394e-53, 

84.3111, 99, 0, 1.07144e-52, 

84.3111, 100, 0, 6.58112e-52, 

84.3111, 101, 0, 4.01876e-51, 

84.3111, 102, 0, 2.43211e-50, 

84.3111, 103, 0, 1.45387e-49, 

84.3111, 104, 0, 8.55375e-49, 

84.3111, 105, 0, 4.93339e-48, 

84.3111, 106, 0, 2.7766e-47, 

84.3111, 107, 0, 1.51691e-46, 

84.3111, 108, 0, 7.99388e-46, 

84.3111, 109, 0, 4.0333e-45, 

84.3111, 110, 0, 1.93105e-44, 

84.3111, 111, 0, 8.68033e-44, 

84.3111, 112, 0, 3.61727e-43, 

84.3111, 113, 0, 1.37633e-42, 

84.3111, 114, 0, 4.69385e-42, 

84.3111, 115, 0, 1.40206e-41, 

84.3111, 116, 0, 3.55832e-41, 

84.3111, 117, 0, 7.34547e-41, 

84.3111, 118, 0, 1.14648e-40, 

84.3111, 119, 0, 1.14648e-40, 

86.9458, 0, 0, 2.85392e-40, 

86.9458, 1, 0, 2.85392e-40, 

86.9458, 2, 0, 1.86735e-40, 

86.9458, 3, 0, 9.30446e-41, 

86.9458, 4, 0, 3.77935e-41, 

86.9458, 5, 0, 1.30384e-41, 

86.9458, 6, 0, 3.93221e-42, 

86.9458, 7, 0, 1.05995e-42, 

86.9458, 8, 0, 2.59996e-43, 

86.9458, 9, 0, 5.89074e-44, 

86.9458, 10, 0, 1.24848e-44, 

86.9458, 11, 0, 2.50182e-45, 

86.9458, 12, 0, 4.78334e-46, 

86.9458, 13, 0, 8.7927e-47, 

86.9458, 14, 0, 1.56385e-47, 

86.9458, 15, 0, 2.70556e-48, 

86.9458, 16, 0, 4.57319e-49, 

86.9458, 17, 0, 7.58031e-50, 

86.9458, 18, 0, 1.23602e-50, 

86.9458, 19, 0, 1.98804e-51, 

86.9458, 20, 0, 3.16183e-52, 

86.9458, 21, 0, 4.98339e-53, 

86.9458, 22, 0, 7.79919e-54, 

86.9458, 23, 0, 1.2142e-54, 

86.9458, 24, 0, 1.88336e-55, 

86.9458, 25, 0, 2.91441e-56, 

86.9458, 26, 0, 4.50412e-57, 

86.9458, 27, 0, 6.95788e-58, 

86.9458, 28, 0, 1.07507e-58, 

86.9458, 29, 0, 1.66241e-59, 

86.9458, 30, 0, 2.57416e-60, 

86.9458, 31, 0, 3.9944e-61, 

86.9458, 32, 0, 6.21767e-62, 

86.9458, 33, 0, 9.72234e-63, 

86.9458, 34, 0, 1.52995e-63, 

86.9458, 35, 0, 2.42853e-64, 

86.9458, 36, 0, 3.89883e-65, 

86.9458, 37, 0, 6.34972e-66, 

86.9458, 38, 0, 1.05239e-66, 

86.9458, 39, 0, 1.78054e-67, 

86.9458, 40, 0, 3.08429e-68, 

86.9458, 41, 0, 5.48512e-69, 

86.9458, 42, 0, 1.0064e-69, 

86.9458, 43, 0, 1.95437e-70, 

86.9458, 44, 0, 4.6734e-71, 

86.9458, 45, 0, 2.12385e-71, 

86.9458, 46, 0, 1.91794e-71, 

86.9458, 47, 0, 2.11626e-71, 

86.9458, 48, 0, 2.30307e-71, 

86.9458, 49, 0, 2.3802e-71, 

86.9458, 50, 0, 2.33785e-71, 

86.9458, 51, 0, 2.20187e-71, 

86.9458, 52, 0, 2.01135e-71, 

86.9458, 53, 0, 1.80424e-71, 

86.9458, 54, 0, 1.61008e-71, 

86.9458, 55, 0, 1.44941e-71, 

86.9458, 56, 0, 1.33792e-71, 

86.9458, 57, 0, 1.29416e-71, 

86.9458, 58, 0, 1.35063e-71, 

86.9458, 59, 0, 1.57089e-71, 

86.9458, 60, 0, 2.07741e-71, 

86.9458, 61, 0, 3.09954e-71, 

86.9458, 62, 0, 5.05691e-71, 

86.9458, 63, 0, 8.70485e-71, 

86.9458, 64, 0, 1.53832e-70, 

86.9458, 65, 0, 2.74278e-70, 

86.9458, 66, 0, 4.88098e-70, 

86.9458, 67, 0, 8.60292e-70, 

86.9458, 68, 0, 1.49141e-69, 

86.9458, 69, 0, 2.52442e-69, 

86.9458, 70, 0, 4.13763e-69, 

86.9458, 71, 0, 6.50803e-69, 

86.9458, 72, 0, 9.73472e-69, 

86.9458, 73, 0, 1.37527e-68, 

86.9458, 74, 0, 1.84002e-68, 

86.9458, 75, 0, 2.42367e-68, 

86.9458, 76, 0, 3.64291e-68, 

86.9458, 77, 0, 8.17325e-68, 

86.9458, 78, 0, 2.84185e-67, 

86.9458, 79, 0, 1.21121e-66, 

86.9458, 80, 0, 5.48871e-66, 

86.9458, 81, 0, 2.54925e-65, 

86.9458, 82, 0, 1.2079e-64, 

86.9458, 83, 0, 5.84684e-64, 

86.9458, 84, 0, 2.89579e-63, 

86.9458, 85, 0, 1.46859e-62, 

86.9458, 86, 0, 7.6259e-62, 

86.9458, 87, 0, 4.05149e-61, 

86.9458, 88, 0, 2.19957e-60, 

86.9458, 89, 0, 1.21844e-59, 

86.9458, 90, 0, 6.87509e-59, 

86.9458, 91, 0, 3.94461e-58, 

86.9458, 92, 0, 2.29722e-57, 

86.9458, 93, 0, 1.35544e-56, 

86.9458, 94, 0, 8.08744e-56, 

86.9458, 95, 0, 4.86994e-55, 

86.9458, 96, 0, 2.95312e-54, 

86.9458, 97, 0, 1.79918e-53, 

86.9458, 98, 0, 1.09855e-52, 

86.9458, 99, 0, 6.70448e-52, 

86.9458, 100, 0, 4.07842e-51, 

86.9458, 101, 0, 2.46564e-50, 

86.9458, 102, 0, 1.47686e-49, 

86.9458, 103, 0, 8.7359e-49, 

86.9458, 104, 0, 5.08507e-48, 

86.9458, 105, 0, 2.90136e-47, 

86.9458, 106, 0, 1.61536e-46, 

86.9458, 107, 0, 8.73019e-46, 

86.9458, 108, 0, 4.55157e-45, 

86.9458, 109, 0, 2.27228e-44, 

86.9458, 110, 0, 1.07666e-43, 

86.9458, 111, 0, 4.79091e-43, 

86.9458, 112, 0, 1.97701e-42, 

86.9458, 113, 0, 7.45228e-42, 

86.9458, 114, 0, 2.5193e-41, 

86.9458, 115, 0, 7.46476e-41, 

86.9458, 116, 0, 1.88103e-40, 

86.9458, 117, 0, 3.8604e-40, 

86.9458, 118, 0, 6.00186e-40, 

86.9458, 119, 0, 6.00186e-40, 

89.5805, 0, 0, 2.00579e-39, 

89.5805, 1, 0, 2.00579e-39, 

89.5805, 2, 0, 1.31581e-39, 

89.5805, 3, 0, 6.58177e-40, 

89.5805, 4, 0, 2.68621e-40, 

89.5805, 5, 0, 9.31791e-41, 

89.5805, 6, 0, 2.82718e-41, 

89.5805, 7, 0, 7.6707e-42, 

89.5805, 8, 0, 1.89463e-42, 

89.5805, 9, 0, 4.32405e-43, 

89.5805, 10, 0, 9.23408e-44, 

89.5805, 11, 0, 1.86495e-44, 

89.5805, 12, 0, 3.59448e-45, 

89.5805, 13, 0, 6.66189e-46, 

89.5805, 14, 0, 1.19485e-46, 

89.5805, 15, 0, 2.08491e-47, 

89.5805, 16, 0, 3.55496e-48, 

89.5805, 17, 0, 5.94525e-49, 

89.5805, 18, 0, 9.78295e-50, 

89.5805, 19, 0, 1.58832e-50, 

89.5805, 20, 0, 2.55061e-51, 

89.5805, 21, 0, 4.06033e-52, 

89.5805, 22, 0, 6.42043e-53, 

89.5805, 23, 0, 1.01027e-53, 

89.5805, 24, 0, 1.58442e-54, 

89.5805, 25, 0, 2.47991e-55, 

89.5805, 26, 0, 3.87796e-56, 

89.5805, 27, 0, 6.06373e-57, 

89.5805, 28, 0, 9.48732e-58, 

89.5805, 29, 0, 1.48621e-58, 

89.5805, 30, 0, 2.3326e-59, 

89.5805, 31, 0, 3.67105e-60, 

89.5805, 32, 0, 5.80006e-61, 

89.5805, 33, 0, 9.21391e-62, 

89.5805, 34, 0, 1.47469e-62, 

89.5805, 35, 0, 2.38383e-63, 

89.5805, 36, 0, 3.90315e-64, 

89.5805, 37, 0, 6.49372e-65, 

89.5805, 38, 0, 1.10137e-65, 

89.5805, 39, 0, 1.91038e-66, 

89.5805, 40, 0, 3.39902e-67, 

89.5805, 41, 0, 6.22372e-68, 

89.5805, 42, 0, 1.18391e-68, 

89.5805, 43, 0, 2.48039e-69, 

89.5805, 44, 0, 7.59236e-70, 

89.5805, 45, 0, 5.08388e-70, 

89.5805, 46, 0, 5.44599e-70, 

89.5805, 47, 0, 6.22547e-70, 

89.5805, 48, 0, 6.81895e-70, 

89.5805, 49, 0, 7.05828e-70, 

89.5805, 50, 0, 6.93768e-70, 

89.5805, 51, 0, 6.53669e-70, 

89.5805, 52, 0, 5.97006e-70, 

89.5805, 53, 0, 5.34896e-70, 

89.5805, 54, 0, 4.76004e-70, 

89.5805, 55, 0, 4.26293e-70, 

89.5805, 56, 0, 3.90169e-70, 

89.5805, 57, 0, 3.72539e-70, 

89.5805, 58, 0, 3.81755e-70, 

89.5805, 59, 0, 4.33977e-70, 

89.5805, 60, 0, 5.60171e-70, 

89.5805, 61, 0, 8.1798e-70, 

89.5805, 62, 0, 1.31229e-69, 

89.5805, 63, 0, 2.23098e-69, 

89.5805, 64, 0, 3.90609e-69, 

89.5805, 65, 0, 6.91485e-69, 

89.5805, 66, 0, 1.22364e-68, 

89.5805, 67, 0, 2.14705e-68, 

89.5805, 68, 0, 3.70878e-68, 

89.5805, 69, 0, 6.25948e-68, 

89.5805, 70, 0, 1.02352e-67, 

89.5805, 71, 0, 1.60644e-67, 

89.5805, 72, 0, 2.39652e-67, 

89.5805, 73, 0, 3.36662e-67, 

89.5805, 74, 0, 4.42578e-67, 

89.5805, 75, 0, 5.47796e-67, 

89.5805, 76, 0, 6.73569e-67, 

89.5805, 77, 0, 9.99556e-67, 

89.5805, 78, 0, 2.40574e-66, 

89.5805, 79, 0, 8.90715e-66, 

89.5805, 80, 0, 3.89319e-65, 

89.5805, 81, 0, 1.78719e-64, 

89.5805, 82, 0, 8.40792e-64, 

89.5805, 83, 0, 4.04478e-63, 

89.5805, 84, 0, 1.99177e-62, 

89.5805, 85, 0, 1.00468e-61, 

89.5805, 86, 0, 5.19058e-61, 

89.5805, 87, 0, 2.74452e-60, 

89.5805, 88, 0, 1.48325e-59, 

89.5805, 89, 0, 8.17994e-59, 

89.5805, 90, 0, 4.59499e-58, 

89.5805, 91, 0, 2.62414e-57, 

89.5805, 92, 0, 1.5206e-56, 

89.5805, 93, 0, 8.92284e-56, 

89.5805, 94, 0, 5.29145e-55, 

89.5805, 95, 0, 3.16456e-54, 

89.5805, 96, 0, 1.90438e-53, 

89.5805, 97, 0, 1.15048e-52, 

89.5805, 98, 0, 6.96007e-52, 

89.5805, 99, 0, 4.20553e-51, 

89.5805, 100, 0, 2.53116e-50, 

89.5805, 101, 0, 1.51314e-49, 

89.5805, 102, 0, 8.95796e-49, 

89.5805, 103, 0, 5.23532e-48, 

89.5805, 104, 0, 3.01021e-47, 

89.5805, 105, 0, 1.69634e-46, 

89.5805, 106, 0, 9.32803e-46, 

89.5805, 107, 0, 4.97955e-45, 

89.5805, 108, 0, 2.5648e-44, 

89.5805, 109, 0, 1.26531e-43, 

89.5805, 110, 0, 5.92669e-43, 

89.5805, 111, 0, 2.60821e-42, 

89.5805, 112, 0, 1.065e-41, 

89.5805, 113, 0, 3.97479e-41, 

89.5805, 114, 0, 1.33139e-40, 

89.5805, 115, 0, 3.91218e-40, 

89.5805, 116, 0, 9.78677e-40, 

89.5805, 117, 0, 1.99672e-39, 

89.5805, 118, 0, 3.0923e-39, 

89.5805, 119, 0, 3.0923e-39, 

92.2153, 0, 0, 1.39872e-38, 

92.2153, 1, 0, 1.39872e-38, 

92.2153, 2, 0, 9.19589e-39, 

92.2153, 3, 0, 4.61532e-39, 

92.2153, 4, 0, 1.89155e-39, 

92.2153, 5, 0, 6.59341e-40, 

92.2153, 6, 0, 2.01146e-40, 

92.2153, 7, 0, 5.4902e-41, 

92.2153, 8, 0, 1.36483e-41, 

92.2153, 9, 0, 3.13644e-42, 

92.2153, 10, 0, 6.74699e-43, 

92.2153, 11, 0, 1.37316e-43, 

92.2153, 12, 0, 2.66801e-44, 

92.2153, 13, 0, 4.98656e-45, 

92.2153, 14, 0, 9.02243e-46, 

92.2153, 15, 0, 1.58875e-46, 

92.2153, 16, 0, 2.73479e-47, 

92.2153, 17, 0, 4.61897e-48, 

92.2153, 18, 0, 7.67902e-49, 

92.2153, 19, 0, 1.26014e-49, 

92.2153, 20, 0, 2.04626e-50, 

92.2153, 21, 0, 3.29539e-51, 

92.2153, 22, 0, 5.27398e-52, 

92.2153, 23, 0, 8.40309e-53, 

92.2153, 24, 0, 1.33502e-53, 

92.2153, 25, 0, 2.11769e-54, 

92.2153, 26, 0, 3.35756e-55, 

92.2153, 27, 0, 5.32528e-56, 

92.2153, 28, 0, 8.45525e-57, 

92.2153, 29, 0, 1.3448e-57, 

92.2153, 30, 0, 2.14416e-58, 

92.2153, 31, 0, 3.43029e-59, 

92.2153, 32, 0, 5.51351e-60, 

92.2153, 33, 0, 8.9183e-61, 

92.2153, 34, 0, 1.45488e-61, 

92.2153, 35, 0, 2.3999e-62, 

92.2153, 36, 0, 4.01494e-63, 

92.2153, 37, 0, 6.83428e-64, 

92.2153, 38, 0, 1.18763e-64, 

92.2153, 39, 0, 2.11372e-65, 

92.2153, 40, 0, 3.86482e-66, 

92.2153, 41, 0, 7.29291e-67, 

92.2153, 42, 0, 1.44916e-67, 

92.2153, 43, 0, 3.43223e-68, 

92.2153, 44, 0, 1.47338e-68, 

92.2153, 45, 0, 1.33425e-68, 

92.2153, 46, 0, 1.5566e-68, 

92.2153, 47, 0, 1.80682e-68, 

92.2153, 48, 0, 1.98446e-68, 

92.2153, 49, 0, 2.05575e-68, 

92.2153, 50, 0, 2.02172e-68, 

92.2153, 51, 0, 1.90552e-68, 

92.2153, 52, 0, 1.73997e-68, 

92.2153, 53, 0, 1.55699e-68, 

92.2153, 54, 0, 1.38152e-68, 

92.2153, 55, 0, 1.23066e-68, 

92.2153, 56, 0, 1.11664e-68, 

92.2153, 57, 0, 1.05233e-68, 

92.2153, 58, 0, 1.05876e-68, 

92.2153, 59, 0, 1.17613e-68, 

92.2153, 60, 0, 1.48089e-68, 

92.2153, 61, 0, 2.11435e-68, 

92.2153, 62, 0, 3.33205e-68, 

92.2153, 63, 0, 5.5894e-68, 

92.2153, 64, 0, 9.68818e-68, 

92.2153, 65, 0, 1.70185e-67, 

92.2153, 66, 0, 2.99342e-67, 

92.2153, 67, 0, 5.22762e-67, 

92.2153, 68, 0, 8.99713e-67, 

92.2153, 69, 0, 1.51426e-66, 

92.2153, 70, 0, 2.4709e-66, 

92.2153, 71, 0, 3.87207e-66, 

92.2153, 72, 0, 5.76865e-66, 

92.2153, 73, 0, 8.08799e-66, 

92.2153, 74, 0, 1.05755e-65, 

92.2153, 75, 0, 1.28336e-65, 

92.2153, 76, 0, 1.46208e-65, 

92.2153, 77, 0, 1.68808e-65, 

92.2153, 78, 0, 2.55726e-65, 

92.2153, 79, 0, 6.81417e-65, 

92.2153, 80, 0, 2.6915e-64, 

92.2153, 81, 0, 1.20715e-63, 

92.2153, 82, 0, 5.63649e-63, 

92.2153, 83, 0, 2.69934e-62, 

92.2153, 84, 0, 1.32451e-61, 

92.2153, 85, 0, 6.66133e-61, 

92.2153, 86, 0, 3.43312e-60, 

92.2153, 87, 0, 1.81156e-59, 

92.2153, 88, 0, 9.77319e-59, 

92.2153, 89, 0, 5.38099e-58, 

92.2153, 90, 0, 3.01761e-57, 

92.2153, 91, 0, 1.71998e-56, 

92.2153, 92, 0, 9.94276e-56, 

92.2153, 93, 0, 5.8166e-55, 

92.2153, 94, 0, 3.43599e-54, 

92.2153, 95, 0, 2.04492e-53, 

92.2153, 96, 0, 1.2233e-52, 

92.2153, 97, 0, 7.33807e-52, 

92.2153, 98, 0, 4.40292e-51, 

92.2153, 99, 0, 2.63569e-50, 

92.2153, 100, 0, 1.56999e-49, 

92.2153, 101, 0, 9.2803e-49, 

92.2153, 102, 0, 5.42834e-48, 

92.2153, 103, 0, 3.13265e-47, 

92.2153, 104, 0, 1.77782e-46, 

92.2153, 105, 0, 9.88583e-46, 

92.2153, 106, 0, 5.36357e-45, 

92.2153, 107, 0, 2.82516e-44, 

92.2153, 108, 0, 1.4361e-43, 

92.2153, 109, 0, 6.99434e-43, 

92.2153, 110, 0, 3.23573e-42, 

92.2153, 111, 0, 1.40719e-41, 

92.2153, 112, 0, 5.68187e-41, 

92.2153, 113, 0, 2.09851e-40, 

92.2153, 114, 0, 6.96198e-40, 

92.2153, 115, 0, 2.02818e-39, 

92.2153, 116, 0, 5.03618e-39, 

92.2153, 117, 0, 1.02139e-38, 

92.2153, 118, 0, 1.57569e-38, 

92.2153, 119, 0, 1.57569e-38, 

94.85, 0, 0, 9.70981e-38, 

94.85, 1, 0, 9.70981e-38, 

94.85, 2, 0, 6.39621e-38, 

94.85, 3, 0, 3.21999e-38, 

94.85, 4, 0, 1.3248e-38, 

94.85, 5, 0, 4.63892e-39, 

94.85, 6, 0, 1.42253e-39, 

94.85, 7, 0, 3.90508e-40, 

94.85, 8, 0, 9.76889e-41, 

94.85, 9, 0, 2.26022e-41, 

94.85, 10, 0, 4.89765e-42, 

94.85, 11, 0, 1.00456e-42, 

94.85, 12, 0, 1.968e-43, 

94.85, 13, 0, 3.71049e-44, 

94.85, 14, 0, 6.77573e-45, 

94.85, 15, 0, 1.20477e-45, 

94.85, 16, 0, 2.0951e-46, 

94.85, 17, 0, 3.57671e-47, 

94.85, 18, 0, 6.01357e-48, 

94.85, 19, 0, 9.98547e-49, 

94.85, 20, 0, 1.64163e-49, 

94.85, 21, 0, 2.67813e-50, 

94.85, 22, 0, 4.34424e-51, 

94.85, 23, 0, 7.01946e-52, 

94.85, 24, 0, 1.13156e-52, 

94.85, 25, 0, 1.82225e-53, 

94.85, 26, 0, 2.9346e-54, 

94.85, 27, 0, 4.73015e-55, 

94.85, 28, 0, 7.63651e-56, 

94.85, 29, 0, 1.23568e-56, 

94.85, 30, 0, 2.00559e-57, 

94.85, 31, 0, 3.26841e-58, 

94.85, 32, 0, 5.35513e-59, 

94.85, 33, 0, 8.83707e-60, 

94.85, 34, 0, 1.47203e-60, 

94.85, 35, 0, 2.48174e-61, 

94.85, 36, 0, 4.24764e-62, 

94.85, 37, 0, 7.40479e-63, 

94.85, 38, 0, 1.31917e-63, 

94.85, 39, 0, 2.40948e-64, 

94.85, 40, 0, 4.52747e-65, 

94.85, 41, 0, 8.81876e-66, 

94.85, 42, 0, 1.85954e-66, 

94.85, 43, 0, 5.35964e-67, 

94.85, 44, 0, 3.32813e-67, 

94.85, 45, 0, 3.64129e-67, 

94.85, 46, 0, 4.41945e-67, 

94.85, 47, 0, 5.16143e-67, 

94.85, 48, 0, 5.67313e-67, 

94.85, 49, 0, 5.8777e-67, 

94.85, 50, 0, 5.78135e-67, 

94.85, 51, 0, 5.44918e-67, 

94.85, 52, 0, 4.97322e-67, 

94.85, 53, 0, 4.44324e-67, 

94.85, 54, 0, 3.92968e-67, 

94.85, 55, 0, 3.48082e-67, 

94.85, 56, 0, 3.13028e-67, 

94.85, 57, 0, 2.91124e-67, 

94.85, 58, 0, 2.87573e-67, 

94.85, 59, 0, 3.12141e-67, 

94.85, 60, 0, 3.8324e-67, 

94.85, 61, 0, 5.34648e-67, 

94.85, 62, 0, 8.27034e-67, 

94.85, 63, 0, 1.36794e-66, 

94.85, 64, 0, 2.34601e-66, 

94.85, 65, 0, 4.08751e-66, 

94.85, 66, 0, 7.14407e-66, 

94.85, 67, 0, 1.24152e-65, 

94.85, 68, 0, 2.12883e-65, 

94.85, 69, 0, 3.57321e-65, 

94.85, 70, 0, 5.81949e-65, 

94.85, 71, 0, 9.10801e-65, 

94.85, 72, 0, 1.35583e-64, 

94.85, 73, 0, 1.89968e-64, 

94.85, 74, 0, 2.48038e-64, 

94.85, 75, 0, 2.99332e-64, 

94.85, 76, 0, 3.33034e-64, 

94.85, 77, 0, 3.48419e-64, 

94.85, 78, 0, 3.83209e-64, 

94.85, 79, 0, 6.20289e-64, 

94.85, 80, 0, 1.868e-63, 

94.85, 81, 0, 7.8247e-63, 

94.85, 82, 0, 3.59892e-62, 

94.85, 83, 0, 1.71468e-61, 

94.85, 84, 0, 8.39049e-61, 

94.85, 85, 0, 4.21339e-60, 

94.85, 86, 0, 2.17023e-59, 

94.85, 87, 0, 1.14536e-58, 

94.85, 88, 0, 6.18364e-58, 

94.85, 89, 0, 3.40831e-57, 

94.85, 90, 0, 1.91362e-56, 

94.85, 91, 0, 1.09187e-55, 

94.85, 92, 0, 6.31595e-55, 

94.85, 93, 0, 3.69488e-54, 

94.85, 94, 0, 2.18071e-53, 

94.85, 95, 0, 1.29528e-52, 

94.85, 96, 0, 7.72365e-52, 

94.85, 97, 0, 4.61196e-51, 

94.85, 98, 0, 2.75073e-50, 

94.85, 99, 0, 1.63454e-49, 

94.85, 100, 0, 9.6518e-49, 

94.85, 101, 0, 5.64869e-48, 

94.85, 102, 0, 3.26778e-47, 

94.85, 103, 0, 1.86338e-46, 

94.85, 104, 0, 1.04417e-45, 

94.85, 105, 0, 5.73019e-45, 

94.85, 106, 0, 3.0673e-44, 

94.85, 107, 0, 1.59386e-43, 

94.85, 108, 0, 7.99349e-43, 

94.85, 109, 0, 3.84202e-42, 

94.85, 110, 0, 1.75479e-41, 

94.85, 111, 0, 7.53845e-41, 

94.85, 112, 0, 3.00878e-40, 

94.85, 113, 0, 1.09931e-39, 

94.85, 114, 0, 3.61116e-39, 

94.85, 115, 0, 1.04276e-38, 

94.85, 116, 0, 2.56969e-38, 

94.85, 117, 0, 5.18017e-38, 

94.85, 118, 0, 7.96007e-38, 

94.85, 119, 0, 7.96007e-38, 

97.4847, 0, 0, 6.72777e-37, 

97.4847, 1, 0, 6.72777e-37, 

97.4847, 2, 0, 4.44005e-37, 

97.4847, 3, 0, 2.24177e-37, 

97.4847, 4, 0, 9.25796e-38, 

97.4847, 5, 0, 3.2563e-38, 

97.4847, 6, 0, 1.00368e-38, 

97.4847, 7, 0, 2.77109e-39, 

97.4847, 8, 0, 6.97607e-40, 

97.4847, 9, 0, 1.62521e-40, 

97.4847, 10, 0, 3.54799e-41, 

97.4847, 11, 0, 7.33584e-42, 

97.4847, 12, 0, 1.44951e-42, 

97.4847, 13, 0, 2.758e-43, 

97.4847, 14, 0, 5.08551e-44, 

97.4847, 15, 0, 9.13592e-45, 

97.4847, 16, 0, 1.60613e-45, 

97.4847, 17, 0, 2.77366e-46, 

97.4847, 18, 0, 4.7203e-47, 

97.4847, 19, 0, 7.93873e-48, 

97.4847, 20, 0, 1.32278e-48, 

97.4847, 21, 0, 2.18854e-49, 

97.4847, 22, 0, 3.60271e-50, 

97.4847, 23, 0, 5.91141e-51, 

97.4847, 24, 0, 9.683e-52, 

97.4847, 25, 0, 1.58542e-52, 

97.4847, 26, 0, 2.59746e-53, 

97.4847, 27, 0, 4.26173e-54, 

97.4847, 28, 0, 7.00752e-55, 

97.4847, 29, 0, 1.15553e-55, 

97.4847, 30, 0, 1.91237e-56, 

97.4847, 31, 0, 3.17969e-57, 

97.4847, 32, 0, 5.31873e-58, 

97.4847, 33, 0, 8.96649e-59, 

97.4847, 34, 0, 1.52689e-59, 

97.4847, 35, 0, 2.63349e-60, 

97.4847, 36, 0, 4.61449e-61, 

97.4847, 37, 0, 8.2415e-62, 

97.4847, 38, 0, 1.50532e-62, 

97.4847, 39, 0, 2.82117e-63, 

97.4847, 40, 0, 5.44796e-64, 

97.4847, 41, 0, 1.09985e-64, 

97.4847, 42, 0, 2.5384e-65, 

97.4847, 43, 0, 9.6982e-66, 

97.4847, 44, 0, 8.28323e-66, 

97.4847, 45, 0, 1.0037e-65, 

97.4847, 46, 0, 1.23925e-65, 

97.4847, 47, 0, 1.44962e-65, 

97.4847, 48, 0, 1.59236e-65, 

97.4847, 49, 0, 1.64871e-65, 

97.4847, 50, 0, 1.62088e-65, 

97.4847, 51, 0, 1.52685e-65, 

97.4847, 52, 0, 1.39195e-65, 

97.4847, 53, 0, 1.24096e-65, 

97.4847, 54, 0, 1.09341e-65, 

97.4847, 55, 0, 9.6264e-66, 

97.4847, 56, 0, 8.57749e-66, 

97.4847, 57, 0, 7.8717e-66, 

97.4847, 58, 0, 7.63491e-66, 

97.4847, 59, 0, 8.09883e-66, 

97.4847, 60, 0, 9.69591e-66, 

97.4847, 61, 0, 1.32133e-65, 

97.4847, 62, 0, 2.00551e-65, 

97.4847, 63, 0, 3.26976e-65, 

97.4847, 64, 0, 5.54683e-65, 

97.4847, 65, 0, 9.58355e-65, 

97.4847, 66, 0, 1.66411e-64, 

97.4847, 67, 0, 2.87746e-64, 

97.4847, 68, 0, 4.91549e-64, 

97.4847, 69, 0, 8.22826e-64, 

97.4847, 70, 0, 1.33763e-63, 

97.4847, 71, 0, 2.09113e-63, 

97.4847, 72, 0, 3.11103e-63, 

97.4847, 73, 0, 4.35798e-63, 

97.4847, 74, 0, 5.68918e-63, 

97.4847, 75, 0, 6.8579e-63, 

97.4847, 76, 0, 7.58248e-63, 

97.4847, 77, 0, 7.69737e-63, 

97.4847, 78, 0, 7.41212e-63, 

97.4847, 79, 0, 7.98779e-63, 

97.4847, 80, 0, 1.45941e-62, 

97.4847, 81, 0, 4.98722e-62, 

97.4847, 82, 0, 2.194e-61, 

97.4847, 83, 0, 1.03405e-60, 

97.4847, 84, 0, 5.03816e-60, 

97.4847, 85, 0, 2.52499e-59, 

97.4847, 86, 0, 1.30009e-58, 

97.4847, 87, 0, 6.86769e-58, 

97.4847, 88, 0, 3.71494e-57, 

97.4847, 89, 0, 2.05308e-56, 

97.4847, 90, 0, 1.15631e-55, 

97.4847, 91, 0, 6.61912e-55, 

97.4847, 92, 0, 3.84064e-54, 

97.4847, 93, 0, 2.25267e-53, 

97.4847, 94, 0, 1.332e-52, 

97.4847, 95, 0, 7.91858e-52, 

97.4847, 96, 0, 4.7202e-51, 

97.4847, 97, 0, 2.81374e-50, 

97.4847, 98, 0, 1.6729e-49, 

97.4847, 99, 0, 9.89432e-49, 

97.4847, 100, 0, 5.80646e-48, 

97.4847, 101, 0, 3.37242e-47, 

97.4847, 102, 0, 1.93358e-46, 

97.4847, 103, 0, 1.0915e-45, 

97.4847, 104, 0, 6.04898e-45, 

97.4847, 105, 0, 3.28048e-44, 

97.4847, 106, 0, 1.73438e-43, 

97.4847, 107, 0, 8.89847e-43, 

97.4847, 108, 0, 4.40583e-42, 

97.4847, 109, 0, 2.09078e-41, 

97.4847, 110, 0, 9.43065e-41, 

97.4847, 111, 0, 4.00263e-40, 

97.4847, 112, 0, 1.57922e-39, 

97.4847, 113, 0, 5.70776e-39, 

97.4847, 114, 0, 1.85631e-38, 

97.4847, 115, 0, 5.31235e-38, 

97.4847, 116, 0, 1.29902e-37, 

97.4847, 117, 0, 2.60247e-37, 

97.4847, 118, 0, 3.98304e-37, 

97.4847, 119, 0, 3.98304e-37, 

100.119, 0, 0, 4.66071e-36, 

100.119, 1, 0, 4.66071e-36, 

100.119, 2, 0, 3.0816e-36, 

100.119, 3, 0, 1.56053e-36, 

100.119, 4, 0, 6.46944e-37, 

100.119, 5, 0, 2.28599e-37, 

100.119, 6, 0, 7.08338e-38, 

100.119, 7, 0, 1.96732e-38, 

100.119, 8, 0, 4.98526e-39, 

100.119, 9, 0, 1.16978e-39, 

100.119, 10, 0, 2.57372e-40, 

100.119, 11, 0, 5.36634e-41, 

100.119, 12, 0, 1.06996e-41, 

100.119, 13, 0, 2.05557e-42, 

100.119, 14, 0, 3.82951e-43, 

100.119, 15, 0, 6.95534e-44, 

100.119, 16, 0, 1.23709e-44, 

100.119, 17, 0, 2.16286e-45, 

100.119, 18, 0, 3.72914e-46, 

100.119, 19, 0, 6.35871e-47, 

100.119, 20, 0, 1.07498e-47, 

100.119, 21, 0, 1.80581e-48, 

100.119, 22, 0, 3.02037e-49, 

100.119, 23, 0, 5.03886e-50, 

100.119, 24, 0, 8.39736e-51, 

100.119, 25, 0, 1.39971e-51, 

100.119, 26, 0, 2.33588e-52, 

100.119, 27, 0, 3.90599e-53, 

100.119, 28, 0, 6.54898e-54, 

100.119, 29, 0, 1.1017e-54, 

100.119, 30, 0, 1.86097e-55, 

100.119, 31, 0, 3.15968e-56, 

100.119, 32, 0, 5.39971e-57, 

100.119, 33, 0, 9.30483e-58, 

100.119, 34, 0, 1.62049e-58, 

100.119, 35, 0, 2.85995e-59, 

100.119, 36, 0, 5.13073e-60, 

100.119, 37, 0, 9.38715e-61, 

100.119, 38, 0, 1.75742e-61, 

100.119, 39, 0, 3.3785e-62, 

100.119, 40, 0, 6.70952e-63, 

100.119, 41, 0, 1.41692e-63, 

100.119, 42, 0, 3.77312e-64, 

100.119, 43, 0, 2.02304e-64, 

100.119, 44, 0, 2.16143e-64, 

100.119, 45, 0, 2.75406e-64, 

100.119, 46, 0, 3.42176e-64, 

100.119, 47, 0, 3.99883e-64, 

100.119, 48, 0, 4.38484e-64, 

100.119, 49, 0, 4.53286e-64, 

100.119, 50, 0, 4.4502e-64, 

100.119, 51, 0, 4.18595e-64, 

100.119, 52, 0, 3.8088e-64, 

100.119, 53, 0, 3.38587e-64, 

100.119, 54, 0, 2.97014e-64, 

100.119, 55, 0, 2.59776e-64, 

100.119, 56, 0, 2.29278e-64, 

100.119, 57, 0, 2.07621e-64, 

100.119, 58, 0, 1.9778e-64, 

100.119, 59, 0, 2.05113e-64, 

100.119, 60, 0, 2.39523e-64, 

100.119, 61, 0, 3.18898e-64, 

100.119, 62, 0, 4.74943e-64, 

100.119, 63, 0, 7.63291e-64, 

100.119, 64, 0, 1.28084e-63, 

100.119, 65, 0, 2.19445e-63, 

100.119, 66, 0, 3.78557e-63, 

100.119, 67, 0, 6.51261e-63, 

100.119, 68, 0, 1.10829e-62, 

100.119, 69, 0, 1.85011e-62, 

100.119, 70, 0, 3.00204e-62, 

100.119, 71, 0, 4.68783e-62, 

100.119, 72, 0, 6.97059e-62, 

100.119, 73, 0, 9.76413e-62, 

100.119, 74, 0, 1.27505e-61, 

100.119, 75, 0, 1.53748e-61, 

100.119, 76, 0, 1.6985e-61, 

100.119, 77, 0, 1.71148e-61, 

100.119, 78, 0, 1.58279e-61, 

100.119, 79, 0, 1.41726e-61, 

100.119, 80, 0, 1.57251e-61, 

100.119, 81, 0, 3.42226e-61, 

100.119, 82, 0, 1.31035e-60, 

100.119, 83, 0, 5.99474e-60, 

100.119, 84, 0, 2.89271e-59, 

100.119, 85, 0, 1.44261e-58, 

100.119, 86, 0, 7.40956e-58, 

100.119, 87, 0, 3.91196e-57, 

100.119, 88, 0, 2.11827e-56, 

100.119, 89, 0, 1.17331e-55, 

100.119, 90, 0, 6.62897e-55, 

100.119, 91, 0, 3.80865e-54, 

100.119, 92, 0, 2.21853e-53, 

100.119, 93, 0, 1.30617e-52, 

100.119, 94, 0, 7.74932e-52, 

100.119, 95, 0, 4.61914e-51, 

100.119, 96, 0, 2.75816e-50, 

100.119, 97, 0, 1.64511e-49, 

100.119, 98, 0, 9.774e-49, 

100.119, 99, 0, 5.76869e-48, 

100.119, 100, 0, 3.37344e-47, 

100.119, 101, 0, 1.94965e-46, 

100.119, 102, 0, 1.11081e-45, 

100.119, 103, 0, 6.22322e-45, 

100.119, 104, 0, 3.41903e-44, 

100.119, 105, 0, 1.83642e-43, 

100.119, 106, 0, 9.60862e-43, 

100.119, 107, 0, 4.87604e-42, 

100.119, 108, 0, 2.38699e-41, 

100.119, 109, 0, 1.11975e-40, 

100.119, 110, 0, 4.9928e-40, 

100.119, 111, 0, 2.09513e-39, 

100.119, 112, 0, 8.17551e-39, 

100.119, 113, 0, 2.92389e-38, 

100.119, 114, 0, 9.41588e-38, 

100.119, 115, 0, 2.67046e-37, 

100.119, 116, 0, 6.4788e-37, 

100.119, 117, 0, 1.28973e-36, 

100.119, 118, 0, 1.96571e-36, 

100.119, 119, 0, 1.96571e-36, 

102.754, 0, 0, 3.23004e-35, 

102.754, 1, 0, 3.23004e-35, 

102.754, 2, 0, 2.13992e-35, 

102.754, 3, 0, 1.08712e-35, 

102.754, 4, 0, 4.52549e-36, 

102.754, 5, 0, 1.607e-36, 

102.754, 6, 0, 5.00781e-37, 

102.754, 7, 0, 1.39974e-37, 

102.754, 8, 0, 3.57202e-38, 

102.754, 9, 0, 8.44635e-39, 

102.754, 10, 0, 1.87392e-39, 

102.754, 11, 0, 3.94255e-40, 

102.754, 12, 0, 7.93724e-41, 

102.754, 13, 0, 1.54077e-41, 

102.754, 14, 0, 2.90242e-42, 

102.754, 15, 0, 5.33416e-43, 

102.754, 16, 0, 9.60741e-44, 

102.754, 17, 0, 1.70227e-44, 

102.754, 18, 0, 2.97674e-45, 

102.754, 19, 0, 5.15195e-46, 

102.754, 20, 0, 8.84716e-47, 

102.754, 21, 0, 1.51078e-47, 

102.754, 22, 0, 2.5705e-48, 

102.754, 23, 0, 4.36513e-49, 

102.754, 24, 0, 7.40914e-50, 

102.754, 25, 0, 1.25847e-50, 

102.754, 26, 0, 2.14108e-51, 

102.754, 27, 0, 3.65137e-52, 

102.754, 28, 0, 6.24578e-53, 

102.754, 29, 0, 1.07226e-53, 

102.754, 30, 0, 1.84897e-54, 

102.754, 31, 0, 3.20569e-55, 

102.754, 32, 0, 5.59612e-56, 

102.754, 33, 0, 9.85443e-57, 

102.754, 34, 0, 1.75454e-57, 

102.754, 35, 0, 3.16722e-58, 

102.754, 36, 0, 5.81464e-59, 

102.754, 37, 0, 1.08926e-59, 

102.754, 38, 0, 2.08917e-60, 

102.754, 39, 0, 4.11861e-61, 

102.754, 40, 0, 8.42867e-62, 

102.754, 41, 0, 1.89673e-62, 

102.754, 42, 0, 6.2652e-63, 

102.754, 43, 0, 4.68633e-63, 

102.754, 44, 0, 5.72651e-63, 

102.754, 45, 0, 7.46562e-63, 

102.754, 46, 0, 9.28335e-63, 

102.754, 47, 0, 1.08213e-62, 

102.754, 48, 0, 1.18328e-62, 

102.754, 49, 0, 1.22011e-62, 

102.754, 50, 0, 1.19503e-62, 

102.754, 51, 0, 1.12135e-62, 

102.754, 52, 0, 1.01741e-62, 

102.754, 53, 0, 9.01075e-63, 

102.754, 54, 0, 7.86406e-63, 

102.754, 55, 0, 6.82947e-63, 

102.754, 56, 0, 5.96903e-63, 

102.754, 57, 0, 5.3338e-63, 

102.754, 58, 0, 4.99216e-63, 

102.754, 59, 0, 5.06465e-63, 

102.754, 60, 0, 5.77222e-63, 

102.754, 61, 0, 7.51129e-63, 

102.754, 62, 0, 1.09806e-62, 

102.754, 63, 0, 1.74005e-62, 

102.754, 64, 0, 2.88899e-62, 

102.754, 65, 0, 4.90893e-62, 

102.754, 66, 0, 8.41308e-62, 

102.754, 67, 0, 1.43996e-61, 

102.754, 68, 0, 2.44086e-61, 

102.754, 69, 0, 4.06289e-61, 

102.754, 70, 0, 6.5796e-61, 

102.754, 71, 0, 1.02623e-60, 

102.754, 72, 0, 1.52519e-60, 

102.754, 73, 0, 2.13665e-60, 

102.754, 74, 0, 2.79192e-60, 

102.754, 75, 0, 3.3701e-60, 

102.754, 76, 0, 3.72729e-60, 

102.754, 77, 0, 3.75478e-60, 

102.754, 78, 0, 3.44052e-60, 

102.754, 79, 0, 2.90853e-60, 

102.754, 80, 0, 2.4808e-60, 

102.754, 81, 0, 3.06338e-60, 

102.754, 82, 0, 8.21914e-60, 

102.754, 83, 0, 3.44393e-59, 

102.754, 84, 0, 1.62514e-58, 

102.754, 85, 0, 8.01846e-58, 

102.754, 86, 0, 4.0899e-57, 

102.754, 87, 0, 2.14976e-56, 

102.754, 88, 0, 1.16134e-55, 

102.754, 89, 0, 6.42865e-55, 

102.754, 90, 0, 3.63474e-54, 

102.754, 91, 0, 2.09201e-53, 

102.754, 92, 0, 1.22156e-52, 

102.754, 93, 0, 7.21212e-52, 

102.754, 94, 0, 4.29098e-51, 

102.754, 95, 0, 2.56436e-50, 

102.754, 96, 0, 1.53444e-49, 

102.754, 97, 0, 9.16487e-49, 

102.754, 98, 0, 5.44778e-48, 

102.754, 99, 0, 3.2136e-47, 

102.754, 100, 0, 1.87615e-46, 

102.754, 101, 0, 1.08123e-45, 

102.754, 102, 0, 6.13558e-45, 

102.754, 103, 0, 3.41966e-44, 

102.754, 104, 0, 1.86701e-43, 

102.754, 105, 0, 9.95545e-43, 

102.754, 106, 0, 5.16669e-42, 

102.754, 107, 0, 2.59873e-41, 

102.754, 108, 0, 1.26018e-40, 

102.754, 109, 0, 5.85341e-40, 

102.754, 110, 0, 2.58356e-39, 

102.754, 111, 0, 1.07307e-38, 

102.754, 112, 0, 4.14481e-38, 

102.754, 113, 0, 1.46766e-37, 

102.754, 114, 0, 4.68157e-37, 

102.754, 115, 0, 1.31604e-36, 

102.754, 116, 0, 3.16773e-36, 

102.754, 117, 0, 6.26511e-36, 

102.754, 118, 0, 9.50758e-36, 

102.754, 119, 0, 9.50758e-36, 

105.389, 0, 0, 2.23824e-34, 

105.389, 1, 0, 2.23824e-34, 

105.389, 2, 0, 1.48614e-34, 

105.389, 3, 0, 7.57681e-35, 

105.389, 4, 0, 3.16862e-35, 

105.389, 5, 0, 1.13136e-35, 

105.389, 6, 0, 3.54779e-36, 

105.389, 7, 0, 9.98634e-37, 

105.389, 8, 0, 2.56822e-37, 

105.389, 9, 0, 6.12423e-38, 

105.389, 10, 0, 1.3712e-38, 

105.389, 11, 0, 2.91344e-39, 

105.389, 12, 0, 5.92779e-40, 

105.389, 13, 0, 1.1638e-40, 

105.389, 14, 0, 2.21901e-41, 

105.389, 15, 0, 4.13114e-42, 

105.389, 16, 0, 7.5434e-43, 

105.389, 17, 0, 1.35614e-43, 

105.389, 18, 0, 2.40818e-44, 

105.389, 19, 0, 4.23581e-45, 

105.389, 20, 0, 7.398e-46, 

105.389, 21, 0, 1.28576e-46, 

105.389, 22, 0, 2.22785e-47, 

105.389, 23, 0, 3.8548e-48, 

105.389, 24, 0, 6.6694e-49, 

105.389, 25, 0, 1.15508e-49, 

105.389, 26, 0, 2.00419e-50, 

105.389, 27, 0, 3.48624e-51, 

105.389, 28, 0, 6.08304e-52, 

105.389, 29, 0, 1.06536e-52, 

105.389, 30, 0, 1.87425e-53, 

105.389, 31, 0, 3.31576e-54, 

105.389, 32, 0, 5.90758e-55, 

105.389, 33, 0, 1.06207e-55, 

105.389, 34, 0, 1.93136e-56, 

105.389, 35, 0, 3.56265e-57, 

105.389, 36, 0, 6.68737e-58, 

105.389, 37, 0, 1.28162e-58, 

105.389, 38, 0, 2.51645e-59, 

105.389, 39, 0, 5.08666e-60, 

105.389, 40, 0, 1.07761e-60, 

105.389, 41, 0, 2.67136e-61, 

105.389, 42, 0, 1.17586e-61, 

105.389, 43, 0, 1.15144e-61, 

105.389, 44, 0, 1.51275e-61, 

105.389, 45, 0, 1.9902e-61, 

105.389, 46, 0, 2.4699e-61, 

105.389, 47, 0, 2.86872e-61, 

105.389, 48, 0, 3.12549e-61, 

105.389, 49, 0, 3.21181e-61, 

105.389, 50, 0, 3.13554e-61, 

105.389, 51, 0, 2.93238e-61, 

105.389, 52, 0, 2.65066e-61, 

105.389, 53, 0, 2.33697e-61, 

105.389, 54, 0, 2.02784e-61, 

105.389, 55, 0, 1.74781e-61, 

105.389, 56, 0, 1.51244e-61, 

105.389, 57, 0, 1.33377e-61, 

105.389, 58, 0, 1.22705e-61, 

105.389, 59, 0, 1.2186e-61, 

105.389, 60, 0, 1.35641e-61, 

105.389, 61, 0, 1.72614e-61, 

105.389, 62, 0, 2.47805e-61, 

105.389, 63, 0, 3.87361e-61, 

105.389, 64, 0, 6.36526e-61, 

105.389, 65, 0, 1.07286e-60, 

105.389, 66, 0, 1.82676e-60, 

105.389, 67, 0, 3.11031e-60, 

105.389, 68, 0, 5.25055e-60, 

105.389, 69, 0, 8.71268e-60, 

105.389, 70, 0, 1.40793e-59, 

105.389, 71, 0, 2.19314e-59, 

105.389, 72, 0, 3.25794e-59, 

105.389, 73, 0, 4.56541e-59, 

105.389, 74, 0, 5.97171e-59, 

105.389, 75, 0, 7.221e-59, 

105.389, 76, 0, 8.00528e-59, 

105.389, 77, 0, 8.08513e-59, 

105.389, 78, 0, 7.41349e-59, 

105.389, 79, 0, 6.18832e-59, 

105.389, 80, 0, 4.83445e-59, 

105.389, 81, 0, 4.1237e-59, 

105.389, 82, 0, 6.27036e-59, 

105.389, 83, 0, 2.06691e-58, 

105.389, 84, 0, 9.23637e-58, 

105.389, 85, 0, 4.46835e-57, 

105.389, 86, 0, 2.24973e-56, 

105.389, 87, 0, 1.17079e-55, 

105.389, 88, 0, 6.27686e-55, 

105.389, 89, 0, 3.45527e-54, 

105.389, 90, 0, 1.94607e-53, 

105.389, 91, 0, 1.11734e-52, 

105.389, 92, 0, 6.51565e-52, 

105.389, 93, 0, 3.84484e-51, 

105.389, 94, 0, 2.28759e-50, 

105.389, 95, 0, 1.3675e-49, 

105.389, 96, 0, 8.18541e-49, 

105.389, 97, 0, 4.88969e-48, 

105.389, 98, 0, 2.90588e-47, 

105.389, 99, 0, 1.71287e-46, 

105.389, 100, 0, 9.98583e-46, 

105.389, 101, 0, 5.74236e-45, 

105.389, 102, 0, 3.24878e-44, 

105.389, 103, 0, 1.8037e-43, 

105.389, 104, 0, 9.80076e-43, 

105.389, 105, 0, 5.19675e-42, 

105.389, 106, 0, 2.6797e-41, 

105.389, 107, 0, 1.33817e-40, 

105.389, 108, 0, 6.4383e-40, 

105.389, 109, 0, 2.96547e-39, 

105.389, 110, 0, 1.29737e-38, 

105.389, 111, 0, 5.33951e-38, 

105.389, 112, 0, 2.04336e-37, 

105.389, 113, 0, 7.1688e-37, 

105.389, 114, 0, 2.26615e-36, 

105.389, 115, 0, 6.31608e-36, 

105.389, 116, 0, 1.50851e-35, 

105.389, 117, 0, 2.96412e-35, 

105.389, 118, 0, 4.47837e-35, 

105.389, 119, 0, 4.47837e-35, 

108.024, 0, 0, 1.54835e-33, 

108.024, 1, 0, 1.54835e-33, 

108.024, 2, 0, 1.03068e-33, 

108.024, 3, 0, 5.27606e-34, 

108.024, 4, 0, 2.21797e-34, 

108.024, 5, 0, 7.96841e-35, 

108.024, 6, 0, 2.51648e-35, 

108.024, 7, 0, 7.13934e-36, 

108.024, 8, 0, 1.85198e-36, 

108.024, 9, 0, 4.45794e-37, 

108.024, 10, 0, 1.0083e-37, 

108.024, 11, 0, 2.16587e-38, 

108.024, 12, 0, 4.45854e-39, 

108.024, 13, 0, 8.86343e-40, 

108.024, 14, 0, 1.71262e-40, 

108.024, 15, 0, 3.23381e-41, 

108.024, 16, 0, 5.99413e-42, 

108.024, 17, 0, 1.09482e-42, 

108.024, 18, 0, 1.9768e-43, 

108.024, 19, 0, 3.53817e-44, 

108.024, 20, 0, 6.29251e-45, 

108.024, 21, 0, 1.11427e-45, 

108.024, 22, 0, 1.96807e-46, 

108.024, 23, 0, 3.47232e-47, 

108.024, 24, 0, 6.12698e-48, 

108.024, 25, 0, 1.08226e-48, 

108.024, 26, 0, 1.91508e-49, 

108.024, 27, 0, 3.39677e-50, 

108.024, 28, 0, 6.04238e-51, 

108.024, 29, 0, 1.07866e-51, 

108.024, 30, 0, 1.93404e-52, 

108.024, 31, 0, 3.48715e-53, 

108.024, 32, 0, 6.33288e-54, 

108.024, 33, 0, 1.16084e-54, 

108.024, 34, 0, 2.15323e-55, 

108.024, 35, 0, 4.05367e-56, 

108.024, 36, 0, 7.77046e-57, 

108.024, 37, 0, 1.52177e-57, 

108.024, 38, 0, 3.05586e-58, 

108.024, 39, 0, 6.33459e-59, 

108.024, 40, 0, 1.40215e-59, 

108.024, 41, 0, 4.03447e-60, 

108.024, 42, 0, 2.45777e-60, 

108.024, 43, 0, 2.89487e-60, 

108.024, 44, 0, 3.94389e-60, 

108.024, 45, 0, 5.20021e-60, 

108.024, 46, 0, 6.43154e-60, 

108.024, 47, 0, 7.43848e-60, 

108.024, 48, 0, 8.0704e-60, 

108.024, 49, 0, 8.25999e-60, 

108.024, 50, 0, 8.03217e-60, 

108.024, 51, 0, 7.48152e-60, 

108.024, 52, 0, 6.73296e-60, 

108.024, 53, 0, 5.90575e-60, 

108.024, 54, 0, 5.09249e-60, 

108.024, 55, 0, 4.35474e-60, 

108.024, 56, 0, 3.73043e-60, 

108.024, 57, 0, 3.2471e-60, 

108.024, 58, 0, 2.93758e-60, 

108.024, 59, 0, 2.85764e-60, 

108.024, 60, 0, 3.10853e-60, 

108.024, 61, 0, 3.87062e-60, 

108.024, 62, 0, 5.4593e-60, 

108.024, 63, 0, 8.42134e-60, 

108.024, 64, 0, 1.37e-59, 

108.024, 65, 0, 2.29078e-59, 

108.024, 66, 0, 3.87502e-59, 

108.024, 67, 0, 6.562e-59, 

108.024, 68, 0, 1.10287e-58, 

108.024, 69, 0, 1.82388e-58, 

108.024, 70, 0, 2.9402e-58, 

108.024, 71, 0, 4.57345e-58, 

108.024, 72, 0, 6.79093e-58, 

108.024, 73, 0, 9.52148e-58, 

108.024, 74, 0, 1.24736e-57, 

108.024, 75, 0, 1.51215e-57, 

108.024, 76, 0, 1.68232e-57, 

108.024, 77, 0, 1.70659e-57, 

108.024, 78, 0, 1.57212e-57, 

108.024, 79, 0, 1.31442e-57, 

108.024, 80, 0, 1.00612e-57, 

108.024, 81, 0, 7.43471e-58, 

108.024, 82, 0, 6.93267e-58, 

108.024, 83, 0, 1.42008e-57, 

108.024, 84, 0, 5.51604e-57, 

108.024, 85, 0, 2.57447e-56, 

108.024, 86, 0, 1.27147e-55, 

108.024, 87, 0, 6.51582e-55, 

108.024, 88, 0, 3.44779e-54, 

108.024, 89, 0, 1.87688e-53, 

108.024, 90, 0, 1.0472e-52, 

108.024, 91, 0, 5.9653e-52, 

108.024, 92, 0, 3.4558e-51, 

108.024, 93, 0, 2.02809e-50, 

108.024, 94, 0, 1.20113e-49, 

108.024, 95, 0, 7.15205e-49, 

108.024, 96, 0, 4.2662e-48, 

108.024, 97, 0, 2.54042e-47, 

108.024, 98, 0, 1.50515e-46, 

108.024, 99, 0, 8.84483e-46, 

108.024, 100, 0, 5.13974e-45, 

108.024, 101, 0, 2.9452e-44, 

108.024, 102, 0, 1.65975e-43, 

108.024, 103, 0, 9.17447e-43, 

108.024, 104, 0, 4.9607e-42, 

108.024, 105, 0, 2.61597e-41, 

108.024, 106, 0, 1.34076e-40, 

108.024, 107, 0, 6.65103e-40, 

108.024, 108, 0, 3.17704e-39, 

108.024, 109, 0, 1.45212e-38, 

108.024, 110, 0, 6.30152e-38, 

108.024, 111, 0, 2.57169e-37, 

108.024, 112, 0, 9.75679e-37, 

108.024, 113, 0, 3.39337e-36, 

108.024, 114, 0, 1.06353e-35, 

108.024, 115, 0, 2.94e-35, 

108.024, 116, 0, 6.96909e-35, 

108.024, 117, 0, 1.36067e-34, 

108.024, 118, 0, 2.04681e-34, 

108.024, 119, 0, 2.04681e-34, 

110.658, 0, 0, 1.06686e-32, 

110.658, 1, 0, 1.06686e-32, 

110.658, 2, 0, 7.12226e-33, 

110.658, 3, 0, 3.66268e-33, 

110.658, 4, 0, 1.54882e-33, 

110.658, 5, 0, 5.60333e-34, 

110.658, 6, 0, 1.78366e-34, 

110.658, 7, 0, 5.10513e-35, 

110.658, 8, 0, 1.33714e-35, 

110.658, 9, 0, 3.25252e-36, 

110.658, 10, 0, 7.43992e-37, 

110.658, 11, 0, 1.61752e-37, 

110.658, 12, 0, 3.37292e-38, 

110.658, 13, 0, 6.79786e-39, 

110.658, 14, 0, 1.33277e-39, 

110.658, 15, 0, 2.55567e-40, 

110.658, 16, 0, 4.81483e-41, 

110.658, 17, 0, 8.94582e-42, 

110.658, 18, 0, 1.64436e-42, 

110.658, 19, 0, 2.99828e-43, 

110.658, 20, 0, 5.43539e-44, 

110.658, 21, 0, 9.8153e-45, 

110.658, 22, 0, 1.76842e-45, 

110.658, 23, 0, 3.18305e-46, 

110.658, 24, 0, 5.72959e-47, 

110.658, 25, 0, 1.0322e-47, 

110.658, 26, 0, 1.86222e-48, 

110.658, 27, 0, 3.36619e-49, 

110.658, 28, 0, 6.09985e-50, 

110.658, 29, 0, 1.10883e-50, 

110.658, 30, 0, 2.02391e-51, 

110.658, 31, 0, 3.71431e-52, 

110.658, 32, 0, 6.86612e-53, 

110.658, 33, 0, 1.28139e-53, 

110.658, 34, 0, 2.42091e-54, 

110.658, 35, 0, 4.64451e-55, 

110.658, 36, 0, 9.07829e-56, 

110.658, 37, 0, 1.81404e-56, 

110.658, 38, 0, 3.72059e-57, 

110.658, 39, 0, 7.91693e-58, 

110.658, 40, 0, 1.86376e-58, 

110.658, 41, 0, 6.66277e-59, 

110.658, 42, 0, 5.5269e-59, 

110.658, 43, 0, 7.27819e-59, 

110.658, 44, 0, 1.00827e-58, 

110.658, 45, 0, 1.32779e-58, 

110.658, 46, 0, 1.63539e-58, 

110.658, 47, 0, 1.88292e-58, 

110.658, 48, 0, 2.03385e-58, 

110.658, 49, 0, 2.07271e-58, 

110.658, 50, 0, 2.00701e-58, 

110.658, 51, 0, 1.86124e-58, 

110.658, 52, 0, 1.66706e-58, 

110.658, 53, 0, 1.45427e-58, 

110.658, 54, 0, 1.24583e-58, 

110.658, 55, 0, 1.05679e-58, 

110.658, 56, 0, 8.96167e-59, 

110.658, 57, 0, 7.7008e-59, 

110.658, 58, 0, 6.85355e-59, 

110.658, 59, 0, 6.53413e-59, 

110.658, 60, 0, 6.95006e-59, 

110.658, 61, 0, 8.47114e-59, 

110.658, 62, 0, 1.17428e-58, 

110.658, 63, 0, 1.7881e-58, 

110.658, 64, 0, 2.8805e-58, 

110.658, 65, 0, 4.77861e-58, 

110.658, 66, 0, 8.02982e-58, 

110.658, 67, 0, 1.35211e-57, 

110.658, 68, 0, 2.26179e-57, 

110.658, 69, 0, 3.7265e-57, 

110.658, 70, 0, 5.99122e-57, 

110.658, 71, 0, 9.30461e-57, 

110.658, 72, 0, 1.38105e-56, 

110.658, 73, 0, 1.93795e-56, 

110.658, 74, 0, 2.54414e-56, 

110.658, 75, 0, 3.09471e-56, 

110.658, 76, 0, 3.45919e-56, 

110.658, 77, 0, 3.53008e-56, 

110.658, 78, 0, 3.27477e-56, 

110.658, 79, 0, 2.75725e-56, 

110.658, 80, 0, 2.11334e-56, 

110.658, 81, 0, 1.50247e-56, 

110.658, 82, 0, 1.10054e-56, 

110.658, 83, 0, 1.28578e-56, 

110.658, 84, 0, 3.62473e-56, 

110.658, 85, 0, 1.56879e-55, 

110.658, 86, 0, 7.54551e-55, 

110.658, 87, 0, 3.79374e-54, 

110.658, 88, 0, 1.97381e-53, 

110.658, 89, 0, 1.05814e-52, 

110.658, 90, 0, 5.822e-52, 

110.658, 91, 0, 3.27464e-51, 

110.658, 92, 0, 1.87527e-50, 

110.658, 93, 0, 1.08899e-49, 

110.658, 94, 0, 6.38754e-49, 

110.658, 95, 0, 3.76973e-48, 

110.658, 96, 0, 2.23013e-47, 

110.658, 97, 0, 1.31773e-46, 

110.658, 98, 0, 7.74995e-46, 

110.658, 99, 0, 4.52202e-45, 

110.658, 100, 0, 2.60968e-44, 

110.658, 101, 0, 1.48526e-43, 

110.658, 102, 0, 8.31333e-43, 

110.658, 103, 0, 4.5638e-42, 

110.658, 104, 0, 2.45044e-41, 

110.658, 105, 0, 1.28294e-40, 

110.658, 106, 0, 6.5268e-40, 

110.658, 107, 0, 3.21294e-39, 

110.658, 108, 0, 1.52261e-38, 

110.658, 109, 0, 6.90265e-38, 

110.658, 110, 0, 2.97041e-37, 

110.658, 111, 0, 1.20194e-36, 

110.658, 112, 0, 4.52104e-36, 

110.658, 113, 0, 1.55902e-35, 

110.658, 114, 0, 4.84563e-35, 

110.658, 115, 0, 1.32892e-34, 

110.658, 116, 0, 3.12736e-34, 

110.658, 117, 0, 6.06862e-34, 

110.658, 118, 0, 9.09047e-34, 

110.658, 119, 0, 9.09047e-34, 

113.293, 0, 0, 7.30323e-32, 

113.293, 1, 0, 7.30323e-32, 

113.293, 2, 0, 4.89135e-32, 

113.293, 3, 0, 2.52833e-32, 

113.293, 4, 0, 1.07617e-32, 

113.293, 5, 0, 3.92366e-33, 

113.293, 6, 0, 1.26003e-33, 

113.293, 7, 0, 3.64178e-34, 

113.293, 8, 0, 9.64084e-35, 

113.293, 9, 0, 2.37228e-35, 

113.293, 10, 0, 5.49402e-36, 

113.293, 11, 0, 1.21035e-36, 

113.293, 12, 0, 2.55961e-37, 

113.293, 13, 0, 5.23613e-38, 

113.293, 14, 0, 1.04288e-38, 

113.293, 15, 0, 2.03322e-39, 

113.293, 16, 0, 3.89777e-40, 

113.293, 17, 0, 7.37474e-41, 

113.293, 18, 0, 1.3814e-41, 

113.293, 19, 0, 2.56829e-42, 

113.293, 20, 0, 4.74955e-43, 

113.293, 21, 0, 8.75191e-44, 

113.293, 22, 0, 1.6092e-44, 

113.293, 23, 0, 2.95565e-45, 

113.293, 24, 0, 5.42751e-46, 

113.293, 25, 0, 9.97059e-47, 

113.293, 26, 0, 1.83325e-47, 

113.293, 27, 0, 3.37517e-48, 

113.293, 28, 0, 6.22545e-49, 

113.293, 29, 0, 1.15125e-49, 

113.293, 30, 0, 2.13677e-50, 

113.293, 31, 0, 3.98653e-51, 

113.293, 32, 0, 7.49112e-52, 

113.293, 33, 0, 1.42131e-52, 

113.293, 34, 0, 2.73074e-53, 

113.293, 35, 0, 5.32982e-54, 

113.293, 36, 0, 1.06033e-54, 

113.293, 37, 0, 2.15761e-55, 

113.293, 38, 0, 4.51256e-56, 

113.293, 39, 0, 9.88613e-57, 

113.293, 40, 0, 2.55573e-57, 

113.293, 41, 0, 1.21284e-57, 

113.293, 42, 0, 1.2889e-57, 

113.293, 43, 0, 1.80468e-57, 

113.293, 44, 0, 2.51574e-57, 

113.293, 45, 0, 3.30278e-57, 

113.293, 46, 0, 4.04974e-57, 

113.293, 47, 0, 4.64156e-57, 

113.293, 48, 0, 4.99174e-57, 

113.293, 49, 0, 5.06567e-57, 

113.293, 50, 0, 4.88458e-57, 

113.293, 51, 0, 4.5102e-57, 

113.293, 52, 0, 4.02048e-57, 

113.293, 53, 0, 3.48816e-57, 

113.293, 54, 0, 2.96869e-57, 

113.293, 55, 0, 2.49808e-57, 

113.293, 56, 0, 2.09728e-57, 

113.293, 57, 0, 1.77955e-57, 

113.293, 58, 0, 1.5586e-57, 

113.293, 59, 0, 1.45702e-57, 

113.293, 60, 0, 1.51603e-57, 

113.293, 61, 0, 1.80938e-57, 

113.293, 62, 0, 2.4658e-57, 

113.293, 63, 0, 3.70748e-57, 

113.293, 64, 0, 5.91556e-57, 

113.293, 65, 0, 9.73769e-57, 

113.293, 66, 0, 1.62543e-56, 

113.293, 67, 0, 2.7212e-56, 

113.293, 68, 0, 4.52962e-56, 

113.293, 69, 0, 7.43333e-56, 

113.293, 70, 0, 1.19163e-55, 

113.293, 71, 0, 1.84754e-55, 

113.293, 72, 0, 2.74129e-55, 

113.293, 73, 0, 3.85091e-55, 

113.293, 74, 0, 5.06871e-55, 

113.293, 75, 0, 6.19143e-55, 

113.293, 76, 0, 6.96063e-55, 

113.293, 77, 0, 7.15539e-55, 

113.293, 78, 0, 6.69616e-55, 

113.293, 79, 0, 5.69331e-55, 

113.293, 80, 0, 4.40295e-55, 

113.293, 81, 0, 3.1217e-55, 

113.293, 82, 0, 2.10999e-55, 

113.293, 83, 0, 1.6796e-55, 

113.293, 84, 0, 2.82943e-55, 

113.293, 85, 0, 1.02732e-54, 

113.293, 86, 0, 4.73828e-54, 

113.293, 87, 0, 2.33158e-53, 

113.293, 88, 0, 1.19116e-52, 

113.293, 89, 0, 6.27815e-52, 

113.293, 90, 0, 3.39933e-51, 

113.293, 91, 0, 1.88308e-50, 

113.293, 92, 0, 1.06282e-49, 

113.293, 93, 0, 6.08686e-49, 

113.293, 94, 0, 3.52298e-48, 

113.293, 95, 0, 2.05261e-47, 

113.293, 96, 0, 1.19928e-46, 

113.293, 97, 0, 7.00113e-46, 

113.293, 98, 0, 4.06936e-45, 

113.293, 99, 0, 2.34724e-44, 

113.293, 100, 0, 1.3394e-43, 

113.293, 101, 0, 7.53902e-43, 

113.293, 102, 0, 4.17405e-42, 

113.293, 103, 0, 2.267e-41, 

113.293, 104, 0, 1.20442e-40, 

113.293, 105, 0, 6.24041e-40, 

113.293, 106, 0, 3.1422e-39, 

113.293, 107, 0, 1.53115e-38, 

113.293, 108, 0, 7.18356e-38, 

113.293, 109, 0, 3.22449e-37, 

113.293, 110, 0, 1.37411e-36, 

113.293, 111, 0, 5.50722e-36, 

113.293, 112, 0, 2.05229e-35, 

113.293, 113, 0, 7.01369e-35, 

113.293, 114, 0, 2.16137e-34, 

113.293, 115, 0, 5.88062e-34, 

113.293, 116, 0, 1.37407e-33, 

113.293, 117, 0, 2.65062e-33, 

113.293, 118, 0, 3.95462e-33, 

113.293, 119, 0, 3.95462e-33, 

115.928, 0, 0, 4.95554e-31, 

115.928, 1, 0, 4.95554e-31, 

115.928, 2, 0, 3.33066e-31, 

115.928, 3, 0, 1.73124e-31, 

115.928, 4, 0, 7.42167e-32, 

115.928, 5, 0, 2.72881e-32, 

115.928, 6, 0, 8.84754e-33, 

115.928, 7, 0, 2.58445e-33, 

115.928, 8, 0, 6.92155e-34, 

115.928, 9, 0, 1.7246e-34, 

115.928, 10, 0, 4.04793e-35, 

115.928, 11, 0, 9.04593e-36, 

115.928, 12, 0, 1.94215e-36, 

115.928, 13, 0, 4.03698e-37, 

115.928, 14, 0, 8.17662e-38, 

115.928, 15, 0, 1.62244e-38, 

115.928, 16, 0, 3.16789e-39, 

115.928, 17, 0, 6.109e-40, 

115.928, 18, 0, 1.16699e-40, 

115.928, 19, 0, 2.21373e-41, 

115.928, 20, 0, 4.1783e-42, 

115.928, 21, 0, 7.8591e-43, 

115.928, 22, 0, 1.47494e-43, 

115.928, 23, 0, 2.7644e-44, 

115.928, 24, 0, 5.17767e-45, 

115.928, 25, 0, 9.69567e-46, 

115.928, 26, 0, 1.81589e-46, 

115.928, 27, 0, 3.40284e-47, 

115.928, 28, 0, 6.3836e-48, 

115.928, 29, 0, 1.19982e-48, 

115.928, 30, 0, 2.26211e-49, 

115.928, 31, 0, 4.28535e-50, 

115.928, 32, 0, 8.17482e-51, 

115.928, 33, 0, 1.57448e-51, 

115.928, 34, 0, 3.07097e-52, 

115.928, 35, 0, 6.08589e-53, 

115.928, 36, 0, 1.22956e-53, 

115.928, 37, 0, 2.54169e-54, 

115.928, 38, 0, 5.41263e-55, 

115.928, 39, 0, 1.23029e-55, 

115.928, 40, 0, 3.68004e-56, 

115.928, 41, 0, 2.40432e-56, 

115.928, 42, 0, 3.03094e-56, 

115.928, 43, 0, 4.37619e-56, 

115.928, 44, 0, 6.10329e-56, 

115.928, 45, 0, 7.97917e-56, 

115.928, 46, 0, 9.73828e-56, 

115.928, 47, 0, 1.1112e-55, 

115.928, 48, 0, 1.19011e-55, 

115.928, 49, 0, 1.20304e-55, 

115.928, 50, 0, 1.15559e-55, 

115.928, 51, 0, 1.06276e-55, 

115.928, 52, 0, 9.43166e-56, 

115.928, 53, 0, 8.1404e-56, 

115.928, 54, 0, 6.88446e-56, 

115.928, 55, 0, 5.74794e-56, 

115.928, 56, 0, 4.77864e-56, 

115.928, 57, 0, 4.00479e-56, 

115.928, 58, 0, 3.45306e-56, 

115.928, 59, 0, 3.16645e-56, 

115.928, 60, 0, 3.22421e-56, 

115.928, 61, 0, 3.76909e-56, 

115.928, 62, 0, 5.05109e-56, 

115.928, 63, 0, 7.50171e-56, 

115.928, 64, 0, 1.18598e-55, 

115.928, 65, 0, 1.93773e-55, 

115.928, 66, 0, 3.21369e-55, 

115.928, 67, 0, 5.34963e-55, 

115.928, 68, 0, 8.86116e-55, 

115.928, 69, 0, 1.44834e-54, 

115.928, 70, 0, 2.31499e-54, 

115.928, 71, 0, 3.58322e-54, 

115.928, 72, 0, 5.31526e-54, 

115.928, 73, 0, 7.47665e-54, 

115.928, 74, 0, 9.87071e-54, 

115.928, 75, 0, 1.21148e-53, 

115.928, 76, 0, 1.37096e-53, 

115.928, 77, 0, 1.42111e-53, 

115.928, 78, 0, 1.34327e-53, 

115.928, 79, 0, 1.15524e-53, 

115.928, 80, 0, 9.04367e-54, 

115.928, 81, 0, 6.47199e-54, 

115.928, 82, 0, 4.30431e-54, 

115.928, 83, 0, 2.89662e-54, 

115.928, 84, 0, 2.92813e-54, 

115.928, 85, 0, 7.4358e-54, 

115.928, 86, 0, 3.14612e-53, 

115.928, 87, 0, 1.50674e-52, 

115.928, 88, 0, 7.55544e-52, 

115.928, 89, 0, 3.91578e-51, 

115.928, 90, 0, 2.08671e-50, 

115.928, 91, 0, 1.13835e-49, 

115.928, 92, 0, 6.32972e-49, 

115.928, 93, 0, 3.57229e-48, 

115.928, 94, 0, 2.03778e-47, 

115.928, 95, 0, 1.17022e-46, 

115.928, 96, 0, 6.73892e-46, 

115.928, 97, 0, 3.87717e-45, 

115.928, 98, 0, 2.22082e-44, 

115.928, 99, 0, 1.26227e-43, 

115.928, 100, 0, 7.09726e-43, 

115.928, 101, 0, 3.93619e-42, 

115.928, 102, 0, 2.14746e-41, 

115.928, 103, 0, 1.14942e-40, 

115.928, 104, 0, 6.01939e-40, 

115.928, 105, 0, 3.07504e-39, 

115.928, 106, 0, 1.52715e-38, 

115.928, 107, 0, 7.34257e-38, 

115.928, 108, 0, 3.40052e-37, 

115.928, 109, 0, 1.50748e-36, 

115.928, 110, 0, 6.34788e-36, 

115.928, 111, 0, 2.51536e-35, 

115.928, 112, 0, 9.27334e-35, 

115.928, 113, 0, 3.13738e-34, 

115.928, 114, 0, 9.57873e-34, 

115.928, 115, 0, 2.58432e-33, 

115.928, 116, 0, 5.99444e-33, 

115.928, 117, 0, 1.14951e-32, 

115.928, 118, 0, 1.70836e-32, 

115.928, 119, 0, 1.70836e-32, 

118.562, 0, 0, 3.32738e-30, 

118.562, 1, 0, 3.32738e-30, 

118.562, 2, 0, 2.24473e-30, 

118.562, 3, 0, 1.17374e-30, 

118.562, 4, 0, 5.07014e-31, 

118.562, 5, 0, 1.88107e-31, 

118.562, 6, 0, 6.16168e-32, 

118.562, 7, 0, 1.82044e-32, 

118.562, 8, 0, 4.9362e-33, 

118.562, 9, 0, 1.24648e-33, 

118.562, 10, 0, 2.96785e-34, 

118.562, 11, 0, 6.7339e-35, 

118.562, 12, 0, 1.46919e-35, 

118.562, 13, 0, 3.10597e-36, 

118.562, 14, 0, 6.4033e-37, 

118.562, 15, 0, 1.29423e-37, 

118.562, 16, 0, 2.57583e-38, 

118.562, 17, 0, 5.0661e-39, 

118.562, 18, 0, 9.87477e-40, 

118.562, 19, 0, 1.91195e-40, 

118.562, 20, 0, 3.68386e-41, 

118.562, 21, 0, 7.0731e-42, 

118.562, 22, 0, 1.35469e-42, 

118.562, 23, 0, 2.59003e-43, 

118.562, 24, 0, 4.94555e-44, 

118.562, 25, 0, 9.43432e-45, 

118.562, 26, 0, 1.79852e-45, 

118.562, 27, 0, 3.42751e-46, 

118.562, 28, 0, 6.53352e-47, 

118.562, 29, 0, 1.24682e-47, 

118.562, 30, 0, 2.38518e-48, 

118.562, 31, 0, 4.58228e-49, 

118.562, 32, 0, 8.86111e-50, 

118.562, 33, 0, 1.72958e-50, 

118.562, 34, 0, 3.41814e-51, 

118.562, 35, 0, 6.86245e-52, 

118.562, 36, 0, 1.40439e-52, 

118.562, 37, 0, 2.94145e-53, 

118.562, 38, 0, 6.37529e-54, 

118.562, 39, 0, 1.53007e-54, 

118.562, 40, 0, 5.69395e-55, 

118.562, 41, 0, 5.05233e-55, 

118.562, 42, 0, 7.06108e-55, 

118.562, 43, 0, 1.03276e-54, 

118.562, 44, 0, 1.43607e-54, 

118.562, 45, 0, 1.86808e-54, 

118.562, 46, 0, 2.26893e-54, 

118.562, 47, 0, 2.57787e-54, 

118.562, 48, 0, 2.7504e-54, 

118.562, 49, 0, 2.77062e-54, 

118.562, 50, 0, 2.65244e-54, 

118.562, 51, 0, 2.43085e-54, 

118.562, 52, 0, 2.14876e-54, 

118.562, 53, 0, 1.84571e-54, 

118.562, 54, 0, 1.55165e-54, 

118.562, 55, 0, 1.28577e-54, 

118.562, 56, 0, 1.05879e-54, 

118.562, 57, 0, 8.76648e-55, 

118.562, 58, 0, 7.44376e-55, 

118.562, 59, 0, 6.6983e-55, 

118.562, 60, 0, 6.67683e-55, 

118.562, 61, 0, 7.6471e-55, 

118.562, 62, 0, 1.00812e-54, 

118.562, 63, 0, 1.4796e-54, 

118.562, 64, 0, 2.31895e-54, 

118.562, 65, 0, 3.76265e-54, 

118.562, 66, 0, 6.20304e-54, 

118.562, 67, 0, 1.02712e-53, 

118.562, 68, 0, 1.69348e-53, 

118.562, 69, 0, 2.75745e-53, 

118.562, 70, 0, 4.39517e-53, 

118.562, 71, 0, 6.79228e-53, 

118.562, 72, 0, 1.00741e-52, 

118.562, 73, 0, 1.41914e-52, 

118.562, 74, 0, 1.87962e-52, 

118.562, 75, 0, 2.31873e-52, 

118.562, 76, 0, 2.64245e-52, 

118.562, 77, 0, 2.76368e-52, 

118.562, 78, 0, 2.64057e-52, 

118.562, 79, 0, 2.2994e-52, 

118.562, 80, 0, 1.82501e-52, 

118.562, 81, 0, 1.32413e-52, 

118.562, 82, 0, 8.85984e-53, 

118.562, 83, 0, 5.66337e-53, 

118.562, 84, 0, 4.1775e-53, 

118.562, 85, 0, 6.37632e-53, 

118.562, 86, 0, 2.22305e-52, 

118.562, 87, 0, 1.01695e-51, 

118.562, 88, 0, 4.99056e-51, 

118.562, 89, 0, 2.54254e-50, 

118.562, 90, 0, 1.33414e-49, 

118.562, 91, 0, 7.17339e-49, 

118.562, 92, 0, 3.93365e-48, 

118.562, 93, 0, 2.18996e-47, 

118.562, 94, 0, 1.23235e-46, 

118.562, 95, 0, 6.97997e-46, 

118.562, 96, 0, 3.96315e-45, 

118.562, 97, 0, 2.24717e-44, 

118.562, 98, 0, 1.2679e-43, 

118.562, 99, 0, 7.09485e-43, 

118.562, 100, 0, 3.92543e-42, 

118.562, 101, 0, 2.14138e-41, 

118.562, 102, 0, 1.14875e-40, 

118.562, 103, 0, 6.04483e-40, 

118.562, 104, 0, 3.11207e-39, 

118.562, 105, 0, 1.56314e-38, 

118.562, 106, 0, 7.63482e-38, 

118.562, 107, 0, 3.61179e-37, 

118.562, 108, 0, 1.64671e-36, 

118.562, 109, 0, 7.19131e-36, 

118.562, 110, 0, 2.98534e-35, 

118.562, 111, 0, 1.16717e-34, 

118.562, 112, 0, 4.24943e-34, 

118.562, 113, 0, 1.42117e-33, 

118.562, 114, 0, 4.2937e-33, 

118.562, 115, 0, 1.14771e-32, 

118.562, 116, 0, 2.64112e-32, 

118.562, 117, 0, 5.03307e-32, 

118.562, 118, 0, 7.45008e-32, 

118.562, 119, 0, 7.45008e-32, 

121.197, 0, 0, 2.20869e-29, 

121.197, 1, 0, 2.20869e-29, 

121.197, 2, 0, 1.49588e-29, 

121.197, 3, 0, 7.87067e-30, 

121.197, 4, 0, 3.42718e-30, 

121.197, 5, 0, 1.28362e-30, 

121.197, 6, 0, 4.25027e-31, 

121.197, 7, 0, 1.27085e-31, 

121.197, 8, 0, 3.4913e-32, 

121.197, 9, 0, 8.94141e-33, 

121.197, 10, 0, 2.1613e-33, 

121.197, 11, 0, 4.98304e-34, 

121.197, 12, 0, 1.10571e-34, 

121.197, 13, 0, 2.37932e-35, 

121.197, 14, 0, 4.99663e-36, 

121.197, 15, 0, 1.02942e-36, 

121.197, 16, 0, 2.08954e-37, 

121.197, 17, 0, 4.19321e-38, 

121.197, 18, 0, 8.34191e-39, 

121.197, 19, 0, 1.64866e-39, 

121.197, 20, 0, 3.24227e-40, 

121.197, 21, 0, 6.35236e-41, 

121.197, 22, 0, 1.24095e-41, 

121.197, 23, 0, 2.41846e-42, 

121.197, 24, 0, 4.70372e-43, 

121.197, 25, 0, 9.13177e-44, 

121.197, 26, 0, 1.77001e-44, 

121.197, 27, 0, 3.42652e-45, 

121.197, 28, 0, 6.6289e-46, 

121.197, 29, 0, 1.28279e-46, 

121.197, 30, 0, 2.4866e-47, 

121.197, 31, 0, 4.83749e-48, 

121.197, 32, 0, 9.46756e-49, 

121.197, 33, 0, 1.86934e-49, 

121.197, 34, 0, 3.73539e-50, 

121.197, 35, 0, 7.57921e-51, 

121.197, 36, 0, 1.56696e-51, 

121.197, 37, 0, 3.31755e-52, 

121.197, 38, 0, 7.3384e-53, 

121.197, 39, 0, 1.92774e-53, 

121.197, 40, 0, 9.63283e-54, 

121.197, 41, 0, 1.09339e-53, 

121.197, 42, 0, 1.61439e-53, 

121.197, 43, 0, 2.36754e-53, 

121.197, 44, 0, 3.27505e-53, 

121.197, 45, 0, 4.23598e-53, 

121.197, 46, 0, 5.11895e-53, 

121.197, 47, 0, 5.7911e-53, 

121.197, 48, 0, 6.15654e-53, 

121.197, 49, 0, 6.18255e-53, 

121.197, 50, 0, 5.90166e-53, 

121.197, 51, 0, 5.3922e-53, 

121.197, 52, 0, 4.74961e-53, 

121.197, 53, 0, 4.06178e-53, 

121.197, 54, 0, 3.39534e-53, 

121.197, 55, 0, 2.79306e-53, 

121.197, 56, 0, 2.27861e-53, 

121.197, 57, 0, 1.86432e-53, 

121.197, 58, 0, 1.55935e-53, 

121.197, 59, 0, 1.37738e-53, 

121.197, 60, 0, 1.34444e-53, 

121.197, 61, 0, 1.50901e-53, 

121.197, 62, 0, 1.95761e-53, 

121.197, 63, 0, 2.84082e-53, 

121.197, 64, 0, 4.41681e-53, 

121.197, 65, 0, 7.12195e-53, 

121.197, 66, 0, 1.16788e-52, 

121.197, 67, 0, 1.92473e-52, 

121.197, 68, 0, 3.16037e-52, 

121.197, 69, 0, 5.12836e-52, 

121.197, 70, 0, 8.15359e-52, 

121.197, 71, 0, 1.25828e-51, 

121.197, 72, 0, 1.86611e-51, 

121.197, 73, 0, 2.63272e-51, 

121.197, 74, 0, 3.4983e-51, 

121.197, 75, 0, 4.33777e-51, 

121.197, 76, 0, 4.97864e-51, 

121.197, 77, 0, 5.25472e-51, 

121.197, 78, 0, 5.07661e-51, 

121.197, 79, 0, 4.47825e-51, 

121.197, 80, 0, 3.6065e-51, 

121.197, 81, 0, 2.65785e-51, 

121.197, 82, 0, 1.8032e-51, 

121.197, 83, 0, 1.14606e-51, 

121.197, 84, 0, 7.40796e-52, 

121.197, 85, 0, 7.12867e-52, 

121.197, 86, 0, 1.73158e-51, 

121.197, 87, 0, 7.19301e-51, 

121.197, 88, 0, 3.41789e-50, 

121.197, 89, 0, 1.70544e-49, 

121.197, 90, 0, 8.79732e-49, 

121.197, 91, 0, 4.66007e-48, 

121.197, 92, 0, 2.5211e-47, 

121.197, 93, 0, 1.38589e-46, 

121.197, 94, 0, 7.70376e-46, 

121.197, 95, 0, 4.31041e-45, 

121.197, 96, 0, 2.41709e-44, 

121.197, 97, 0, 1.35289e-43, 

121.197, 98, 0, 7.53006e-43, 

121.197, 99, 0, 4.15349e-42, 

121.197, 100, 0, 2.2634e-41, 

121.197, 101, 0, 1.21516e-40, 

121.197, 102, 0, 6.41101e-40, 

121.197, 103, 0, 3.31589e-39, 

121.197, 104, 0, 1.67729e-38, 

121.197, 105, 0, 8.27578e-38, 

121.197, 106, 0, 3.97071e-37, 

121.197, 107, 0, 1.84562e-36, 

121.197, 108, 0, 8.27106e-36, 

121.197, 109, 0, 3.55247e-35, 

121.197, 110, 0, 1.45148e-34, 

121.197, 111, 0, 5.59014e-34, 

121.197, 112, 0, 2.00685e-33, 

121.197, 113, 0, 6.62523e-33, 

121.197, 114, 0, 1.97828e-32, 

121.197, 115, 0, 5.23337e-32, 

121.197, 116, 0, 1.19376e-31, 

121.197, 117, 0, 2.25929e-31, 

121.197, 118, 0, 3.32979e-31, 

121.197, 119, 0, 3.32979e-31, 

123.832, 0, 0, 1.44867e-28, 

123.832, 1, 0, 1.44867e-28, 

123.832, 2, 0, 9.85151e-29, 

123.832, 3, 0, 5.21721e-29, 

123.832, 4, 0, 2.29078e-29, 

123.832, 5, 0, 8.66513e-30, 

123.832, 6, 0, 2.90159e-30, 

123.832, 7, 0, 8.78482e-31, 

123.832, 8, 0, 2.4465e-31, 

123.832, 9, 0, 6.35842e-32, 

123.832, 10, 0, 1.56128e-32, 

123.832, 11, 0, 3.6601e-33, 

123.832, 12, 0, 8.26515e-34, 

123.832, 13, 0, 1.81138e-34, 

123.832, 14, 0, 3.87688e-35, 

123.832, 15, 0, 8.14494e-36, 

123.832, 16, 0, 1.68664e-36, 

123.832, 17, 0, 3.45386e-37, 

123.832, 18, 0, 7.01208e-38, 

123.832, 19, 0, 1.41413e-38, 

123.832, 20, 0, 2.83695e-39, 

123.832, 21, 0, 5.66724e-40, 

123.832, 22, 0, 1.12808e-40, 

123.832, 23, 0, 2.23836e-41, 

123.832, 24, 0, 4.42839e-42, 

123.832, 25, 0, 8.73687e-43, 

123.832, 26, 0, 1.71928e-43, 

123.832, 27, 0, 3.37576e-44, 

123.832, 28, 0, 6.61777e-45, 

123.832, 29, 0, 1.29661e-45, 

123.832, 30, 0, 2.54276e-46, 

123.832, 31, 0, 5.00102e-47, 

123.832, 32, 0, 9.88847e-48, 

123.832, 33, 0, 1.97131e-48, 

123.832, 34, 0, 3.97463e-49, 

123.832, 35, 0, 8.13189e-50, 

123.832, 36, 0, 1.69445e-50, 

123.832, 37, 0, 3.62224e-51, 

123.832, 38, 0, 8.25979e-52, 

123.832, 39, 0, 2.53351e-52, 

123.832, 40, 0, 1.77884e-52, 

123.832, 41, 0, 2.3847e-52, 

123.832, 42, 0, 3.60943e-52, 

123.832, 43, 0, 5.27646e-52, 

123.832, 44, 0, 7.25019e-52, 

123.832, 45, 0, 9.3181e-52, 

123.832, 46, 0, 1.11999e-51, 

123.832, 47, 0, 1.26151e-51, 

123.832, 48, 0, 1.33636e-51, 

123.832, 49, 0, 1.33805e-51, 

123.832, 50, 0, 1.27382e-51, 

123.832, 51, 0, 1.16058e-51, 

123.832, 52, 0, 1.01887e-51, 

123.832, 53, 0, 8.67611e-52, 

123.832, 54, 0, 7.21226e-52, 

123.832, 55, 0, 5.89009e-52, 

123.832, 56, 0, 4.7607e-52, 

123.832, 57, 0, 3.84928e-52, 

123.832, 58, 0, 3.17187e-52, 

123.832, 59, 0, 2.75073e-52, 

123.832, 60, 0, 2.62965e-52, 

123.832, 61, 0, 2.89298e-52, 

123.832, 62, 0, 3.69422e-52, 

123.832, 63, 0, 5.30327e-52, 

123.832, 64, 0, 8.18484e-52, 

123.832, 65, 0, 1.31248e-51, 

123.832, 66, 0, 2.14231e-51, 

123.832, 67, 0, 3.51627e-51, 

123.832, 68, 0, 5.75294e-51, 

123.832, 69, 0, 9.30725e-51, 

123.832, 70, 0, 1.47642e-50, 

123.832, 71, 0, 2.27549e-50, 

123.832, 72, 0, 3.37443e-50, 

123.832, 73, 0, 4.76724e-50, 

123.832, 74, 0, 6.35396e-50, 

123.832, 75, 0, 7.91756e-50, 

123.832, 76, 0, 9.15048e-50, 

123.832, 77, 0, 9.74532e-50, 

123.832, 78, 0, 9.52006e-50, 

123.832, 79, 0, 8.50891e-50, 

123.832, 80, 0, 6.95607e-50, 

123.832, 81, 0, 5.21185e-50, 

123.832, 82, 0, 3.59637e-50, 

123.832, 83, 0, 2.3106e-50, 

123.832, 84, 0, 1.43727e-50, 

123.832, 85, 0, 1.05271e-50, 

123.832, 86, 0, 1.60312e-50, 

123.832, 87, 0, 5.46895e-50, 

123.832, 88, 0, 2.45203e-49, 

123.832, 89, 0, 1.18651e-48, 

123.832, 90, 0, 5.98125e-48, 

123.832, 91, 0, 3.10932e-47, 

123.832, 92, 0, 1.65562e-46, 

123.832, 93, 0, 8.97606e-46, 

123.832, 94, 0, 4.92768e-45, 

123.832, 95, 0, 2.72515e-44, 

123.832, 96, 0, 1.51091e-43, 

123.832, 97, 0, 8.36105e-43, 

123.832, 98, 0, 4.59929e-42, 

123.832, 99, 0, 2.50576e-41, 

123.832, 100, 0, 1.3477e-40, 

123.832, 101, 0, 7.13526e-40, 

123.832, 102, 0, 3.70918e-39, 

123.832, 103, 0, 1.88878e-38, 

123.832, 104, 0, 9.39993e-38, 

123.832, 105, 0, 4.56076e-37, 

123.832, 106, 0, 2.15113e-36, 

123.832, 107, 0, 9.82787e-36, 

123.832, 108, 0, 4.32955e-35, 

123.832, 109, 0, 1.82855e-34, 

123.832, 110, 0, 7.35022e-34, 

123.832, 111, 0, 2.78688e-33, 

123.832, 112, 0, 9.85789e-33, 

123.832, 113, 0, 3.20982e-32, 

123.832, 114, 0, 9.46427e-32, 

123.832, 115, 0, 2.4757e-31, 

123.832, 116, 0, 5.59326e-31, 

123.832, 117, 0, 1.05059e-30, 

123.832, 118, 0, 1.541e-30, 

123.832, 119, 0, 1.541e-30, 

126.467, 0, 0, 9.38278e-28, 

126.467, 1, 0, 9.38278e-28, 

126.467, 2, 0, 6.40779e-28, 

126.467, 3, 0, 3.41643e-28, 

126.467, 4, 0, 1.5131e-28, 

126.467, 5, 0, 5.78219e-29, 

126.467, 6, 0, 1.9588e-29, 

126.467, 7, 0, 6.00721e-30, 

126.467, 8, 0, 1.69659e-30, 

126.467, 9, 0, 4.47653e-31, 

126.467, 10, 0, 1.11704e-31, 

126.467, 11, 0, 2.66367e-32, 

126.467, 12, 0, 6.12343e-33, 

126.467, 13, 0, 1.36717e-33, 

126.467, 14, 0, 2.98276e-34, 

126.467, 15, 0, 6.39048e-35, 

126.467, 16, 0, 1.34985e-35, 

126.467, 17, 0, 2.81979e-36, 

126.467, 18, 0, 5.83909e-37, 

126.467, 19, 0, 1.20067e-37, 

126.467, 20, 0, 2.45464e-38, 

126.467, 21, 0, 4.99344e-39, 

126.467, 22, 0, 1.01132e-39, 

126.467, 23, 0, 2.03979e-40, 

126.467, 24, 0, 4.09793e-41, 

126.467, 25, 0, 8.20141e-42, 

126.467, 26, 0, 1.63551e-42, 

126.467, 27, 0, 3.25117e-43, 

126.467, 28, 0, 6.44694e-44, 

126.467, 29, 0, 1.27666e-44, 

126.467, 30, 0, 2.52855e-45, 

126.467, 31, 0, 5.0191e-46, 

126.467, 32, 0, 1.00094e-46, 

126.467, 33, 0, 2.01117e-47, 

126.467, 34, 0, 4.08414e-48, 

126.467, 35, 0, 8.41005e-49, 

126.467, 36, 0, 1.76344e-49, 

126.467, 37, 0, 3.81239e-50, 

126.467, 38, 0, 9.19123e-51, 

126.467, 39, 0, 3.6173e-51, 

126.467, 40, 0, 3.50871e-51, 

126.467, 41, 0, 5.17411e-51, 

126.467, 42, 0, 7.89133e-51, 

126.467, 43, 0, 1.1462e-50, 

126.467, 44, 0, 1.56291e-50, 

126.467, 45, 0, 1.99491e-50, 

126.467, 46, 0, 2.384e-50, 

126.467, 47, 0, 2.6727e-50, 

126.467, 48, 0, 2.82066e-50, 

126.467, 49, 0, 2.8154e-50, 

126.467, 50, 0, 2.67264e-50, 

126.467, 51, 0, 2.42785e-50, 

126.467, 52, 0, 2.12393e-50, 

126.467, 53, 0, 1.80057e-50, 

126.467, 54, 0, 1.48812e-50, 

126.467, 55, 0, 1.20627e-50, 

126.467, 56, 0, 9.65746e-51, 

126.467, 57, 0, 7.71564e-51, 

126.467, 58, 0, 6.26329e-51, 

126.467, 59, 0, 5.33305e-51, 

126.467, 60, 0, 4.99361e-51, 

126.467, 61, 0, 5.38485e-51, 

126.467, 62, 0, 6.76951e-51, 

126.467, 63, 0, 9.61699e-51, 

126.467, 64, 0, 1.47411e-50, 

126.467, 65, 0, 2.35211e-50, 

126.467, 66, 0, 3.82367e-50, 

126.467, 67, 0, 6.25354e-50, 

126.467, 68, 0, 1.01989e-49, 

126.467, 69, 0, 1.64552e-49, 

126.467, 70, 0, 2.60479e-49, 

126.467, 71, 0, 4.00944e-49, 

126.467, 72, 0, 5.94458e-49, 

126.467, 73, 0, 8.40784e-49, 

126.467, 74, 0, 1.12372e-48, 

126.467, 75, 0, 1.40669e-48, 

126.467, 76, 0, 1.63655e-48, 

126.467, 77, 0, 1.75834e-48, 

126.467, 78, 0, 1.73675e-48, 

126.467, 79, 0, 1.57297e-48, 

126.467, 80, 0, 1.30581e-48, 

126.467, 81, 0, 9.95398e-49, 

126.467, 82, 0, 6.99729e-49, 

126.467, 83, 0, 4.57379e-49, 

126.467, 84, 0, 2.84275e-49, 

126.467, 85, 0, 1.85406e-49, 

126.467, 86, 0, 1.89371e-49, 

126.467, 87, 0, 4.70041e-49, 

126.467, 88, 0, 1.89545e-48, 

126.467, 89, 0, 8.73734e-48, 

126.467, 90, 0, 4.25627e-47, 

126.467, 91, 0, 2.153e-46, 

126.467, 92, 0, 1.121e-45, 

126.467, 93, 0, 5.96502e-45, 

126.467, 94, 0, 3.22298e-44, 

126.467, 95, 0, 1.75781e-43, 

126.467, 96, 0, 9.62469e-43, 

126.467, 97, 0, 5.26426e-42, 

126.467, 98, 0, 2.86328e-41, 

126.467, 99, 0, 1.54247e-40, 

126.467, 100, 0, 8.20078e-40, 

126.467, 101, 0, 4.28986e-39, 

126.467, 102, 0, 2.20198e-38, 

126.467, 103, 0, 1.10642e-37, 

126.467, 104, 0, 5.42964e-37, 

126.467, 105, 0, 2.59609e-36, 

126.467, 106, 0, 1.20605e-35, 

126.467, 107, 0, 5.42527e-35, 

126.467, 108, 0, 2.35281e-34, 

126.467, 109, 0, 9.78227e-34, 

126.467, 110, 0, 3.87176e-33, 

126.467, 111, 0, 1.44601e-32, 

126.467, 112, 0, 5.04122e-32, 

126.467, 113, 0, 1.61907e-31, 

126.467, 114, 0, 4.71341e-31, 

126.467, 115, 0, 1.21882e-30, 

126.467, 116, 0, 2.72627e-30, 

126.467, 117, 0, 5.0801e-30, 

126.467, 118, 0, 7.41334e-30, 

126.467, 119, 0, 7.41334e-30, 

129.101, 0, 0, 5.99303e-27, 

129.101, 1, 0, 5.99303e-27, 

129.101, 2, 0, 4.11091e-27, 

129.101, 3, 0, 2.20713e-27, 

129.101, 4, 0, 9.86232e-28, 

129.101, 5, 0, 3.80846e-28, 

129.101, 6, 0, 1.30554e-28, 

129.101, 7, 0, 4.05654e-29, 

129.101, 8, 0, 1.16207e-29, 

129.101, 9, 0, 3.11333e-30, 

129.101, 10, 0, 7.89578e-31, 

129.101, 11, 0, 1.91521e-31, 

129.101, 12, 0, 4.48192e-32, 

129.101, 13, 0, 1.01927e-32, 

129.101, 14, 0, 2.26611e-33, 

129.101, 15, 0, 4.94894e-34, 

129.101, 16, 0, 1.06565e-34, 

129.101, 17, 0, 2.26901e-35, 

129.101, 18, 0, 4.78744e-36, 

129.101, 19, 0, 1.00249e-36, 

129.101, 20, 0, 2.08553e-37, 

129.101, 21, 0, 4.31333e-38, 

129.101, 22, 0, 8.87251e-39, 

129.101, 23, 0, 1.8156e-39, 

129.101, 24, 0, 3.69662e-40, 

129.101, 25, 0, 7.48983e-41, 

129.101, 26, 0, 1.51059e-41, 

129.101, 27, 0, 3.03422e-42, 

129.101, 28, 0, 6.07467e-43, 

129.101, 29, 0, 1.21365e-43, 

129.101, 30, 0, 2.42361e-44, 

129.101, 31, 0, 4.84765e-45, 

129.101, 32, 0, 9.73587e-46, 

129.101, 33, 0, 1.96889e-46, 

129.101, 34, 0, 4.02166e-47, 

129.101, 35, 0, 8.32531e-48, 

129.101, 36, 0, 1.75628e-48, 

129.101, 37, 0, 3.86814e-49, 

129.101, 38, 0, 1.04038e-49, 

129.101, 39, 0, 5.78082e-50, 

129.101, 40, 0, 7.18183e-50, 

129.101, 41, 0, 1.10931e-49, 

129.101, 42, 0, 1.68951e-49, 

129.101, 43, 0, 2.43431e-49, 

129.101, 44, 0, 3.29218e-49, 

129.101, 45, 0, 4.17158e-49, 

129.101, 46, 0, 4.95441e-49, 

129.101, 47, 0, 5.52586e-49, 

129.101, 48, 0, 5.80695e-49, 

129.101, 49, 0, 5.77491e-49, 

129.101, 50, 0, 5.4634e-49, 

129.101, 51, 0, 4.94537e-49, 

129.101, 52, 0, 4.30854e-49, 

129.101, 53, 0, 3.63411e-49, 

129.101, 54, 0, 2.98441e-49, 

129.101, 55, 0, 2.39986e-49, 

129.101, 56, 0, 1.9023e-49, 

129.101, 57, 0, 1.50121e-49, 

129.101, 58, 0, 1.20027e-49, 

129.101, 59, 0, 1.00337e-49, 

129.101, 60, 0, 9.20158e-50, 

129.101, 61, 0, 9.72519e-50, 

129.101, 62, 0, 1.20364e-49, 

129.101, 63, 0, 1.69252e-49, 

129.101, 64, 0, 2.57755e-49, 

129.101, 65, 0, 4.094e-49, 

129.101, 66, 0, 6.63081e-49, 

129.101, 67, 0, 1.08093e-48, 

129.101, 68, 0, 1.75771e-48, 

129.101, 69, 0, 2.82861e-48, 

129.101, 70, 0, 4.46829e-48, 

129.101, 71, 0, 6.86849e-48, 

129.101, 72, 0, 1.01797e-47, 

129.101, 73, 0, 1.44107e-47, 

129.101, 74, 0, 1.93076e-47, 

129.101, 75, 0, 2.42742e-47, 

129.101, 76, 0, 2.84225e-47, 

129.101, 77, 0, 3.08041e-47, 

129.101, 78, 0, 3.07648e-47, 

129.101, 79, 0, 2.82424e-47, 

129.101, 80, 0, 2.38201e-47, 

129.101, 81, 0, 1.84881e-47, 

129.101, 82, 0, 1.32569e-47, 

129.101, 83, 0, 8.84368e-48, 

129.101, 84, 0, 5.57354e-48, 

129.101, 85, 0, 3.50663e-48, 

129.101, 86, 0, 2.80845e-48, 

129.101, 87, 0, 4.81957e-48, 

129.101, 88, 0, 1.63919e-47, 

129.101, 89, 0, 7.02586e-47, 

129.101, 90, 0, 3.25904e-46, 

129.101, 91, 0, 1.58493e-45, 

129.101, 92, 0, 7.98661e-45, 

129.101, 93, 0, 4.13484e-44, 

129.101, 94, 0, 2.18302e-43, 

129.101, 95, 0, 1.16738e-42, 

129.101, 96, 0, 6.28385e-42, 

129.101, 97, 0, 3.38573e-41, 

129.101, 98, 0, 1.81671e-40, 

129.101, 99, 0, 9.66425e-40, 

129.101, 100, 0, 5.07673e-39, 

129.101, 101, 0, 2.62451e-38, 

129.101, 102, 0, 1.33132e-37, 

129.101, 103, 0, 6.60937e-37, 

129.101, 104, 0, 3.20354e-36, 

129.101, 105, 0, 1.51226e-35, 

129.101, 106, 0, 6.9334e-35, 

129.101, 107, 0, 3.07697e-34, 

129.101, 108, 0, 1.31614e-33, 

129.101, 109, 0, 5.39647e-33, 

129.101, 110, 0, 2.10641e-32, 

129.101, 111, 0, 7.75976e-32, 

129.101, 112, 0, 2.66938e-31, 

129.101, 113, 0, 8.46399e-31, 

129.101, 114, 0, 2.43448e-30, 

129.101, 115, 0, 6.22603e-30, 

129.101, 116, 0, 1.37917e-29, 

129.101, 117, 0, 2.54972e-29, 

129.101, 118, 0, 3.70161e-29, 

129.101, 119, 0, 3.70161e-29, 

131.736, 0, 0, 3.76594e-26, 

131.736, 1, 0, 3.76594e-26, 

131.736, 2, 0, 2.59506e-26, 

131.736, 3, 0, 1.40331e-26, 

131.736, 4, 0, 6.32777e-27, 

131.736, 5, 0, 2.46969e-27, 

131.736, 6, 0, 8.56811e-28, 

131.736, 7, 0, 2.69748e-28, 

131.736, 8, 0, 7.83794e-29, 

131.736, 9, 0, 2.13191e-29, 

131.736, 10, 0, 5.4939e-30, 

131.736, 11, 0, 1.35507e-30, 

131.736, 12, 0, 3.22652e-31, 

131.736, 13, 0, 7.46943e-32, 

131.736, 14, 0, 1.69096e-32, 

131.736, 15, 0, 3.76071e-33, 

131.736, 16, 0, 8.24584e-34, 

131.736, 17, 0, 1.78725e-34, 

131.736, 18, 0, 3.83668e-35, 

131.736, 19, 0, 8.16811e-36, 

131.736, 20, 0, 1.7261e-36, 

131.736, 21, 0, 3.62264e-37, 

131.736, 22, 0, 7.55345e-38, 

131.736, 23, 0, 1.565e-38, 

131.736, 24, 0, 3.22263e-39, 

131.736, 25, 0, 6.59683e-40, 

131.736, 26, 0, 1.34294e-40, 

131.736, 27, 0, 2.72047e-41, 

131.736, 28, 0, 5.48913e-42, 

131.736, 29, 0, 1.10459e-42, 

131.736, 30, 0, 2.22068e-43, 

131.736, 31, 0, 4.46972e-44, 

131.736, 32, 0, 9.02969e-45, 

131.736, 33, 0, 1.83606e-45, 

131.736, 34, 0, 3.76925e-46, 

131.736, 35, 0, 7.8412e-47, 

131.736, 36, 0, 1.66746e-47, 

131.736, 37, 0, 3.8145e-48, 

131.736, 38, 0, 1.25959e-48, 

131.736, 39, 0, 1.02819e-48, 

131.736, 40, 0, 1.48863e-48, 

131.736, 41, 0, 2.34146e-48, 

131.736, 42, 0, 3.54595e-48, 

131.736, 43, 0, 5.06508e-48, 

131.736, 44, 0, 6.79246e-48, 

131.736, 45, 0, 8.54143e-48, 

131.736, 46, 0, 1.00766e-47, 

131.736, 47, 0, 1.11739e-47, 

131.736, 48, 0, 1.16831e-47, 

131.736, 49, 0, 1.15657e-47, 

131.736, 50, 0, 1.0894e-47, 

131.736, 51, 0, 9.81606e-48, 

131.736, 52, 0, 8.50828e-48, 

131.736, 53, 0, 7.13324e-48, 

131.736, 54, 0, 5.81553e-48, 

131.736, 55, 0, 4.63553e-48, 

131.736, 56, 0, 3.63572e-48, 

131.736, 57, 0, 2.83272e-48, 

131.736, 58, 0, 2.23014e-48, 

131.736, 59, 0, 1.83007e-48, 

131.736, 60, 0, 1.64362e-48, 

131.736, 61, 0, 1.70244e-48, 

131.736, 62, 0, 2.07433e-48, 

131.736, 63, 0, 2.88766e-48, 

131.736, 64, 0, 4.37044e-48, 

131.736, 65, 0, 6.91218e-48, 

131.736, 66, 0, 1.1157e-47, 

131.736, 67, 0, 1.81323e-47, 

131.736, 68, 0, 2.94026e-47, 

131.736, 69, 0, 4.71976e-47, 

131.736, 70, 0, 7.44018e-47, 

131.736, 71, 0, 1.14205e-46, 

131.736, 72, 0, 1.69178e-46, 

131.736, 73, 0, 2.39677e-46, 

131.736, 74, 0, 3.21873e-46, 

131.736, 75, 0, 4.06388e-46, 

131.736, 76, 0, 4.78899e-46, 

131.736, 77, 0, 5.23631e-46, 

131.736, 78, 0, 5.28951e-46, 

131.736, 79, 0, 4.92428e-46, 

131.736, 80, 0, 4.22261e-46, 

131.736, 81, 0, 3.34023e-46, 

131.736, 82, 0, 2.44619e-46, 

131.736, 83, 0, 1.66887e-46, 

131.736, 84, 0, 1.0734e-46, 

131.736, 85, 0, 6.74268e-47, 

131.736, 86, 0, 4.795e-47, 

131.736, 87, 0, 5.99079e-47, 

131.736, 88, 0, 1.62812e-46, 

131.736, 89, 0, 6.32951e-46, 

131.736, 90, 0, 2.75933e-45, 

131.736, 91, 0, 1.2755e-44, 

131.736, 92, 0, 6.15235e-44, 

131.736, 93, 0, 3.06689e-43, 

131.736, 94, 0, 1.56702e-42, 

131.736, 95, 0, 8.14553e-42, 

131.736, 96, 0, 4.27806e-41, 

131.736, 97, 0, 2.256e-40, 

131.736, 98, 0, 1.1878e-39, 

131.736, 99, 0, 6.2126e-39, 

131.736, 100, 0, 3.21378e-38, 

131.736, 101, 0, 1.638e-37, 

131.736, 102, 0, 8.1985e-37, 

131.736, 103, 0, 4.01815e-36, 

131.736, 104, 0, 1.92329e-35, 

131.736, 105, 0, 8.96699e-35, 

131.736, 106, 0, 4.06056e-34, 

131.736, 107, 0, 1.77981e-33, 

131.736, 108, 0, 7.51887e-33, 

131.736, 109, 0, 3.04485e-32, 

131.736, 110, 0, 1.17392e-31, 

131.736, 111, 0, 4.27237e-31, 

131.736, 112, 0, 1.4524e-30, 

131.736, 113, 0, 4.55307e-30, 

131.736, 114, 0, 1.29557e-29, 

131.736, 115, 0, 3.28062e-29, 

131.736, 116, 0, 7.20349e-29, 

131.736, 117, 0, 1.32215e-28, 

131.736, 118, 0, 1.91027e-28, 

131.736, 119, 0, 1.91027e-28, 

134.371, 0, 0, 2.32015e-25, 

134.371, 1, 0, 2.32015e-25, 

134.371, 2, 0, 1.60635e-25, 

134.371, 3, 0, 8.75081e-26, 

134.371, 4, 0, 3.9827e-26, 

134.371, 5, 0, 1.57129e-26, 

134.371, 6, 0, 5.5173e-27, 

134.371, 7, 0, 1.75991e-27, 

134.371, 8, 0, 5.18591e-28, 

134.371, 9, 0, 1.43163e-28, 

134.371, 10, 0, 3.74692e-29, 

134.371, 11, 0, 9.39142e-30, 

134.371, 12, 0, 2.27336e-30, 

134.371, 13, 0, 5.35192e-31, 

134.371, 14, 0, 1.23224e-31, 

134.371, 15, 0, 2.78704e-32, 

134.371, 16, 0, 6.21313e-33, 

134.371, 17, 0, 1.36857e-33, 

134.371, 18, 0, 2.98372e-34, 

134.371, 19, 0, 6.44601e-35, 

134.371, 20, 0, 1.38096e-35, 

134.371, 21, 0, 2.93512e-36, 

134.371, 22, 0, 6.19072e-37, 

134.371, 23, 0, 1.29603e-37, 

134.371, 24, 0, 2.6937e-38, 

134.371, 25, 0, 5.5601e-39, 

134.371, 26, 0, 1.14035e-39, 

134.371, 27, 0, 2.32564e-40, 

134.371, 28, 0, 4.7214e-41, 

134.371, 29, 0, 9.5554e-42, 

134.371, 30, 0, 1.93139e-42, 

134.371, 31, 0, 3.90748e-43, 

134.371, 32, 0, 7.93292e-44, 

134.371, 33, 0, 1.62073e-44, 

134.371, 34, 0, 3.34266e-45, 

134.371, 35, 0, 6.99119e-46, 

134.371, 36, 0, 1.50777e-46, 

134.371, 37, 0, 3.74583e-47, 

134.371, 38, 0, 1.72464e-47, 

134.371, 39, 0, 1.96257e-47, 

134.371, 40, 0, 3.07258e-47, 

134.371, 41, 0, 4.85154e-47, 

134.371, 42, 0, 7.29314e-47, 

134.371, 43, 0, 1.03269e-46, 

134.371, 44, 0, 1.37314e-46, 

134.371, 45, 0, 1.71308e-46, 

134.371, 46, 0, 2.00638e-46, 

134.371, 47, 0, 2.21024e-46, 

134.371, 48, 0, 2.297e-46, 

134.371, 49, 0, 2.26095e-46, 

134.371, 50, 0, 2.11763e-46, 

134.371, 51, 0, 1.89692e-46, 

134.371, 52, 0, 1.63369e-46, 

134.371, 53, 0, 1.35978e-46, 

134.371, 54, 0, 1.09937e-46, 

134.371, 55, 0, 8.67858e-47, 

134.371, 56, 0, 6.73037e-47, 

134.371, 57, 0, 5.175e-47, 

134.371, 58, 0, 4.01086e-47, 

134.371, 59, 0, 3.23089e-47, 

134.371, 60, 0, 2.84193e-47, 

134.371, 61, 0, 2.88489e-47, 

134.371, 62, 0, 3.46093e-47, 

134.371, 63, 0, 4.77109e-47, 

134.371, 64, 0, 7.17922e-47, 

134.371, 65, 0, 1.13107e-46, 

134.371, 66, 0, 1.82004e-46, 

134.371, 67, 0, 2.94975e-46, 

134.371, 68, 0, 4.77081e-46, 

134.371, 69, 0, 7.64013e-46, 

134.371, 70, 0, 1.20201e-45, 

134.371, 71, 0, 1.84256e-45, 

134.371, 72, 0, 2.72834e-45, 

134.371, 73, 0, 3.86851e-45, 

134.371, 74, 0, 5.20795e-45, 

134.371, 75, 0, 6.60449e-45, 

134.371, 76, 0, 7.83514e-45, 

134.371, 77, 0, 8.64628e-45, 

134.371, 78, 0, 8.83881e-45, 

134.371, 79, 0, 8.35021e-45, 

134.371, 80, 0, 7.28617e-45, 

134.371, 81, 0, 5.88007e-45, 

134.371, 82, 0, 4.40332e-45, 

134.371, 83, 0, 3.07707e-45, 

134.371, 84, 0, 2.02669e-45, 

134.371, 85, 0, 1.29018e-45, 

134.371, 86, 0, 8.73034e-46, 

134.371, 87, 0, 8.72021e-46, 

134.371, 88, 0, 1.85653e-45, 

134.371, 89, 0, 6.41524e-45, 

134.371, 90, 0, 2.60964e-44, 

134.371, 91, 0, 1.13992e-43, 

134.371, 92, 0, 5.22665e-43, 

134.371, 93, 0, 2.48871e-42, 

134.371, 94, 0, 1.22018e-41, 

134.371, 95, 0, 6.11217e-41, 

134.371, 96, 0, 3.10573e-40, 

134.371, 97, 0, 1.59017e-39, 

134.371, 98, 0, 8.15476e-39, 

134.371, 99, 0, 4.16587e-38, 

134.371, 100, 0, 2.10981e-37, 

134.371, 101, 0, 1.05488e-36, 

134.371, 102, 0, 5.18812e-36, 

134.371, 103, 0, 2.50195e-35, 

134.371, 104, 0, 1.17964e-34, 

134.371, 105, 0, 5.42233e-34, 

134.371, 106, 0, 2.42251e-33, 

134.371, 107, 0, 1.0482e-32, 

134.371, 108, 0, 4.37351e-32, 

134.371, 109, 0, 1.75002e-31, 

134.371, 110, 0, 6.66976e-31, 

134.371, 111, 0, 2.40067e-30, 

134.371, 112, 0, 8.0754e-30, 

134.371, 113, 0, 2.5064e-29, 

134.371, 114, 0, 7.06596e-29, 

134.371, 115, 0, 1.77413e-28, 

134.371, 116, 0, 3.86665e-28, 

134.371, 117, 0, 7.05374e-28, 

134.371, 118, 0, 1.01499e-27, 

134.371, 119, 0, 1.01499e-27, 

137.006, 0, 0, 1.39555e-24, 

137.006, 1, 0, 1.39555e-24, 

137.006, 2, 0, 9.7095e-25, 

137.006, 3, 0, 5.32989e-25, 

137.006, 4, 0, 2.44898e-25, 

137.006, 5, 0, 9.76856e-26, 

137.006, 6, 0, 3.47189e-26, 

137.006, 7, 0, 1.12202e-26, 

137.006, 8, 0, 3.35221e-27, 

137.006, 9, 0, 9.38852e-28, 

137.006, 10, 0, 2.49408e-28, 

137.006, 11, 0, 6.34724e-29, 

137.006, 12, 0, 1.56039e-29, 

137.006, 13, 0, 3.7309e-30, 

137.006, 14, 0, 8.72377e-31, 

137.006, 15, 0, 2.00332e-31, 

137.006, 16, 0, 4.53246e-32, 

137.006, 17, 0, 1.01263e-32, 

137.006, 18, 0, 2.23762e-33, 

137.006, 19, 0, 4.89528e-34, 

137.006, 20, 0, 1.06095e-34, 

137.006, 21, 0, 2.27879e-35, 

137.006, 22, 0, 4.85187e-36, 

137.006, 23, 0, 1.02426e-36, 

137.006, 24, 0, 2.14451e-37, 

137.006, 25, 0, 4.45508e-38, 

137.006, 26, 0, 9.18908e-39, 

137.006, 27, 0, 1.88355e-39, 

137.006, 28, 0, 3.84157e-40, 

137.006, 29, 0, 7.80842e-41, 

137.006, 30, 0, 1.58486e-41, 

137.006, 31, 0, 3.21956e-42, 

137.006, 32, 0, 6.56321e-43, 

137.006, 33, 0, 1.34649e-43, 

137.006, 34, 0, 2.7895e-44, 

137.006, 35, 0, 5.87559e-45, 

137.006, 36, 0, 1.30514e-45, 

137.006, 37, 0, 3.85743e-46, 

137.006, 38, 0, 2.72135e-46, 

137.006, 39, 0, 3.85866e-46, 

137.006, 40, 0, 6.24597e-46, 

137.006, 41, 0, 9.83581e-46, 

137.006, 42, 0, 1.46694e-45, 

137.006, 43, 0, 2.05935e-45, 

137.006, 44, 0, 2.71505e-45, 

137.006, 45, 0, 3.35952e-45, 

137.006, 46, 0, 3.90408e-45, 

137.006, 47, 0, 4.26891e-45, 

137.006, 48, 0, 4.40497e-45, 

137.006, 49, 0, 4.30575e-45, 

137.006, 50, 0, 4.00471e-45, 

137.006, 51, 0, 3.56141e-45, 

137.006, 52, 0, 3.04354e-45, 

137.006, 53, 0, 2.51191e-45, 

137.006, 54, 0, 2.01192e-45, 

137.006, 55, 0, 1.57166e-45, 

137.006, 56, 0, 1.20453e-45, 

137.006, 57, 0, 9.13773e-46, 

137.006, 58, 0, 6.97234e-46, 

137.006, 59, 0, 5.51469e-46, 

137.006, 60, 0, 4.75237e-46, 

137.006, 61, 0, 4.72932e-46, 

137.006, 62, 0, 5.58825e-46, 

137.006, 63, 0, 7.63307e-46, 

137.006, 64, 0, 1.14269e-45, 

137.006, 65, 0, 1.79451e-45, 

137.006, 66, 0, 2.88044e-45, 

137.006, 67, 0, 4.65782e-45, 

137.006, 68, 0, 7.51718e-45, 

137.006, 69, 0, 1.20145e-44, 

137.006, 70, 0, 1.88712e-44, 

137.006, 71, 0, 2.88976e-44, 

137.006, 72, 0, 4.2784e-44, 

137.006, 73, 0, 6.07324e-44, 

137.006, 74, 0, 8.19876e-44, 

137.006, 75, 0, 1.04471e-43, 

137.006, 76, 0, 1.24821e-43, 

137.006, 77, 0, 1.39086e-43, 

137.006, 78, 0, 1.43967e-43, 

137.006, 79, 0, 1.3811e-43, 

137.006, 80, 0, 1.22718e-43, 

137.006, 81, 0, 1.01119e-43, 

137.006, 82, 0, 7.75014e-44, 

137.006, 83, 0, 5.55343e-44, 

137.006, 84, 0, 3.75268e-44, 

137.006, 85, 0, 2.43799e-44, 

137.006, 86, 0, 1.62525e-44, 

137.006, 87, 0, 1.40822e-44, 

137.006, 88, 0, 2.37805e-44, 

137.006, 89, 0, 7.1912e-44, 

137.006, 90, 0, 2.72357e-43, 

137.006, 91, 0, 1.12502e-42, 

137.006, 92, 0, 4.90096e-42, 

137.006, 93, 0, 2.2239e-41, 

137.006, 94, 0, 1.04212e-40, 

137.006, 95, 0, 5.00434e-40, 

137.006, 96, 0, 2.4451e-39, 

137.006, 97, 0, 1.20745e-38, 

137.006, 98, 0, 5.98953e-38, 

137.006, 99, 0, 2.9679e-37, 

137.006, 100, 0, 1.46175e-36, 

137.006, 101, 0, 7.12457e-36, 

137.006, 102, 0, 3.42326e-35, 

137.006, 103, 0, 1.61601e-34, 

137.006, 104, 0, 7.47177e-34, 

137.006, 105, 0, 3.3734e-33, 

137.006, 106, 0, 1.48246e-32, 

137.006, 107, 0, 6.31772e-32, 

137.006, 108, 0, 2.59931e-31, 

137.006, 109, 0, 1.02674e-30, 

137.006, 110, 0, 3.86685e-30, 

137.006, 111, 0, 1.37667e-29, 

137.006, 112, 0, 4.58484e-29, 

137.006, 113, 0, 1.41018e-28, 

137.006, 114, 0, 3.94337e-28, 

137.006, 115, 0, 9.83057e-28, 

137.006, 116, 0, 2.12952e-27, 

137.006, 117, 0, 3.86594e-27, 

137.006, 118, 0, 5.54511e-27, 

137.006, 119, 0, 5.54511e-27, 

139.64, 0, 0, 8.15739e-24, 

139.64, 1, 0, 8.15739e-24, 

139.64, 2, 0, 5.70476e-24, 

139.64, 3, 0, 3.15656e-24, 

139.64, 4, 0, 1.46475e-24, 

139.64, 5, 0, 5.90868e-25, 

139.64, 6, 0, 2.12597e-25, 

139.64, 7, 0, 6.96078e-26, 

139.64, 8, 0, 2.10815e-26, 

139.64, 9, 0, 5.98756e-27, 

139.64, 10, 0, 1.61342e-27, 

139.64, 11, 0, 4.16532e-28, 

139.64, 12, 0, 1.03873e-28, 

139.64, 13, 0, 2.51892e-29, 

139.64, 14, 0, 5.97168e-30, 

139.64, 15, 0, 1.38976e-30, 

139.64, 16, 0, 3.18468e-31, 

139.64, 17, 0, 7.20142e-32, 

139.64, 18, 0, 1.60926e-32, 

139.64, 19, 0, 3.55705e-33, 

139.64, 20, 0, 7.7813e-34, 

139.64, 21, 0, 1.68522e-34, 

139.64, 22, 0, 3.61422e-35, 

139.64, 23, 0, 7.67783e-36, 

139.64, 24, 0, 1.61617e-36, 

139.64, 25, 0, 3.37288e-37, 

139.64, 26, 0, 6.98425e-38, 

139.64, 27, 0, 1.43653e-38, 

139.64, 28, 0, 2.93898e-39, 

139.64, 29, 0, 5.99144e-40, 

139.64, 30, 0, 1.21964e-40, 

139.64, 31, 0, 2.48517e-41, 

139.64, 32, 0, 5.08255e-42, 

139.64, 33, 0, 1.04644e-42, 

139.64, 34, 0, 2.17783e-43, 

139.64, 35, 0, 4.64135e-44, 

139.64, 36, 0, 1.1037e-44, 

139.64, 37, 0, 4.49431e-45, 

139.64, 38, 0, 4.77057e-45, 

139.64, 39, 0, 7.58496e-45, 

139.64, 40, 0, 1.24105e-44, 

139.64, 41, 0, 1.94374e-44, 

139.64, 42, 0, 2.87607e-44, 

139.64, 43, 0, 4.00379e-44, 

139.64, 44, 0, 5.23405e-44, 

139.64, 45, 0, 6.42219e-44, 

139.64, 46, 0, 7.40166e-44, 

139.64, 47, 0, 8.02774e-44, 

139.64, 48, 0, 8.2173e-44, 

139.64, 49, 0, 7.96803e-44, 

139.64, 50, 0, 7.3509e-44, 

139.64, 51, 0, 6.48252e-44, 

139.64, 52, 0, 5.49126e-44, 

139.64, 53, 0, 4.48972e-44, 

139.64, 54, 0, 3.55991e-44, 

139.64, 55, 0, 2.75062e-44, 

139.64, 56, 0, 2.08297e-44, 

139.64, 57, 0, 1.55923e-44, 

139.64, 58, 0, 1.17178e-44, 

139.64, 59, 0, 9.10588e-45, 

139.64, 60, 0, 7.69312e-45, 

139.64, 61, 0, 7.50966e-45, 

139.64, 62, 0, 8.74554e-45, 

139.64, 63, 0, 1.1846e-44, 

139.64, 64, 0, 1.76602e-44, 

139.64, 65, 0, 2.76724e-44, 

139.64, 66, 0, 4.43478e-44, 

139.64, 67, 0, 7.16093e-44, 

139.64, 68, 0, 1.15405e-43, 

139.64, 69, 0, 1.84203e-43, 

139.64, 70, 0, 2.89024e-43, 

139.64, 71, 0, 4.42357e-43, 

139.64, 72, 0, 6.55155e-43, 

139.64, 73, 0, 9.31463e-43, 

139.64, 74, 0, 1.26146e-42, 

139.64, 75, 0, 1.61569e-42, 

139.64, 76, 0, 1.94487e-42, 

139.64, 77, 0, 2.189e-42, 

139.64, 78, 0, 2.29503e-42, 

139.64, 79, 0, 2.23641e-42, 

139.64, 80, 0, 2.02425e-42, 

139.64, 81, 0, 1.70365e-42, 

139.64, 82, 0, 1.33689e-42, 

139.64, 83, 0, 9.8273e-43, 

139.64, 84, 0, 6.81888e-43, 

139.64, 85, 0, 4.53614e-43, 

139.64, 86, 0, 3.03205e-43, 

139.64, 87, 0, 2.4123e-43, 

139.64, 88, 0, 3.32941e-43, 

139.64, 89, 0, 8.6952e-43, 

139.64, 90, 0, 3.05975e-42, 

139.64, 91, 0, 1.19982e-41, 

139.64, 92, 0, 4.98655e-41, 

139.64, 93, 0, 2.1626e-40, 

139.64, 94, 0, 9.69863e-40, 

139.64, 95, 0, 4.46376e-39, 

139.64, 96, 0, 2.09366e-38, 

139.64, 97, 0, 9.94263e-38, 

139.64, 98, 0, 4.75194e-37, 

139.64, 99, 0, 2.2732e-36, 

139.64, 100, 0, 1.08309e-35, 

139.64, 101, 0, 5.11761e-35, 

139.64, 102, 0, 2.38882e-34, 

139.64, 103, 0, 1.09784e-33, 

139.64, 104, 0, 4.95201e-33, 

139.64, 105, 0, 2.18564e-32, 

139.64, 106, 0, 9.4084e-32, 

139.64, 107, 0, 3.9351e-31, 

139.64, 108, 0, 1.59191e-30, 

139.64, 109, 0, 6.19377e-30, 

139.64, 110, 0, 2.30151e-29, 

139.64, 111, 0, 8.09724e-29, 

139.64, 112, 0, 2.66888e-28, 

139.64, 113, 0, 8.13566e-28, 

139.64, 114, 0, 2.25777e-27, 

139.64, 115, 0, 5.59294e-27, 

139.64, 116, 0, 1.2054e-26, 

139.64, 117, 0, 2.17994e-26, 

139.64, 118, 0, 3.11939e-26, 

139.64, 119, 0, 3.11939e-26, 

142.275, 0, 0, 4.61173e-23, 

142.275, 1, 0, 4.61173e-23, 

142.275, 2, 0, 3.24271e-23, 

142.275, 3, 0, 1.80927e-23, 

142.275, 4, 0, 8.48187e-24, 

142.275, 5, 0, 3.46118e-24, 

142.275, 6, 0, 1.26092e-24, 

142.275, 7, 0, 4.18259e-25, 

142.275, 8, 0, 1.28381e-25, 

142.275, 9, 0, 3.69594e-26, 

142.275, 10, 0, 1.00946e-26, 

142.275, 11, 0, 2.64106e-27, 

142.275, 12, 0, 6.67237e-28, 

142.275, 13, 0, 1.63849e-28, 

142.275, 14, 0, 3.93129e-29, 

142.275, 15, 0, 9.25321e-30, 

142.275, 16, 0, 2.14291e-30, 

142.275, 17, 0, 4.89296e-31, 

142.275, 18, 0, 1.10307e-31, 

142.275, 19, 0, 2.45741e-32, 

142.275, 20, 0, 5.41286e-33, 

142.275, 21, 0, 1.17923e-33, 

142.275, 22, 0, 2.54167e-34, 

142.275, 23, 0, 5.42157e-35, 

142.275, 24, 0, 1.14503e-35, 

142.275, 25, 0, 2.39601e-36, 

142.275, 26, 0, 4.97213e-37, 

142.275, 27, 0, 1.02451e-37, 

142.275, 28, 0, 2.09941e-38, 

142.275, 29, 0, 4.28667e-39, 

142.275, 30, 0, 8.74107e-40, 

142.275, 31, 0, 1.78462e-40, 

142.275, 32, 0, 3.65847e-41, 

142.275, 33, 0, 7.55529e-42, 

142.275, 34, 0, 1.58129e-42, 

142.275, 35, 0, 3.45579e-43, 

142.275, 36, 0, 9.63031e-44, 

142.275, 37, 0, 6.22716e-44, 

142.275, 38, 0, 8.77511e-44, 

142.275, 39, 0, 1.46455e-43, 

142.275, 40, 0, 2.3975e-43, 

142.275, 41, 0, 3.7307e-43, 

142.275, 42, 0, 5.47753e-43, 

142.275, 43, 0, 7.56342e-43, 

142.275, 44, 0, 9.80532e-43, 

142.275, 45, 0, 1.193e-42, 

142.275, 46, 0, 1.36334e-42, 

142.275, 47, 0, 1.46612e-42, 

142.275, 48, 0, 1.48796e-42, 

142.275, 49, 0, 1.43041e-42, 

142.275, 50, 0, 1.30807e-42, 

142.275, 51, 0, 1.14316e-42, 

142.275, 52, 0, 9.59327e-43, 

142.275, 53, 0, 7.76718e-43, 

142.275, 54, 0, 6.09556e-43, 

142.275, 55, 0, 4.65881e-43, 

142.275, 56, 0, 3.48711e-43, 

142.275, 57, 0, 2.57733e-43, 

142.275, 58, 0, 1.90933e-43, 

142.275, 59, 0, 1.45926e-43, 

142.275, 60, 0, 1.20986e-43, 

142.275, 61, 0, 1.15937e-43, 

142.275, 62, 0, 1.33171e-43, 

142.275, 63, 0, 1.79054e-43, 

142.275, 64, 0, 2.66136e-43, 

142.275, 65, 0, 4.16584e-43, 

142.275, 66, 0, 6.67319e-43, 

142.275, 67, 0, 1.0771e-42, 

142.275, 68, 0, 1.73503e-42, 

142.275, 69, 0, 2.76801e-42, 

142.275, 70, 0, 4.3418e-42, 

142.275, 71, 0, 6.64606e-42, 

142.275, 72, 0, 9.85194e-42, 

142.275, 73, 0, 1.40351e-41, 

142.275, 74, 0, 1.90743e-41, 

142.275, 75, 0, 2.45621e-41, 

142.275, 76, 0, 2.97911e-41, 

142.275, 77, 0, 3.38691e-41, 

142.275, 78, 0, 3.59643e-41, 

142.275, 79, 0, 3.55927e-41, 

142.275, 80, 0, 3.28095e-41, 

142.275, 81, 0, 2.8196e-41, 

142.275, 82, 0, 2.26471e-41, 

142.275, 83, 0, 1.70737e-41, 

142.275, 84, 0, 1.21646e-41, 

142.275, 85, 0, 8.29761e-42, 

142.275, 86, 0, 5.61288e-42, 

142.275, 87, 0, 4.25498e-42, 

142.275, 88, 0, 4.97752e-42, 

142.275, 89, 0, 1.11058e-41, 

142.275, 90, 0, 3.60977e-41, 

142.275, 91, 0, 1.34766e-40, 

142.275, 92, 0, 5.37107e-40, 

142.275, 93, 0, 2.2378e-39, 

142.275, 94, 0, 9.64805e-39, 

142.275, 95, 0, 4.27084e-38, 

142.275, 96, 0, 1.92755e-37, 

142.275, 97, 0, 8.813e-37, 

142.275, 98, 0, 4.05804e-36, 

142.275, 99, 0, 1.87187e-35, 

142.275, 100, 0, 8.60904e-35, 

142.275, 101, 0, 3.93147e-34, 

142.275, 102, 0, 1.77628e-33, 

142.275, 103, 0, 7.91483e-33, 

142.275, 104, 0, 3.46799e-32, 

142.275, 105, 0, 1.48992e-31, 

142.275, 106, 0, 6.25649e-31, 

142.275, 107, 0, 2.5585e-30, 

142.275, 108, 0, 1.01429e-29, 

142.275, 109, 0, 3.87612e-29, 

142.275, 110, 0, 1.41782e-28, 

142.275, 111, 0, 4.92087e-28, 

142.275, 112, 0, 1.60329e-27, 

142.275, 113, 0, 4.84043e-27, 

142.275, 114, 0, 1.33276e-26, 

142.275, 115, 0, 3.28102e-26, 

142.275, 116, 0, 7.03819e-26, 

142.275, 117, 0, 1.26869e-25, 

142.275, 118, 0, 1.81211e-25, 

142.275, 119, 0, 1.81211e-25, 

144.91, 0, 0, 2.50981e-22, 

144.91, 1, 0, 2.50981e-22, 

144.91, 2, 0, 1.77481e-22, 

144.91, 3, 0, 9.98815e-23, 

144.91, 4, 0, 4.73157e-23, 

144.91, 5, 0, 1.95338e-23, 

144.91, 6, 0, 7.20478e-24, 

144.91, 7, 0, 2.42062e-24, 

144.91, 8, 0, 7.52639e-25, 

144.91, 9, 0, 2.19471e-25, 

144.91, 10, 0, 6.06991e-26, 

144.91, 11, 0, 1.60737e-26, 

144.91, 12, 0, 4.10773e-27, 

144.91, 13, 0, 1.01963e-27, 

144.91, 14, 0, 2.47092e-28, 

144.91, 15, 0, 5.86894e-29, 

144.91, 16, 0, 1.37028e-29, 

144.91, 17, 0, 3.15139e-30, 

144.91, 18, 0, 7.14886e-31, 

144.91, 19, 0, 1.60103e-31, 

144.91, 20, 0, 3.54186e-32, 

144.91, 21, 0, 7.74291e-33, 

144.91, 22, 0, 1.67328e-33, 

144.91, 23, 0, 3.57607e-34, 

144.91, 24, 0, 7.56245e-35, 

144.91, 25, 0, 1.58374e-35, 

144.91, 26, 0, 3.28807e-36, 

144.91, 27, 0, 6.77703e-37, 

144.91, 28, 0, 1.38911e-37, 

144.91, 29, 0, 2.83751e-38, 

144.91, 30, 0, 5.79022e-39, 

144.91, 31, 0, 1.18355e-39, 

144.91, 32, 0, 2.43067e-40, 

144.91, 33, 0, 5.03552e-41, 

144.91, 34, 0, 1.06466e-41, 

144.91, 35, 0, 2.47986e-42, 

144.91, 36, 0, 9.58951e-43, 

144.91, 37, 0, 9.96575e-43, 

144.91, 38, 0, 1.62325e-42, 

144.91, 39, 0, 2.75285e-42, 

144.91, 40, 0, 4.48927e-42, 

144.91, 41, 0, 6.93837e-42, 

144.91, 42, 0, 1.01111e-41, 

144.91, 43, 0, 1.38529e-41, 

144.91, 44, 0, 1.78153e-41, 

144.91, 45, 0, 2.14987e-41, 

144.91, 46, 0, 2.43645e-41, 

144.91, 47, 0, 2.59814e-41, 

144.91, 48, 0, 2.6144e-41, 

144.91, 49, 0, 2.49158e-41, 

144.91, 50, 0, 2.25844e-41, 

144.91, 51, 0, 1.95598e-41, 

144.91, 52, 0, 1.62628e-41, 

144.91, 53, 0, 1.30421e-41, 

144.91, 54, 0, 1.01346e-41, 

144.91, 55, 0, 7.66674e-42, 

144.91, 56, 0, 5.67684e-42, 

144.91, 57, 0, 4.1471e-42, 

144.91, 58, 0, 3.03226e-42, 

144.91, 59, 0, 2.28223e-42, 

144.91, 60, 0, 1.85894e-42, 

144.91, 61, 0, 1.75007e-42, 

144.91, 62, 0, 1.98391e-42, 

144.91, 63, 0, 2.65002e-42, 

144.91, 64, 0, 3.93133e-42, 

144.91, 65, 0, 6.15454e-42, 

144.91, 66, 0, 9.86572e-42, 

144.91, 67, 0, 1.59347e-41, 

144.91, 68, 0, 2.5681e-41, 

144.91, 69, 0, 4.09866e-41, 

144.91, 70, 0, 6.43191e-41, 

144.91, 71, 0, 9.85293e-41, 

144.91, 72, 0, 1.46259e-40, 

144.91, 73, 0, 2.0885e-40, 

144.91, 74, 0, 2.84878e-40, 

144.91, 75, 0, 3.6881e-40, 

144.91, 76, 0, 4.50638e-40, 

144.91, 77, 0, 5.17311e-40, 

144.91, 78, 0, 5.56054e-40, 

144.91, 79, 0, 5.58533e-40, 

144.91, 80, 0, 5.23943e-40, 

144.91, 81, 0, 4.59389e-40, 

144.91, 82, 0, 3.77348e-40, 

144.91, 83, 0, 2.91521e-40, 

144.91, 84, 0, 2.1313e-40, 

144.91, 85, 0, 1.49099e-40, 

144.91, 86, 0, 1.02572e-40, 

144.91, 87, 0, 7.58816e-41, 

144.91, 88, 0, 7.80653e-41, 

144.91, 89, 0, 1.4798e-40, 

144.91, 90, 0, 4.39501e-40, 

144.91, 91, 0, 1.56144e-39, 

144.91, 92, 0, 5.98863e-39, 

144.91, 93, 0, 2.40815e-38, 

144.91, 94, 0, 1.003e-37, 

144.91, 95, 0, 4.29045e-37, 

144.91, 96, 0, 1.87126e-36, 

144.91, 97, 0, 8.26702e-36, 

144.91, 98, 0, 3.67774e-35, 

144.91, 99, 0, 1.63891e-34, 

144.91, 100, 0, 7.28252e-34, 

144.91, 101, 0, 3.21415e-33, 

144.91, 102, 0, 1.40432e-32, 

144.91, 103, 0, 6.0569e-32, 

144.91, 104, 0, 2.57216e-31, 

144.91, 105, 0, 1.07277e-30, 

144.91, 106, 0, 4.38171e-30, 

144.91, 107, 0, 1.74673e-29, 

144.91, 108, 0, 6.76647e-29, 

144.91, 109, 0, 2.53304e-28, 

144.91, 110, 0, 9.09931e-28, 

144.91, 111, 0, 3.10921e-27, 

144.91, 112, 0, 9.99746e-27, 

144.91, 113, 0, 2.98555e-26, 

144.91, 114, 0, 8.14868e-26, 

144.91, 115, 0, 1.99253e-25, 

144.91, 116, 0, 4.25318e-25, 

144.91, 117, 0, 7.6418e-25, 

144.91, 118, 0, 1.08966e-24, 

144.91, 119, 0, 1.08966e-24, 

147.544, 0, 0, 1.30931e-21, 

147.544, 1, 0, 1.30931e-21, 

147.544, 2, 0, 9.312e-22, 

147.544, 3, 0, 5.28567e-22, 

147.544, 4, 0, 2.52973e-22, 

147.544, 5, 0, 1.0562e-22, 

147.544, 6, 0, 3.94201e-23, 

147.544, 7, 0, 1.34043e-23, 

147.544, 8, 0, 4.21787e-24, 

147.544, 9, 0, 1.24432e-24, 

147.544, 10, 0, 3.47982e-25, 

147.544, 11, 0, 9.31136e-26, 

147.544, 12, 0, 2.40253e-26, 

147.544, 13, 0, 6.01559e-27, 

147.544, 14, 0, 1.46904e-27, 

147.544, 15, 0, 3.51261e-28, 

147.544, 16, 0, 8.24758e-29, 

147.544, 17, 0, 1.90557e-29, 

147.544, 18, 0, 4.3385e-30, 

147.544, 19, 0, 9.74283e-31, 

147.544, 20, 0, 2.15942e-31, 

147.544, 21, 0, 4.72611e-32, 

147.544, 22, 0, 1.02183e-32, 

147.544, 23, 0, 2.18373e-33, 

147.544, 24, 0, 4.61596e-34, 

147.544, 25, 0, 9.66002e-35, 

147.544, 26, 0, 2.00393e-35, 

147.544, 27, 0, 4.12716e-36, 

147.544, 28, 0, 8.45503e-37, 

147.544, 29, 0, 1.72684e-37, 

147.544, 30, 0, 3.52518e-38, 

147.544, 31, 0, 7.21372e-39, 

147.544, 32, 0, 1.48472e-39, 

147.544, 33, 0, 3.092e-40, 

147.544, 34, 0, 6.70575e-41, 

147.544, 35, 0, 1.84327e-41, 

147.544, 36, 0, 1.18735e-41, 

147.544, 37, 0, 1.71339e-41, 

147.544, 38, 0, 2.95539e-41, 

147.544, 39, 0, 5.02264e-41, 

147.544, 40, 0, 8.14591e-41, 

147.544, 41, 0, 1.25052e-40, 

147.544, 42, 0, 1.8094e-40, 

147.544, 43, 0, 2.4608e-40, 

147.544, 44, 0, 3.14089e-40, 

147.544, 45, 0, 3.76122e-40, 

147.544, 46, 0, 4.22936e-40, 

147.544, 47, 0, 4.47432e-40, 

147.544, 48, 0, 4.46615e-40, 

147.544, 49, 0, 4.22162e-40, 

147.544, 50, 0, 3.79488e-40, 

147.544, 51, 0, 3.25894e-40, 

147.544, 52, 0, 2.68637e-40, 

147.544, 53, 0, 2.13548e-40, 

147.544, 54, 0, 1.64458e-40, 

147.544, 55, 0, 1.23266e-40, 

147.544, 56, 0, 9.03965e-41, 

147.544, 57, 0, 6.53561e-41, 

147.544, 58, 0, 4.72294e-41, 

147.544, 59, 0, 3.50526e-41, 

147.544, 60, 0, 2.80778e-41, 

147.544, 61, 0, 2.59801e-41, 

147.544, 62, 0, 2.90705e-41, 

147.544, 63, 0, 3.85923e-41, 

147.544, 64, 0, 5.71848e-41, 

147.544, 65, 0, 8.96163e-41, 

147.544, 66, 0, 1.43888e-40, 

147.544, 67, 0, 2.32766e-40, 

147.544, 68, 0, 3.75632e-40, 

147.544, 69, 0, 6.00184e-40, 

147.544, 70, 0, 9.42882e-40, 

147.544, 71, 0, 1.44624e-39, 

147.544, 72, 0, 2.15058e-39, 

147.544, 73, 0, 3.07874e-39, 

147.544, 74, 0, 4.215e-39, 

147.544, 75, 0, 5.48512e-39, 

147.544, 76, 0, 6.7491e-39, 

147.544, 77, 0, 7.81841e-39, 

147.544, 78, 0, 8.50056e-39, 

147.544, 79, 0, 8.65809e-39, 

147.544, 80, 0, 8.25659e-39, 

147.544, 81, 0, 7.37776e-39, 

147.544, 82, 0, 6.19048e-39, 

147.544, 83, 0, 4.89529e-39, 

147.544, 84, 0, 3.66887e-39, 

147.544, 85, 0, 2.6313e-39, 

147.544, 86, 0, 1.84574e-39, 

147.544, 87, 0, 1.35339e-39, 

147.544, 88, 0, 1.26692e-39, 

147.544, 89, 0, 2.04659e-39, 

147.544, 90, 0, 5.47579e-39, 

147.544, 91, 0, 1.84291e-38, 

147.544, 92, 0, 6.80687e-38, 

147.544, 93, 0, 2.64865e-37, 

147.544, 94, 0, 1.06934e-36, 

147.544, 95, 0, 4.43723e-36, 

147.544, 96, 0, 1.8777e-35, 

147.544, 97, 0, 8.04759e-35, 

147.544, 98, 0, 3.47192e-34, 

147.544, 99, 0, 1.49973e-33, 

147.544, 100, 0, 6.45668e-33, 

147.544, 101, 0, 2.76004e-32, 

147.544, 102, 0, 1.16786e-31, 

147.544, 103, 0, 4.8791e-31, 

147.544, 104, 0, 2.00825e-30, 

147.544, 105, 0, 8.12652e-30, 

147.544, 106, 0, 3.22519e-29, 

147.544, 107, 0, 1.25155e-28, 

147.544, 108, 0, 4.72965e-28, 

147.544, 109, 0, 1.73136e-27, 

147.544, 110, 0, 6.09713e-27, 

147.544, 111, 0, 2.04763e-26, 

147.544, 112, 0, 6.48755e-26, 

147.544, 113, 0, 1.91371e-25, 

147.544, 114, 0, 5.17158e-25, 

147.544, 115, 0, 1.25484e-24, 

147.544, 116, 0, 2.66344e-24, 

147.544, 117, 0, 4.76773e-24, 

147.544, 118, 0, 6.78562e-24, 

147.544, 119, 0, 6.78562e-24, 

150.179, 0, 0, 6.52773e-21, 

150.179, 1, 0, 6.52773e-21, 

150.179, 2, 0, 4.66804e-21, 

150.179, 3, 0, 2.67104e-21, 

150.179, 4, 0, 1.29052e-21, 

150.179, 5, 0, 5.44367e-22, 

150.179, 6, 0, 2.05335e-22, 

150.179, 7, 0, 7.05658e-23, 

150.179, 8, 0, 2.24351e-23, 

150.179, 9, 0, 6.68401e-24, 

150.179, 10, 0, 1.88641e-24, 

150.179, 11, 0, 5.08984e-25, 

150.179, 12, 0, 1.323e-25, 

150.179, 13, 0, 3.33372e-26, 

150.179, 14, 0, 8.18435e-27, 

150.179, 15, 0, 1.96526e-27, 

150.179, 16, 0, 4.62924e-28, 

150.179, 17, 0, 1.07196e-28, 

150.179, 18, 0, 2.4439e-29, 

150.179, 19, 0, 5.49131e-30, 

150.179, 20, 0, 1.21698e-30, 

150.179, 21, 0, 2.66176e-31, 

150.179, 22, 0, 5.74892e-32, 

150.179, 23, 0, 1.22695e-32, 

150.179, 24, 0, 2.58979e-33, 

150.179, 25, 0, 5.41214e-34, 

150.179, 26, 0, 1.12138e-34, 

150.179, 27, 0, 2.3076e-35, 

150.179, 28, 0, 4.72609e-36, 

150.179, 29, 0, 9.65664e-37, 

150.179, 30, 0, 1.97392e-37, 

150.179, 31, 0, 4.04921e-38, 

150.179, 32, 0, 8.37065e-39, 

150.179, 33, 0, 1.76532e-39, 

150.179, 34, 0, 4.1173e-40, 

150.179, 35, 0, 1.63444e-40, 

150.179, 36, 0, 1.77741e-40, 

150.179, 37, 0, 2.9975e-40, 

150.179, 38, 0, 5.25982e-40, 

150.179, 39, 0, 8.91035e-40, 

150.179, 40, 0, 1.43648e-39, 

150.179, 41, 0, 2.19091e-39, 

150.179, 42, 0, 3.14888e-39, 

150.179, 43, 0, 4.2533e-39, 

150.179, 44, 0, 5.39114e-39, 

150.179, 45, 0, 6.41048e-39, 

150.179, 46, 0, 7.15691e-39, 

150.179, 47, 0, 7.51665e-39, 

150.179, 48, 0, 7.44792e-39, 

150.179, 49, 0, 6.98782e-39, 

150.179, 50, 0, 6.23417e-39, 

150.179, 51, 0, 5.31293e-39, 

150.179, 52, 0, 4.34569e-39, 

150.179, 53, 0, 3.42755e-39, 

150.179, 54, 0, 2.6187e-39, 

150.179, 55, 0, 1.94689e-39, 

150.179, 56, 0, 1.4157e-39, 

150.179, 57, 0, 1.01423e-39, 

150.179, 58, 0, 7.25262e-40, 

150.179, 59, 0, 5.31348e-40, 

150.179, 60, 0, 4.18823e-40, 

150.179, 61, 0, 3.80844e-40, 

150.179, 62, 0, 4.20404e-40, 

150.179, 63, 0, 5.54519e-40, 

150.179, 64, 0, 8.20862e-40, 

150.179, 65, 0, 1.28833e-39, 

150.179, 66, 0, 2.07305e-39, 

150.179, 67, 0, 3.36069e-39, 

150.179, 68, 0, 5.43358e-39, 

150.179, 69, 0, 8.69605e-39, 

150.179, 70, 0, 1.36825e-38, 

150.179, 71, 0, 2.10214e-38, 

150.179, 72, 0, 3.13222e-38, 

150.179, 73, 0, 4.49601e-38, 

150.179, 74, 0, 6.17782e-38, 

150.179, 75, 0, 8.07938e-38, 

150.179, 76, 0, 1.0007e-37, 

150.179, 77, 0, 1.16917e-37, 

150.179, 78, 0, 1.28486e-37, 

150.179, 79, 0, 1.32586e-37, 

150.179, 80, 0, 1.28411e-37, 

150.179, 81, 0, 1.16816e-37, 

150.179, 82, 0, 1.00019e-37, 

150.179, 83, 0, 8.08748e-38, 

150.179, 84, 0, 6.20778e-38, 

150.179, 85, 0, 4.5619e-38, 

150.179, 86, 0, 3.26739e-38, 

150.179, 87, 0, 2.39894e-38, 

150.179, 88, 0, 2.10376e-38, 

150.179, 89, 0, 2.93362e-38, 

150.179, 90, 0, 6.97183e-38, 

150.179, 91, 0, 2.20479e-37, 

150.179, 92, 0, 7.82686e-37, 

150.179, 93, 0, 2.94782e-36, 

150.179, 94, 0, 1.15507e-35, 

150.179, 95, 0, 4.65825e-35, 

150.179, 96, 0, 1.91721e-34, 

150.179, 97, 0, 7.99388e-34, 

150.179, 98, 0, 3.35481e-33, 

150.179, 99, 0, 1.40918e-32, 

150.179, 100, 0, 5.89662e-32, 

150.179, 101, 0, 2.44865e-31, 

150.179, 102, 0, 1.00609e-30, 

150.179, 103, 0, 4.08077e-30, 

150.179, 104, 0, 1.63091e-29, 

150.179, 105, 0, 6.41138e-29, 

150.179, 106, 0, 2.47427e-28, 

150.179, 107, 0, 9.34919e-28, 

150.179, 108, 0, 3.44623e-27, 

150.179, 109, 0, 1.23303e-26, 

150.179, 110, 0, 4.2536e-26, 

150.179, 111, 0, 1.40268e-25, 

150.179, 112, 0, 4.37439e-25, 

150.179, 113, 0, 1.27318e-24, 

150.179, 114, 0, 3.40279e-24, 

150.179, 115, 0, 8.18441e-24, 

150.179, 116, 0, 1.72578e-23, 

150.179, 117, 0, 3.07552e-23, 

150.179, 118, 0, 4.36697e-23, 

150.179, 119, 0, 4.36697e-23, 

152.814, 0, 0, 3.10794e-20, 

152.814, 1, 0, 3.10794e-20, 

152.814, 2, 0, 2.23324e-20, 

152.814, 3, 0, 1.28677e-20, 

152.814, 4, 0, 6.26733e-21, 

152.814, 5, 0, 2.66648e-21, 

152.814, 6, 0, 1.01461e-21, 

152.814, 7, 0, 3.51678e-22, 

152.814, 8, 0, 1.12725e-22, 

152.814, 9, 0, 3.38387e-23, 

152.814, 10, 0, 9.61551e-24, 

152.814, 11, 0, 2.6099e-24, 

152.814, 12, 0, 6.81798e-25, 

152.814, 13, 0, 1.72493e-25, 

152.814, 14, 0, 4.24766e-26, 

152.814, 15, 0, 1.02211e-26, 

152.814, 16, 0, 2.41054e-27, 

152.814, 17, 0, 5.58432e-28, 

152.814, 18, 0, 1.27283e-28, 

152.814, 19, 0, 2.85773e-29, 

152.814, 20, 0, 6.32578e-30, 

152.814, 21, 0, 1.38158e-30, 

152.814, 22, 0, 2.97943e-31, 

152.814, 23, 0, 6.34956e-32, 

152.814, 24, 0, 1.33861e-32, 

152.814, 25, 0, 2.7952e-33, 

152.814, 26, 0, 5.79034e-34, 

152.814, 27, 0, 1.19222e-34, 

152.814, 28, 0, 2.4454e-35, 

152.814, 29, 0, 5.00976e-36, 

152.814, 30, 0, 1.02812e-36, 

152.814, 31, 0, 2.12109e-37, 

152.814, 32, 0, 4.42819e-38, 

152.814, 33, 0, 9.66613e-39, 

152.814, 34, 0, 2.75122e-39, 

152.814, 35, 0, 1.92475e-39, 

152.814, 36, 0, 2.92478e-39, 

152.814, 37, 0, 5.21175e-39, 

152.814, 38, 0, 9.16292e-39, 

152.814, 39, 0, 1.54448e-38, 

152.814, 40, 0, 2.47506e-38, 

152.814, 41, 0, 3.75161e-38, 

152.814, 42, 0, 5.35821e-38, 

152.814, 43, 0, 7.1917e-38, 

152.814, 44, 0, 9.05732e-38, 

152.814, 45, 0, 1.07002e-37, 

152.814, 46, 0, 1.18678e-37, 

152.814, 47, 0, 1.23816e-37, 

152.814, 48, 0, 1.21858e-37, 

152.814, 49, 0, 1.13551e-37, 

152.814, 50, 0, 1.00606e-37, 

152.814, 51, 0, 8.5143e-38, 

152.814, 52, 0, 6.9154e-38, 

152.814, 53, 0, 5.4158e-38, 

152.814, 54, 0, 4.10822e-38, 

152.814, 55, 0, 3.03205e-38, 

152.814, 56, 0, 2.18808e-38, 

152.814, 57, 0, 1.55464e-38, 

152.814, 58, 0, 1.10097e-38, 

152.814, 59, 0, 7.96724e-39, 

152.814, 60, 0, 6.18034e-39, 

152.814, 61, 0, 5.51866e-39, 

152.814, 62, 0, 6.00185e-39, 

152.814, 63, 0, 7.85771e-39, 

152.814, 64, 0, 1.16157e-38, 

152.814, 65, 0, 1.82576e-38, 

152.814, 66, 0, 2.94466e-38, 

152.814, 67, 0, 4.78489e-38, 

152.814, 68, 0, 7.75267e-38, 

152.814, 69, 0, 1.24313e-37, 

152.814, 70, 0, 1.9595e-37, 

152.814, 71, 0, 3.01622e-37, 

152.814, 72, 0, 4.50414e-37, 

152.814, 73, 0, 6.48338e-37, 

152.814, 74, 0, 8.94149e-37, 

152.814, 75, 0, 1.1751e-36, 

152.814, 76, 0, 1.46481e-36, 

152.814, 77, 0, 1.72554e-36, 

152.814, 78, 0, 1.91587e-36, 

152.814, 79, 0, 2.00194e-36, 

152.814, 80, 0, 1.968e-36, 

152.814, 81, 0, 1.8215e-36, 

152.814, 82, 0, 1.59038e-36, 

152.814, 83, 0, 1.31407e-36, 

152.814, 84, 0, 1.03239e-36, 

152.814, 85, 0, 7.77075e-37, 

152.814, 86, 0, 5.68787e-37, 

152.814, 87, 0, 4.20994e-37, 

152.814, 88, 0, 3.53985e-37, 

152.814, 89, 0, 4.34955e-37, 

152.814, 90, 0, 9.09069e-37, 

152.814, 91, 0, 2.67363e-36, 

152.814, 92, 0, 9.08562e-36, 

152.814, 93, 0, 3.30703e-35, 

152.814, 94, 0, 1.25687e-34, 

152.814, 95, 0, 4.92599e-34, 

152.814, 96, 0, 1.97278e-33, 

152.814, 97, 0, 8.0103e-33, 

152.814, 98, 0, 3.2751e-32, 

152.814, 99, 0, 1.34039e-31, 

152.814, 100, 0, 5.4642e-31, 

152.814, 101, 0, 2.21002e-30, 

152.814, 102, 0, 8.8417e-30, 

152.814, 103, 0, 3.49126e-29, 

152.814, 104, 0, 1.35835e-28, 

152.814, 105, 0, 5.19992e-28, 

152.814, 106, 0, 1.95531e-27, 

152.814, 107, 0, 7.20582e-27, 

152.814, 108, 0, 2.59392e-26, 

152.814, 109, 0, 9.07783e-26, 

152.814, 110, 0, 3.06871e-25, 

152.814, 111, 0, 9.93618e-25, 

152.814, 112, 0, 3.04896e-24, 

152.814, 113, 0, 8.75053e-24, 

152.814, 114, 0, 2.31118e-23, 

152.814, 115, 0, 5.50529e-23, 

152.814, 116, 0, 1.15216e-22, 

152.814, 117, 0, 2.04243e-22, 

152.814, 118, 0, 2.89162e-22, 

152.814, 119, 0, 2.89162e-22, 

155.449, 0, 0, 1.41638e-19, 

155.449, 1, 0, 1.41638e-19, 

155.449, 2, 0, 1.02171e-19, 

155.449, 3, 0, 5.91945e-20, 

155.449, 4, 0, 2.90124e-20, 

155.449, 5, 0, 1.24246e-20, 

155.449, 6, 0, 4.75853e-21, 

155.449, 7, 0, 1.65972e-21, 

155.449, 8, 0, 5.35089e-22, 

155.449, 9, 0, 1.61463e-22, 

155.449, 10, 0, 4.60869e-23, 

155.449, 11, 0, 1.25556e-23, 

155.449, 12, 0, 3.28949e-24, 

155.449, 13, 0, 8.33973e-25, 

155.449, 14, 0, 2.05638e-25, 

155.449, 15, 0, 4.95133e-26, 

155.449, 16, 0, 1.16776e-26, 

155.449, 17, 0, 2.70404e-27, 

155.449, 18, 0, 6.1584e-28, 

155.449, 19, 0, 1.38132e-28, 

155.449, 20, 0, 3.05456e-29, 

155.449, 21, 0, 6.66549e-30, 

155.449, 22, 0, 1.43662e-30, 

155.449, 23, 0, 3.06135e-31, 

155.449, 24, 0, 6.45755e-32, 

155.449, 25, 0, 1.35031e-32, 

155.449, 26, 0, 2.80399e-33, 

155.449, 27, 0, 5.79428e-34, 

155.449, 28, 0, 1.19444e-34, 

155.449, 29, 0, 2.4631e-35, 

155.449, 30, 0, 5.0975e-36, 

155.449, 31, 0, 1.06355e-36, 

155.449, 32, 0, 2.26972e-37, 

155.449, 33, 0, 5.45595e-38, 

155.449, 34, 0, 2.38229e-38, 

155.449, 35, 0, 2.83097e-38, 

155.449, 36, 0, 4.95488e-38, 

155.449, 37, 0, 8.95814e-38, 

155.449, 38, 0, 1.5699e-37, 

155.449, 39, 0, 2.63166e-37, 

155.449, 40, 0, 4.19266e-37, 

155.449, 41, 0, 6.31751e-37, 

155.449, 42, 0, 8.96927e-37, 

155.449, 43, 0, 1.19662e-36, 

155.449, 44, 0, 1.49791e-36, 

155.449, 45, 0, 1.75873e-36, 

155.449, 46, 0, 1.93845e-36, 

155.449, 47, 0, 2.00949e-36, 

155.449, 48, 0, 1.96488e-36, 

155.449, 49, 0, 1.81886e-36, 

155.449, 50, 0, 1.60074e-36, 

155.449, 51, 0, 1.34557e-36, 

155.449, 52, 0, 1.08546e-36, 

155.449, 53, 0, 8.44285e-37, 

155.449, 54, 0, 6.36045e-37, 

155.449, 55, 0, 4.66154e-37, 

155.449, 56, 0, 3.33957e-37, 

155.449, 57, 0, 2.35394e-37, 

155.449, 58, 0, 1.65139e-37, 

155.449, 59, 0, 1.18051e-37, 

155.449, 60, 0, 9.00829e-38, 

155.449, 61, 0, 7.88807e-38, 

155.449, 62, 0, 8.43451e-38, 

155.449, 63, 0, 1.09418e-37, 

155.449, 64, 0, 1.61372e-37, 

155.449, 65, 0, 2.53911e-37, 

155.449, 66, 0, 4.104e-37, 

155.449, 67, 0, 6.68407e-37, 

155.449, 68, 0, 1.08532e-36, 

155.449, 69, 0, 1.74378e-36, 

155.449, 70, 0, 2.75406e-36, 

155.449, 71, 0, 4.24813e-36, 

155.449, 72, 0, 6.35917e-36, 

155.449, 73, 0, 9.18123e-36, 

155.449, 74, 0, 1.27116e-35, 

155.449, 75, 0, 1.67904e-35, 

155.449, 76, 0, 2.10671e-35, 

155.449, 77, 0, 2.50237e-35, 

155.449, 78, 0, 2.80715e-35, 

155.449, 79, 0, 2.97018e-35, 

155.449, 80, 0, 2.96343e-35, 

155.449, 81, 0, 2.79031e-35, 

155.449, 82, 0, 2.48404e-35, 

155.449, 83, 0, 2.09699e-35, 

155.449, 84, 0, 1.68597e-35, 

155.449, 85, 0, 1.29974e-35, 

155.449, 86, 0, 9.7294e-36, 

155.449, 87, 0, 7.29336e-36, 

155.449, 88, 0, 5.98386e-36, 

155.449, 89, 0, 6.63649e-36, 

155.449, 90, 0, 1.21614e-35, 

155.449, 91, 0, 3.29084e-35, 

155.449, 92, 0, 1.06515e-34, 

155.449, 93, 0, 3.73825e-34, 

155.449, 94, 0, 1.37589e-33, 

155.449, 95, 0, 5.23374e-33, 

155.449, 96, 0, 2.0375e-32, 

155.449, 97, 0, 8.05175e-32, 

155.449, 98, 0, 3.20689e-31, 

155.449, 99, 0, 1.27936e-30, 

155.449, 100, 0, 5.08604e-30, 

155.449, 101, 0, 2.00657e-29, 

155.449, 102, 0, 7.83194e-29, 

155.449, 103, 0, 3.01755e-28, 

155.449, 104, 0, 1.14581e-27, 

155.449, 105, 0, 4.28218e-27, 

155.449, 106, 0, 1.57283e-26, 

155.449, 107, 0, 5.66587e-26, 

155.449, 108, 0, 1.99565e-25, 

155.449, 109, 0, 6.8419e-25, 

155.449, 110, 0, 2.26897e-24, 

155.449, 111, 0, 7.21857e-24, 

155.449, 112, 0, 2.1801e-23, 

155.449, 113, 0, 6.16916e-23, 

155.449, 114, 0, 1.60953e-22, 

155.449, 115, 0, 3.79452e-22, 

155.449, 116, 0, 7.87563e-22, 

155.449, 117, 0, 1.38762e-21, 

155.449, 118, 0, 1.95761e-21, 

155.449, 119, 0, 1.95761e-21, 

158.083, 0, 0, 6.21109e-19, 

158.083, 1, 0, 6.21109e-19, 

158.083, 2, 0, 4.49337e-19, 

158.083, 3, 0, 2.61382e-19, 

158.083, 4, 0, 1.28688e-19, 

158.083, 5, 0, 5.53672e-20, 

158.083, 6, 0, 2.13011e-20, 

158.083, 7, 0, 7.46092e-21, 

158.083, 8, 0, 2.4145e-21, 

158.083, 9, 0, 7.30953e-22, 

158.083, 10, 0, 2.09198e-22, 

158.083, 11, 0, 5.71115e-23, 

158.083, 12, 0, 1.49852e-23, 

158.083, 13, 0, 3.80279e-24, 

158.083, 14, 0, 9.38143e-25, 

158.083, 15, 0, 2.25916e-25, 

158.083, 16, 0, 5.32764e-26, 

158.083, 17, 0, 1.23343e-26, 

158.083, 18, 0, 2.80878e-27, 

158.083, 19, 0, 6.30072e-28, 

158.083, 20, 0, 1.394e-28, 

158.083, 21, 0, 3.04514e-29, 

158.083, 22, 0, 6.57502e-30, 

158.083, 23, 0, 1.40489e-30, 

158.083, 24, 0, 2.97469e-31, 

158.083, 25, 0, 6.25169e-32, 

158.083, 26, 0, 1.30661e-32, 

158.083, 27, 0, 2.72188e-33, 

158.083, 28, 0, 5.66631e-34, 

158.083, 29, 0, 1.18234e-34, 

158.083, 30, 0, 2.48199e-35, 

158.083, 31, 0, 5.28166e-36, 

158.083, 32, 0, 1.1859e-36, 

158.083, 33, 0, 3.64033e-37, 

158.083, 34, 0, 2.87117e-37, 

158.083, 35, 0, 4.60024e-37, 

158.083, 36, 0, 8.42385e-37, 

158.083, 37, 0, 1.52421e-36, 

158.083, 38, 0, 2.65815e-36, 

158.083, 39, 0, 4.43074e-36, 

158.083, 40, 0, 7.01817e-36, 

158.083, 41, 0, 1.05137e-35, 

158.083, 42, 0, 1.48398e-35, 

158.083, 43, 0, 1.96816e-35, 

158.083, 44, 0, 2.44892e-35, 

158.083, 45, 0, 2.85764e-35, 

158.083, 46, 0, 3.12971e-35, 

158.083, 47, 0, 3.2232e-35, 

158.083, 48, 0, 3.13046e-35, 

158.083, 49, 0, 2.87784e-35, 

158.083, 50, 0, 2.51492e-35, 

158.083, 51, 0, 2.09896e-35, 

158.083, 52, 0, 1.68107e-35, 

158.083, 53, 0, 1.29814e-35, 

158.083, 54, 0, 9.70895e-36, 

158.083, 55, 0, 7.06366e-36, 

158.083, 56, 0, 5.02225e-36, 

158.083, 57, 0, 3.51101e-36, 

158.083, 58, 0, 2.43939e-36, 

158.083, 59, 0, 1.72198e-36, 

158.083, 60, 0, 1.29154e-36, 

158.083, 61, 0, 1.10701e-36, 

158.083, 62, 0, 1.16073e-36, 

158.083, 63, 0, 1.48866e-36, 

158.083, 64, 0, 2.18754e-36, 

158.083, 65, 0, 3.44345e-36, 

158.083, 66, 0, 5.57601e-36, 

158.083, 67, 0, 9.10121e-36, 

158.083, 68, 0, 1.48097e-35, 

158.083, 69, 0, 2.38445e-35, 

158.083, 70, 0, 3.77395e-35, 

158.083, 71, 0, 5.83496e-35, 

158.083, 72, 0, 8.7586e-35, 

158.083, 73, 0, 1.26885e-34, 

158.083, 74, 0, 1.76433e-34, 

158.083, 75, 0, 2.34333e-34, 

158.083, 76, 0, 2.9608e-34, 

158.083, 77, 0, 3.54774e-34, 

158.083, 78, 0, 4.02282e-34, 

158.083, 79, 0, 4.31181e-34, 

158.083, 80, 0, 4.368e-34, 

158.083, 81, 0, 4.18556e-34, 

158.083, 82, 0, 3.80045e-34, 

158.083, 83, 0, 3.27877e-34, 

158.083, 84, 0, 2.69834e-34, 

158.083, 85, 0, 2.13107e-34, 

158.083, 86, 0, 1.6326e-34, 

158.083, 87, 0, 1.24353e-34, 

158.083, 88, 0, 1.00835e-34, 

158.083, 89, 0, 1.03346e-34, 

158.083, 90, 0, 1.66741e-34, 

158.083, 91, 0, 4.11119e-34, 

158.083, 92, 0, 1.26077e-33, 

158.083, 93, 0, 4.25757e-33, 

158.083, 94, 0, 1.51549e-32, 

158.083, 95, 0, 5.5874e-32, 

158.083, 96, 0, 2.11139e-31, 

158.083, 97, 0, 8.10945e-31, 

158.083, 98, 0, 3.14281e-30, 

158.083, 99, 0, 1.22127e-29, 

158.083, 100, 0, 4.73345e-29, 

158.083, 101, 0, 1.82212e-28, 

158.083, 102, 0, 6.94418e-28, 

158.083, 103, 0, 2.614e-27, 

158.083, 104, 0, 9.70337e-27, 

158.083, 105, 0, 3.54731e-26, 

158.083, 106, 0, 1.27533e-25, 

158.083, 107, 0, 4.50023e-25, 

158.083, 108, 0, 1.55398e-24, 

158.083, 109, 0, 5.2281e-24, 

158.083, 110, 0, 1.70321e-23, 

158.083, 111, 0, 5.3294e-23, 

158.083, 112, 0, 1.58509e-22, 

158.083, 113, 0, 4.42348e-22, 

158.083, 114, 0, 1.13986e-21, 

158.083, 115, 0, 2.65854e-21, 

158.083, 116, 0, 5.46886e-21, 

158.083, 117, 0, 9.57042e-21, 

158.083, 118, 0, 1.34461e-20, 

158.083, 119, 0, 1.34461e-20, 

160.718, 0, 0, 2.63889e-18, 

160.718, 1, 0, 2.63889e-18, 

160.718, 2, 0, 1.91312e-18, 

160.718, 3, 0, 1.11615e-18, 

160.718, 4, 0, 5.51326e-19, 

160.718, 5, 0, 2.37998e-19, 

160.718, 6, 0, 9.1859e-20, 

160.718, 7, 0, 3.22705e-20, 

160.718, 8, 0, 1.0471e-20, 

160.718, 9, 0, 3.17713e-21, 

160.718, 10, 0, 9.10991e-22, 

160.718, 11, 0, 2.49072e-22, 

160.718, 12, 0, 6.54287e-23, 

160.718, 13, 0, 1.66189e-23, 

160.718, 14, 0, 4.10303e-24, 

160.718, 15, 0, 9.88807e-25, 

160.718, 16, 0, 2.33393e-25, 

160.718, 17, 0, 5.40981e-26, 

160.718, 18, 0, 1.23395e-26, 

160.718, 19, 0, 2.7743e-27, 

160.718, 20, 0, 6.1568e-28, 

160.718, 21, 0, 1.35035e-28, 

160.718, 22, 0, 2.93068e-29, 

160.718, 23, 0, 6.30241e-30, 

160.718, 24, 0, 1.345e-30, 

160.718, 25, 0, 2.85356e-31, 

160.718, 26, 0, 6.03116e-32, 

160.718, 27, 0, 1.27294e-32, 

160.718, 28, 0, 2.69032e-33, 

160.718, 29, 0, 5.71215e-34, 

160.718, 30, 0, 1.22438e-34, 

160.718, 31, 0, 2.69558e-35, 

160.718, 32, 0, 6.83776e-36, 

160.718, 33, 0, 3.33875e-36, 

160.718, 34, 0, 4.28299e-36, 

160.718, 35, 0, 7.70724e-36, 

160.718, 36, 0, 1.42662e-35, 

160.718, 37, 0, 2.57189e-35, 

160.718, 38, 0, 4.46026e-35, 

160.718, 39, 0, 7.39107e-35, 

160.718, 40, 0, 1.16382e-34, 

160.718, 41, 0, 1.73319e-34, 

160.718, 42, 0, 2.43178e-34, 

160.718, 43, 0, 3.20567e-34, 

160.718, 44, 0, 3.96384e-34, 

160.718, 45, 0, 4.59542e-34, 

160.718, 46, 0, 4.99887e-34, 

160.718, 47, 0, 5.11174e-34, 

160.718, 48, 0, 4.92799e-34, 

160.718, 49, 0, 4.49562e-34, 

160.718, 50, 0, 3.89775e-34, 

160.718, 51, 0, 3.22695e-34, 

160.718, 52, 0, 2.56353e-34, 

160.718, 53, 0, 1.96347e-34, 

160.718, 54, 0, 1.45655e-34, 

160.718, 55, 0, 1.05104e-34, 

160.718, 56, 0, 7.41048e-35, 

160.718, 57, 0, 5.13448e-35, 

160.718, 58, 0, 3.53072e-35, 

160.718, 59, 0, 2.45953e-35, 

160.718, 60, 0, 1.8113e-35, 

160.718, 61, 0, 1.51661e-35, 

160.718, 62, 0, 1.55473e-35, 

160.718, 63, 0, 1.96612e-35, 

160.718, 64, 0, 2.87443e-35, 

160.718, 65, 0, 4.52384e-35, 

160.718, 66, 0, 7.33783e-35, 

160.718, 67, 0, 1.20034e-34, 

160.718, 68, 0, 1.95775e-34, 

160.718, 69, 0, 3.15957e-34, 

160.718, 70, 0, 5.01327e-34, 

160.718, 71, 0, 7.77271e-34, 

160.718, 72, 0, 1.17054e-33, 

160.718, 73, 0, 1.70251e-33, 

160.718, 74, 0, 2.37904e-33, 

160.718, 75, 0, 3.17929e-33, 

160.718, 76, 0, 4.04795e-33, 

160.718, 77, 0, 4.89631e-33, 

160.718, 78, 0, 5.61574e-33, 

160.718, 79, 0, 6.10149e-33, 

160.718, 80, 0, 6.27976e-33, 

160.718, 81, 0, 6.12754e-33, 

160.718, 82, 0, 5.67777e-33, 

160.718, 83, 0, 5.00841e-33, 

160.718, 84, 0, 4.22078e-33, 

160.718, 85, 0, 3.41632e-33, 

160.718, 86, 0, 2.68026e-33, 

160.718, 87, 0, 2.07929e-33, 

160.718, 88, 0, 1.68174e-33, 

160.718, 89, 0, 1.62608e-33, 

160.718, 90, 0, 2.33247e-33, 

160.718, 91, 0, 5.1987e-33, 

160.718, 92, 0, 1.50229e-32, 

160.718, 93, 0, 4.87437e-32, 

160.718, 94, 0, 1.67739e-31, 

160.718, 95, 0, 5.99146e-31, 

160.718, 96, 0, 2.196e-30, 

160.718, 97, 0, 8.18907e-30, 

160.718, 98, 0, 3.08457e-29, 

160.718, 99, 0, 1.16626e-28, 

160.718, 100, 0, 4.403e-28, 

160.718, 101, 0, 1.65277e-27, 

160.718, 102, 0, 6.14875e-27, 

160.718, 103, 0, 2.26178e-26, 

160.718, 104, 0, 8.21249e-26, 

160.718, 105, 0, 2.93945e-25, 

160.718, 106, 0, 1.03561e-24, 

160.718, 107, 0, 3.58419e-24, 

160.718, 108, 0, 1.21495e-23, 

160.718, 109, 0, 4.01598e-23, 

160.718, 110, 0, 1.28659e-22, 

160.718, 111, 0, 3.96266e-22, 

160.718, 112, 0, 1.16129e-21, 

160.718, 113, 0, 3.19674e-21, 

160.718, 114, 0, 8.13562e-21, 

160.718, 115, 0, 1.87665e-20, 

160.718, 116, 0, 3.82434e-20, 

160.718, 117, 0, 6.64339e-20, 

160.718, 118, 0, 9.2907e-20, 

160.718, 119, 0, 9.2907e-20, 

163.353, 0, 0, 1.09327e-17, 

163.353, 1, 0, 1.09327e-17, 

163.353, 2, 0, 7.93953e-18, 

163.353, 3, 0, 4.64351e-18, 

163.353, 4, 0, 2.30018e-18, 

163.353, 5, 0, 9.95897e-19, 

163.353, 6, 0, 3.8552e-19, 

163.353, 7, 0, 1.3582e-19, 

163.353, 8, 0, 4.41878e-20, 

163.353, 9, 0, 1.34404e-20, 

163.353, 10, 0, 3.86252e-21, 

163.353, 11, 0, 1.05825e-21, 

163.353, 12, 0, 2.78545e-22, 

163.353, 13, 0, 7.08917e-23, 

163.353, 14, 0, 1.75393e-23, 

163.353, 15, 0, 4.2369e-24, 

163.353, 16, 0, 1.00284e-24, 

163.353, 17, 0, 2.33231e-25, 

163.353, 18, 0, 5.34174e-26, 

163.353, 19, 0, 1.20703e-26, 

163.353, 20, 0, 2.69504e-27, 

163.353, 21, 0, 5.95446e-28, 

163.353, 22, 0, 1.30364e-28, 

163.353, 23, 0, 2.8324e-29, 

163.353, 24, 0, 6.11727e-30, 

163.353, 25, 0, 1.3158e-30, 

163.353, 26, 0, 2.8249e-31, 

163.353, 27, 0, 6.06854e-32, 

163.353, 28, 0, 1.30824e-32, 

163.353, 29, 0, 2.84069e-33, 

163.353, 30, 0, 6.26536e-34, 

163.353, 31, 0, 1.47053e-34, 

163.353, 32, 0, 4.88487e-35, 

163.353, 33, 0, 4.20154e-35, 

163.353, 34, 0, 6.95021e-35, 

163.353, 35, 0, 1.29703e-34, 

163.353, 36, 0, 2.39966e-34, 

163.353, 37, 0, 4.30274e-34, 

163.353, 38, 0, 7.41624e-34, 

163.353, 39, 0, 1.22126e-33, 

163.353, 40, 0, 1.91101e-33, 

163.353, 41, 0, 2.82811e-33, 

163.353, 42, 0, 3.94297e-33, 

163.353, 43, 0, 5.16415e-33, 

163.353, 44, 0, 6.34265e-33, 

163.353, 45, 0, 7.30144e-33, 

163.353, 46, 0, 7.88328e-33, 

163.353, 47, 0, 7.99772e-33, 

163.353, 48, 0, 7.64612e-33, 

163.353, 49, 0, 6.91455e-33, 

163.353, 50, 0, 5.94088e-33, 

163.353, 51, 0, 4.87297e-33, 

163.353, 52, 0, 3.83484e-33, 

163.353, 53, 0, 2.90955e-33, 

163.353, 54, 0, 2.13812e-33, 

163.353, 55, 0, 1.52843e-33, 

163.353, 56, 0, 1.06748e-33, 

163.353, 57, 0, 7.32353e-34, 

163.353, 58, 0, 4.98043e-34, 

163.353, 59, 0, 3.42136e-34, 

163.353, 60, 0, 2.47171e-34, 

163.353, 61, 0, 2.0179e-34, 

163.353, 62, 0, 2.01626e-34, 

163.353, 63, 0, 2.50706e-34, 

163.353, 64, 0, 3.64121e-34, 

163.353, 65, 0, 5.72733e-34, 

163.353, 66, 0, 9.30719e-34, 

163.353, 67, 0, 1.52654e-33, 

163.353, 68, 0, 2.49701e-33, 

163.353, 69, 0, 4.04208e-33, 

163.353, 70, 0, 6.43416e-33, 

163.353, 71, 0, 1.0011e-32, 

163.353, 72, 0, 1.51372e-32, 

163.353, 73, 0, 2.21214e-32, 

163.353, 74, 0, 3.10887e-32, 

163.353, 75, 0, 4.18347e-32, 

163.353, 76, 0, 5.37138e-32, 

163.353, 77, 0, 6.5632e-32, 

163.353, 78, 0, 7.61893e-32, 

163.353, 79, 0, 8.3962e-32, 

163.353, 80, 0, 8.78436e-32, 

163.353, 81, 0, 8.7324e-32, 

163.353, 82, 0, 8.26069e-32, 

163.353, 83, 0, 7.45306e-32, 

163.353, 84, 0, 6.43363e-32, 

163.353, 85, 0, 5.33819e-32, 

163.353, 86, 0, 4.29081e-32, 

163.353, 87, 0, 3.39585e-32, 

163.353, 88, 0, 2.75749e-32, 

163.353, 89, 0, 2.55843e-32, 

163.353, 90, 0, 3.30545e-32, 

163.353, 91, 0, 6.61986e-32, 

163.353, 92, 0, 1.79133e-31, 

163.353, 93, 0, 5.57731e-31, 

163.353, 94, 0, 1.85681e-30, 

163.353, 95, 0, 6.4314e-30, 

163.353, 96, 0, 2.28769e-29, 

163.353, 97, 0, 8.28394e-29, 

163.353, 98, 0, 3.03191e-28, 

163.353, 99, 0, 1.11476e-27, 

163.353, 100, 0, 4.09646e-27, 

163.353, 101, 0, 1.49831e-26, 

163.353, 102, 0, 5.43745e-26, 

163.353, 103, 0, 1.95338e-25, 

163.353, 104, 0, 6.93499e-25, 

163.353, 105, 0, 2.42981e-24, 

163.353, 106, 0, 8.38904e-24, 

163.353, 107, 0, 2.84819e-23, 

163.353, 108, 0, 9.48017e-23, 

163.353, 109, 0, 3.07981e-22, 

163.353, 110, 0, 9.70572e-22, 

163.353, 111, 0, 2.94311e-21, 

163.353, 112, 0, 8.49929e-21, 

163.353, 113, 0, 2.30779e-20, 

163.353, 114, 0, 5.7996e-20, 

163.353, 115, 0, 1.3227e-19, 

163.353, 116, 0, 2.66915e-19, 

163.353, 117, 0, 4.60052e-19, 

163.353, 118, 0, 6.4016e-19, 

163.353, 119, 0, 6.4016e-19, 

165.987, 0, 0, 4.43488e-17, 

165.987, 1, 0, 4.43488e-17, 

165.987, 2, 0, 3.22632e-17, 

165.987, 3, 0, 1.89195e-17, 

165.987, 4, 0, 9.40181e-18, 

165.987, 5, 0, 4.08498e-18, 

165.987, 6, 0, 1.58717e-18, 

165.987, 7, 0, 5.61269e-19, 

165.987, 8, 0, 1.83292e-19, 

165.987, 9, 0, 5.59603e-20, 

165.987, 10, 0, 1.61419e-20, 

165.987, 11, 0, 4.4391e-21, 

165.987, 12, 0, 1.17289e-21, 

165.987, 13, 0, 2.99697e-22, 

165.987, 14, 0, 7.44637e-23, 

165.987, 15, 0, 1.80717e-23, 

165.987, 16, 0, 4.2997e-24, 

165.987, 17, 0, 1.00589e-24, 

165.987, 18, 0, 2.31945e-25, 

165.987, 19, 0, 5.28203e-26, 

165.987, 20, 0, 1.19e-26, 

165.987, 21, 0, 2.65649e-27, 

165.987, 22, 0, 5.88513e-28, 

165.987, 23, 0, 1.29598e-28, 

165.987, 24, 0, 2.84188e-29, 

165.987, 25, 0, 6.21802e-30, 

165.987, 26, 0, 1.36057e-30, 

165.987, 27, 0, 2.98495e-31, 

165.987, 28, 0, 6.58617e-32, 

165.987, 29, 0, 1.4688e-32, 

165.987, 30, 0, 3.37421e-33, 

165.987, 31, 0, 9.04464e-34, 

165.987, 32, 0, 4.74482e-34, 

165.987, 33, 0, 6.30794e-34, 

165.987, 34, 0, 1.15253e-33, 

165.987, 35, 0, 2.16914e-33, 

165.987, 36, 0, 3.99539e-33, 

165.987, 37, 0, 7.1184e-33, 

165.987, 38, 0, 1.21865e-32, 

165.987, 39, 0, 1.99311e-32, 

165.987, 40, 0, 3.09756e-32, 

165.987, 41, 0, 4.55286e-32, 

165.987, 42, 0, 6.30395e-32, 

165.987, 43, 0, 8.19812e-32, 

165.987, 44, 0, 9.99504e-32, 

165.987, 45, 0, 1.14168e-31, 

165.987, 46, 0, 1.22251e-31, 

165.987, 47, 0, 1.22939e-31, 

165.987, 48, 0, 1.16441e-31, 

165.987, 49, 0, 1.04269e-31, 

165.987, 50, 0, 8.86731e-32, 

165.987, 51, 0, 7.19706e-32, 

165.987, 52, 0, 5.60346e-32, 

165.987, 53, 0, 4.20597e-32, 

165.987, 54, 0, 3.05798e-32, 

165.987, 55, 0, 2.16304e-32, 

165.987, 56, 0, 1.49494e-32, 

165.987, 57, 0, 1.01468e-32, 

165.987, 58, 0, 6.82009e-33, 

165.987, 59, 0, 4.61839e-33, 

165.987, 60, 0, 3.27135e-33, 

165.987, 61, 0, 2.60026e-33, 

165.987, 62, 0, 2.52496e-33, 

165.987, 63, 0, 3.07785e-33, 

165.987, 64, 0, 4.43441e-33, 

165.987, 65, 0, 6.97022e-33, 

165.987, 66, 0, 1.13549e-32, 

165.987, 67, 0, 1.86908e-32, 

165.987, 68, 0, 3.06945e-32, 

165.987, 69, 0, 4.98935e-32, 

165.987, 70, 0, 7.97643e-32, 

165.987, 71, 0, 1.24679e-31, 

165.987, 72, 0, 1.89475e-31, 

165.987, 73, 0, 2.78472e-31, 

165.987, 74, 0, 3.93919e-31, 

165.987, 75, 0, 5.3414e-31, 

165.987, 76, 0, 6.92004e-31, 

165.987, 77, 0, 8.54552e-31, 

165.987, 78, 0, 1.00441e-30, 

165.987, 79, 0, 1.12297e-30, 

165.987, 80, 0, 1.19447e-30, 

165.987, 81, 0, 1.20975e-30, 

165.987, 82, 0, 1.16829e-30, 

165.987, 83, 0, 1.078e-30, 

165.987, 84, 0, 9.53011e-31, 

165.987, 85, 0, 8.10468e-31, 

165.987, 86, 0, 6.67439e-31, 

165.987, 87, 0, 5.39372e-31, 

165.987, 88, 0, 4.41713e-31, 

165.987, 89, 0, 3.98576e-31, 

165.987, 90, 0, 4.70604e-31, 

165.987, 91, 0, 8.43451e-31, 

165.987, 92, 0, 2.12013e-30, 

165.987, 93, 0, 6.32044e-30, 

165.987, 94, 0, 2.03788e-29, 

165.987, 95, 0, 6.85803e-29, 

165.987, 96, 0, 2.37197e-28, 

165.987, 97, 0, 8.35325e-28, 

165.987, 98, 0, 2.97389e-27, 

165.987, 99, 0, 1.06396e-26, 

165.987, 100, 0, 3.80634e-26, 

165.987, 101, 0, 1.3563e-25, 

165.987, 102, 0, 4.79917e-25, 

165.987, 103, 0, 1.68265e-24, 

165.987, 104, 0, 5.83643e-24, 

165.987, 105, 0, 2.00007e-23, 

165.987, 106, 0, 6.76147e-23, 

165.987, 107, 0, 2.25022e-22, 

165.987, 108, 0, 7.34941e-22, 

165.987, 109, 0, 2.34515e-21, 

165.987, 110, 0, 7.26594e-21, 

165.987, 111, 0, 2.16814e-20, 

165.987, 112, 0, 6.16719e-20, 

165.987, 113, 0, 1.65102e-19, 

165.987, 114, 0, 4.09525e-19, 

165.987, 115, 0, 9.23049e-19, 

165.987, 116, 0, 1.84371e-18, 

165.987, 117, 0, 3.15181e-18, 

165.987, 118, 0, 4.3625e-18, 

165.987, 119, 0, 4.3625e-18, 

168.622, 0, 0, 1.76355e-16, 

168.622, 1, 0, 1.76355e-16, 

168.622, 2, 0, 1.28567e-16, 

168.622, 3, 0, 7.56434e-17, 

168.622, 4, 0, 3.77454e-17, 

168.622, 5, 0, 1.64772e-17, 

168.622, 6, 0, 6.43479e-18, 

168.622, 7, 0, 2.28785e-18, 

168.622, 8, 0, 7.5134e-19, 

168.622, 9, 0, 2.30717e-19, 

168.622, 10, 0, 6.69455e-20, 

168.622, 11, 0, 1.85223e-20, 

168.622, 12, 0, 4.92456e-21, 

168.622, 13, 0, 1.2665e-21, 

168.622, 14, 0, 3.16821e-22, 

168.622, 15, 0, 7.74452e-23, 

168.622, 16, 0, 1.8569e-23, 

168.622, 17, 0, 4.3807e-24, 

168.622, 18, 0, 1.01945e-24, 

168.622, 19, 0, 2.34524e-25, 

168.622, 20, 0, 5.34348e-26, 

168.622, 21, 0, 1.2079e-26, 

168.622, 22, 0, 2.71361e-27, 

168.622, 23, 0, 6.06936e-28, 

168.622, 24, 0, 1.35409e-28, 

168.622, 25, 0, 3.01976e-29, 

168.622, 26, 0, 6.74754e-30, 

168.622, 27, 0, 1.51471e-30, 

168.622, 28, 0, 3.42813e-31, 

168.622, 29, 0, 7.89003e-32, 

168.622, 30, 0, 1.93903e-32, 

168.622, 31, 0, 6.78467e-33, 

168.622, 32, 0, 6.02588e-33, 

168.622, 33, 0, 1.00814e-32, 

168.622, 34, 0, 1.90404e-32, 

168.622, 35, 0, 3.57979e-32, 

168.622, 36, 0, 6.55372e-32, 

168.622, 37, 0, 1.15938e-31, 

168.622, 38, 0, 1.97017e-31, 

168.622, 39, 0, 3.19819e-31, 

168.622, 40, 0, 4.93331e-31, 

168.622, 41, 0, 7.19696e-31, 

168.622, 42, 0, 9.88991e-31, 

168.622, 43, 0, 1.27624e-30, 

168.622, 44, 0, 1.54349e-30, 

168.622, 45, 0, 1.74816e-30, 

168.622, 46, 0, 1.85516e-30, 

168.622, 47, 0, 1.8478e-30, 

168.622, 48, 0, 1.73244e-30, 

168.622, 49, 0, 1.53482e-30, 

168.622, 50, 0, 1.29077e-30, 

168.622, 51, 0, 1.03568e-30, 

168.622, 52, 0, 7.97013e-31, 

168.622, 53, 0, 5.91302e-31, 

168.622, 54, 0, 4.24978e-31, 

168.622, 55, 0, 2.97224e-31, 

168.622, 56, 0, 2.03153e-31, 

168.622, 57, 0, 1.36364e-31, 

168.622, 58, 0, 9.05774e-32, 

168.622, 59, 0, 6.0471e-32, 

168.622, 60, 0, 4.20035e-32, 

168.622, 61, 0, 3.24805e-32, 

168.622, 62, 0, 3.05706e-32, 

168.622, 63, 0, 3.6416e-32, 

168.622, 64, 0, 5.19608e-32, 

168.622, 65, 0, 8.16175e-32, 

168.622, 66, 0, 1.33404e-31, 

168.622, 67, 0, 2.20658e-31, 

168.622, 68, 0, 3.64325e-31, 

168.622, 69, 0, 5.95515e-31, 

168.622, 70, 0, 9.57487e-31, 

168.622, 71, 0, 1.50546e-30, 

168.622, 72, 0, 2.30197e-30, 

168.622, 73, 0, 3.40565e-30, 

168.622, 74, 0, 4.85266e-30, 

168.622, 75, 0, 6.6339e-30, 

168.622, 76, 0, 8.67476e-30, 

168.622, 77, 0, 1.08275e-29, 

168.622, 78, 0, 1.28839e-29, 

168.622, 79, 0, 1.46096e-29, 

168.622, 80, 0, 1.57917e-29, 

168.622, 81, 0, 1.62851e-29, 

168.622, 82, 0, 1.60443e-29, 

168.622, 83, 0, 1.51288e-29, 

168.622, 84, 0, 1.36867e-29, 

168.622, 85, 0, 1.19208e-29, 

168.622, 86, 0, 1.00522e-29, 

168.622, 87, 0, 8.29616e-30, 

168.622, 88, 0, 6.87218e-30, 

168.622, 89, 0, 6.09385e-30, 

168.622, 90, 0, 6.67396e-30, 

168.622, 91, 0, 1.06879e-29, 

168.622, 92, 0, 2.46953e-29, 

168.622, 93, 0, 7.01736e-29, 

168.622, 94, 0, 2.19192e-28, 

168.622, 95, 0, 7.18241e-28, 

168.622, 96, 0, 2.42187e-27, 

168.622, 97, 0, 8.3164e-27, 

168.622, 98, 0, 2.8867e-26, 

168.622, 99, 0, 1.00685e-25, 

168.622, 100, 0, 3.51178e-25, 

168.622, 101, 0, 1.22021e-24, 

168.622, 102, 0, 4.21161e-24, 

168.622, 103, 0, 1.4411e-23, 

168.622, 104, 0, 4.88144e-23, 

168.622, 105, 0, 1.63486e-22, 

168.622, 106, 0, 5.40617e-22, 

168.622, 107, 0, 1.76156e-21, 

168.622, 108, 0, 5.63859e-21, 

168.622, 109, 0, 1.76508e-20, 

168.622, 110, 0, 5.37028e-20, 

168.622, 111, 0, 1.57521e-19, 

168.622, 112, 0, 4.40894e-19, 

168.622, 113, 0, 1.16271e-18, 

168.622, 114, 0, 2.84448e-18, 

168.622, 115, 0, 6.33216e-18, 

168.622, 116, 0, 1.25128e-17, 

168.622, 117, 0, 2.12073e-17, 

168.622, 118, 0, 2.91913e-17, 

168.622, 119, 0, 2.91913e-17, 

171.257, 0, 0, 6.86771e-16, 

171.257, 1, 0, 6.86771e-16, 

171.257, 2, 0, 5.01979e-16, 

171.257, 3, 0, 2.96577e-16, 

171.257, 4, 0, 1.48772e-16, 

171.257, 5, 0, 6.53426e-17, 

171.257, 6, 0, 2.56914e-17, 

171.257, 7, 0, 9.20123e-18, 

171.257, 8, 0, 3.0451e-18, 

171.257, 9, 0, 9.42621e-19, 

171.257, 10, 0, 2.75802e-19, 

171.257, 11, 0, 7.69658e-20, 

171.257, 12, 0, 2.06444e-20, 

171.257, 13, 0, 5.35772e-21, 

171.257, 14, 0, 1.35284e-21, 

171.257, 15, 0, 3.33908e-22, 

171.257, 16, 0, 8.08704e-23, 

171.257, 17, 0, 1.92808e-23, 

171.257, 18, 0, 4.53726e-24, 

171.257, 19, 0, 1.0563e-24, 

171.257, 20, 0, 2.43775e-25, 

171.257, 21, 0, 5.58768e-26, 

171.257, 22, 0, 1.27447e-26, 

171.257, 23, 0, 2.89817e-27, 

171.257, 24, 0, 6.58438e-28, 

171.257, 25, 0, 1.49787e-28, 

171.257, 26, 0, 3.42042e-29, 

171.257, 27, 0, 7.86307e-30, 

171.257, 28, 0, 1.82856e-30, 

171.257, 29, 0, 4.38491e-31, 

171.257, 30, 0, 1.22697e-31, 

171.257, 31, 0, 6.60544e-32, 

171.257, 32, 0, 8.82111e-32, 

171.257, 33, 0, 1.62418e-31, 

171.257, 34, 0, 3.09461e-31, 

171.257, 35, 0, 5.79252e-31, 

171.257, 36, 0, 1.05326e-30, 

171.257, 37, 0, 1.84919e-30, 

171.257, 38, 0, 3.11766e-30, 

171.257, 39, 0, 5.02041e-30, 

171.257, 40, 0, 7.68193e-30, 

171.257, 41, 0, 1.11164e-29, 

171.257, 42, 0, 1.51516e-29, 

171.257, 43, 0, 1.93898e-29, 

171.257, 44, 0, 2.32487e-29, 

171.257, 45, 0, 2.60948e-29, 

171.257, 46, 0, 2.74293e-29, 

171.257, 47, 0, 2.70467e-29, 

171.257, 48, 0, 2.50902e-29, 

171.257, 49, 0, 2.19822e-29, 

171.257, 50, 0, 1.82746e-29, 

171.257, 51, 0, 1.44908e-29, 

171.257, 52, 0, 1.1019e-29, 

171.257, 53, 0, 8.07832e-30, 

171.257, 54, 0, 5.73857e-30, 

171.257, 55, 0, 3.96816e-30, 

171.257, 56, 0, 2.68257e-30, 

171.257, 57, 0, 1.78124e-30, 

171.257, 58, 0, 1.16985e-30, 

171.257, 59, 0, 7.70611e-31, 

171.257, 60, 0, 5.25361e-31, 

171.257, 61, 0, 3.95227e-31, 

171.257, 62, 0, 3.59732e-31, 

171.257, 63, 0, 4.1726e-31, 

171.257, 64, 0, 5.88328e-31, 

171.257, 65, 0, 9.23142e-31, 

171.257, 66, 0, 1.51503e-30, 

171.257, 67, 0, 2.5212e-30, 

171.257, 68, 0, 4.191e-30, 

171.257, 69, 0, 6.89856e-30, 

171.257, 70, 0, 1.11701e-29, 

171.257, 71, 0, 1.76875e-29, 

171.257, 72, 0, 2.72401e-29, 

171.257, 73, 0, 4.05989e-29, 

171.257, 74, 0, 5.83004e-29, 

171.257, 75, 0, 8.03716e-29, 

171.257, 76, 0, 1.06073e-28, 

171.257, 77, 0, 1.33775e-28, 

171.257, 78, 0, 1.61059e-28, 

171.257, 79, 0, 1.85077e-28, 

171.257, 80, 0, 2.03082e-28, 

171.257, 81, 0, 2.12989e-28, 

171.257, 82, 0, 2.13788e-28, 

171.257, 83, 0, 2.05722e-28, 

171.257, 84, 0, 1.90184e-28, 

171.257, 85, 0, 1.69417e-28, 

171.257, 86, 0, 1.46112e-28, 

171.257, 87, 0, 1.23088e-28, 

171.257, 88, 0, 1.03308e-28, 

171.257, 89, 0, 9.07395e-29, 

171.257, 90, 0, 9.3536e-29, 

171.257, 91, 0, 1.34102e-28, 

171.257, 92, 0, 2.81235e-28, 

171.257, 93, 0, 7.5548e-28, 

171.257, 94, 0, 2.28216e-27, 

171.257, 95, 0, 7.29153e-27, 

171.257, 96, 0, 2.40322e-26, 

171.257, 97, 0, 8.07071e-26, 

171.257, 98, 0, 2.73958e-25, 

171.257, 99, 0, 9.34214e-25, 

171.257, 100, 0, 3.18479e-24, 

171.257, 101, 0, 1.08131e-23, 

171.257, 102, 0, 3.6463e-23, 

171.257, 103, 0, 1.21888e-22, 

171.257, 104, 0, 4.03378e-22, 

171.257, 105, 0, 1.32023e-21, 

171.257, 106, 0, 4.26817e-21, 

171.257, 107, 0, 1.36045e-20, 

171.257, 108, 0, 4.26283e-20, 

171.257, 109, 0, 1.30737e-19, 

171.257, 110, 0, 3.9007e-19, 

171.257, 111, 0, 1.12316e-18, 

171.257, 112, 0, 3.08941e-18, 

171.257, 113, 0, 8.01649e-18, 

171.257, 114, 0, 1.9323e-17, 

171.257, 115, 0, 4.24488e-17, 

171.257, 116, 0, 8.29309e-17, 

171.257, 117, 0, 1.39288e-16, 

171.257, 118, 0, 1.9062e-16, 

171.257, 119, 0, 1.9062e-16, 

173.892, 0, 0, 2.61571e-15, 

173.892, 1, 0, 2.61571e-15, 

173.892, 2, 0, 1.91774e-15, 

173.892, 3, 0, 1.13861e-15, 

173.892, 4, 0, 5.74754e-16, 

173.892, 5, 0, 2.54301e-16, 

173.892, 6, 0, 1.00812e-16, 

173.892, 7, 0, 3.64301e-17, 

173.892, 8, 0, 1.21722e-17, 

173.892, 9, 0, 3.80613e-18, 

173.892, 10, 0, 1.1254e-18, 

173.892, 11, 0, 3.17483e-19, 

173.892, 12, 0, 8.61121e-20, 

173.892, 13, 0, 2.26039e-20, 

173.892, 14, 0, 5.77413e-21, 

173.892, 15, 0, 1.44207e-21, 

173.892, 16, 0, 3.53483e-22, 

173.892, 17, 0, 8.53183e-23, 

173.892, 18, 0, 2.03332e-23, 

173.892, 19, 0, 4.79629e-24, 

173.892, 20, 0, 1.12227e-24, 

173.892, 21, 0, 2.61027e-25, 

173.892, 22, 0, 6.04756e-26, 

173.892, 23, 0, 1.39867e-26, 

173.892, 24, 0, 3.2365e-27, 

173.892, 25, 0, 7.51137e-28, 

173.892, 26, 0, 1.75313e-28, 

173.892, 27, 0, 4.12923e-29, 

173.892, 28, 0, 9.89901e-30, 

173.892, 29, 0, 2.53311e-30, 

173.892, 30, 0, 9.10754e-31, 

173.892, 31, 0, 8.06501e-31, 

173.892, 32, 0, 1.35051e-30, 

173.892, 33, 0, 2.57561e-30, 

173.892, 34, 0, 4.90812e-30, 

173.892, 35, 0, 9.13655e-30, 

173.892, 36, 0, 1.64972e-29, 

173.892, 37, 0, 2.87423e-29, 

173.892, 38, 0, 4.80692e-29, 

173.892, 39, 0, 7.67693e-29, 

173.892, 40, 0, 1.16489e-28, 

173.892, 41, 0, 1.67152e-28, 

173.892, 42, 0, 2.25889e-28, 

173.892, 43, 0, 2.86567e-28, 

173.892, 44, 0, 3.40531e-28, 

173.892, 45, 0, 3.78675e-28, 

173.892, 46, 0, 3.94189e-28, 

173.892, 47, 0, 3.8476e-28, 

173.892, 48, 0, 3.5316e-28, 

173.892, 49, 0, 3.0603e-28, 

173.892, 50, 0, 2.51559e-28, 

173.892, 51, 0, 1.97201e-28, 

173.892, 52, 0, 1.48246e-28, 

173.892, 53, 0, 1.0746e-28, 

173.892, 54, 0, 7.55004e-29, 

173.892, 55, 0, 5.16581e-29, 

173.892, 56, 0, 3.457e-29, 

173.892, 57, 0, 2.273e-29, 

173.892, 58, 0, 1.47774e-29, 

173.892, 59, 0, 9.618e-30, 

173.892, 60, 0, 6.44534e-30, 

173.892, 61, 0, 4.72061e-30, 

173.892, 62, 0, 4.1472e-30, 

173.892, 63, 0, 4.66452e-30, 

173.892, 64, 0, 6.4778e-30, 

173.892, 65, 0, 1.0141e-29, 

173.892, 66, 0, 1.67121e-29, 

173.892, 67, 0, 2.7999e-29, 

173.892, 68, 0, 4.69021e-29, 

173.892, 69, 0, 7.78207e-29, 

173.892, 70, 0, 1.27018e-28, 

173.892, 71, 0, 2.02724e-28, 

173.892, 72, 0, 3.14664e-28, 

173.892, 73, 0, 4.72662e-28, 

173.892, 74, 0, 6.84179e-28, 

173.892, 75, 0, 9.51062e-28, 

173.892, 76, 0, 1.26639e-27, 

173.892, 77, 0, 1.6127e-27, 

173.892, 78, 0, 1.96271e-27, 

173.892, 79, 0, 2.28292e-27, 

173.892, 80, 0, 2.53944e-27, 

173.892, 81, 0, 2.70433e-27, 

173.892, 82, 0, 2.76085e-27, 

173.892, 83, 0, 2.70628e-27, 

173.892, 84, 0, 2.55198e-27, 

173.892, 85, 0, 2.32097e-27, 

173.892, 86, 0, 2.04402e-27, 

173.892, 87, 0, 1.75587e-27, 

173.892, 88, 0, 1.49433e-27, 

173.892, 89, 0, 1.30789e-27, 

173.892, 90, 0, 1.28675e-27, 

173.892, 91, 0, 1.66264e-27, 

173.892, 92, 0, 3.12382e-27, 

173.892, 93, 0, 7.83098e-27, 

173.892, 94, 0, 2.27616e-26, 

173.892, 95, 0, 7.08786e-26, 

173.892, 96, 0, 2.28716e-25, 

173.892, 97, 0, 7.53124e-25, 

173.892, 98, 0, 2.50754e-24, 

173.892, 99, 0, 8.38629e-24, 

173.892, 100, 0, 2.80295e-23, 

173.892, 101, 0, 9.32587e-23, 

173.892, 102, 0, 3.08014e-22, 

173.892, 103, 0, 1.00793e-21, 

173.892, 104, 0, 3.2639e-21, 

173.892, 105, 0, 1.04493e-20, 

173.892, 106, 0, 3.30387e-20, 

173.892, 107, 0, 1.02999e-19, 

173.892, 108, 0, 3.15751e-19, 

173.892, 109, 0, 9.47891e-19, 

173.892, 110, 0, 2.77029e-18, 

173.892, 111, 0, 7.82057e-18, 

173.892, 112, 0, 2.11134e-17, 

173.892, 113, 0, 5.38393e-17, 

173.892, 114, 0, 1.27721e-16, 

173.892, 115, 0, 2.76609e-16, 

173.892, 116, 0, 5.33854e-16, 

173.892, 117, 0, 8.88055e-16, 

173.892, 118, 0, 1.20794e-15, 

173.892, 119, 0, 1.20794e-15, 

176.526, 0, 0, 9.74845e-15, 

176.526, 1, 0, 9.74845e-15, 

176.526, 2, 0, 7.17091e-15, 

176.526, 3, 0, 4.28034e-15, 

176.526, 4, 0, 2.17554e-15, 

176.526, 5, 0, 9.70404e-16, 

176.526, 6, 0, 3.88235e-16, 

176.526, 7, 0, 1.41715e-16, 

176.526, 8, 0, 4.78671e-17, 

176.526, 9, 0, 1.5141e-17, 

176.526, 10, 0, 4.53129e-18, 

176.526, 11, 0, 1.29443e-18, 

176.526, 12, 0, 3.55648e-19, 

176.526, 13, 0, 9.45906e-20, 

176.526, 14, 0, 2.44869e-20, 

176.526, 15, 0, 6.19825e-21, 

176.526, 16, 0, 1.54001e-21, 

176.526, 17, 0, 3.76803e-22, 

176.526, 18, 0, 9.10465e-23, 

176.526, 19, 0, 2.17803e-23, 

176.526, 20, 0, 5.17056e-24, 

176.526, 21, 0, 1.2209e-24, 

176.526, 22, 0, 2.8741e-25, 

176.526, 23, 0, 6.76149e-26, 

176.526, 24, 0, 1.5937e-26, 

176.526, 25, 0, 3.77371e-27, 

176.526, 26, 0, 9.00468e-28, 

176.526, 27, 0, 2.17591e-28, 

176.526, 28, 0, 5.42492e-29, 

176.526, 29, 0, 1.56796e-29, 

176.526, 30, 0, 8.43303e-30, 

176.526, 31, 0, 1.11295e-29, 

176.526, 32, 0, 2.06094e-29, 

176.526, 33, 0, 3.97572e-29, 

176.526, 34, 0, 7.55549e-29, 

176.526, 35, 0, 1.39868e-28, 

176.526, 36, 0, 2.50875e-28, 

176.526, 37, 0, 4.33902e-28, 

176.526, 38, 0, 7.20064e-28, 

176.526, 39, 0, 1.14079e-27, 

176.526, 40, 0, 1.71684e-27, 

176.526, 41, 0, 2.443e-27, 

176.526, 42, 0, 3.27345e-27, 

176.526, 43, 0, 4.11673e-27, 

176.526, 44, 0, 4.84836e-27, 

176.526, 45, 0, 5.34188e-27, 

176.526, 46, 0, 5.50789e-27, 

176.526, 47, 0, 5.32335e-27, 

176.526, 48, 0, 4.83682e-27, 

176.526, 49, 0, 4.14811e-27, 

176.526, 50, 0, 3.3742e-27, 

176.526, 51, 0, 2.61749e-27, 

176.526, 52, 0, 1.94744e-27, 

176.526, 53, 0, 1.39751e-27, 

176.526, 54, 0, 9.72422e-28, 

176.526, 55, 0, 6.59254e-28, 

176.526, 56, 0, 4.37358e-28, 

176.526, 57, 0, 2.85169e-28, 

176.526, 58, 0, 1.83808e-28, 

176.526, 59, 0, 1.18402e-28, 

176.526, 60, 0, 7.8135e-29, 

176.526, 61, 0, 5.5781e-29, 

176.526, 62, 0, 4.72298e-29, 

176.526, 63, 0, 5.12641e-29, 

176.526, 64, 0, 6.97943e-29, 

176.526, 65, 0, 1.08735e-28, 

176.526, 66, 0, 1.7975e-28, 

176.526, 67, 0, 3.03094e-28, 

176.526, 68, 0, 5.11662e-28, 

176.526, 69, 0, 8.55916e-28, 

176.526, 70, 0, 1.40855e-27, 

176.526, 71, 0, 2.26641e-27, 

176.526, 72, 0, 3.54602e-27, 

176.526, 73, 0, 5.36849e-27, 

176.526, 74, 0, 7.83194e-27, 

176.526, 75, 0, 1.09741e-26, 

176.526, 76, 0, 1.47348e-26, 

176.526, 77, 0, 1.89326e-26, 

176.526, 78, 0, 2.32682e-26, 

176.526, 79, 0, 2.73611e-26, 

176.526, 80, 0, 3.08099e-26, 

176.526, 81, 0, 3.32628e-26, 

176.526, 82, 0, 3.44786e-26, 

176.526, 83, 0, 3.43657e-26, 

176.526, 84, 0, 3.29943e-26, 

176.526, 85, 0, 3.0581e-26, 

176.526, 86, 0, 2.74558e-26, 

176.526, 87, 0, 2.40213e-26, 

176.526, 88, 0, 2.07345e-26, 

176.526, 89, 0, 1.81651e-26, 

176.526, 90, 0, 1.72778e-26, 

176.526, 91, 0, 2.03608e-26, 

176.526, 92, 0, 3.39392e-26, 

176.526, 93, 0, 7.80274e-26, 

176.526, 94, 0, 2.16112e-25, 

176.526, 95, 0, 6.53717e-25, 

176.526, 96, 0, 2.06494e-24, 

176.526, 97, 0, 6.67623e-24, 

176.526, 98, 0, 2.18518e-23, 

176.526, 99, 0, 7.18692e-23, 

176.526, 100, 0, 2.36199e-22, 

176.526, 101, 0, 7.72443e-22, 

176.526, 102, 0, 2.50605e-21, 

176.526, 103, 0, 8.04933e-21, 

176.526, 104, 0, 2.55634e-20, 

176.526, 105, 0, 8.02005e-20, 

176.526, 106, 0, 2.48331e-19, 

176.526, 107, 0, 7.57793e-19, 

176.526, 108, 0, 2.27337e-18, 

176.526, 109, 0, 6.67912e-18, 

176.526, 110, 0, 1.91105e-17, 

176.526, 111, 0, 5.28505e-17, 

176.526, 112, 0, 1.39904e-16, 

176.526, 113, 0, 3.50226e-16, 

176.526, 114, 0, 8.16815e-16, 

176.526, 115, 0, 1.74228e-15, 

176.526, 116, 0, 3.31903e-15, 

176.526, 117, 0, 5.46469e-15, 

176.526, 118, 0, 7.38514e-15, 

176.526, 119, 0, 7.38514e-15, 

179.161, 0, 0, 3.56836e-14, 

179.161, 1, 0, 3.56836e-14, 

179.161, 2, 0, 2.63364e-14, 

179.161, 3, 0, 1.58053e-14, 

179.161, 4, 0, 8.08955e-15, 

179.161, 5, 0, 3.63849e-15, 

179.161, 6, 0, 1.46953e-15, 

179.161, 7, 0, 5.42081e-16, 

179.161, 8, 0, 1.85204e-16, 

179.161, 9, 0, 5.93031e-17, 

179.161, 10, 0, 1.79786e-17, 

179.161, 11, 0, 5.20557e-18, 

179.161, 12, 0, 1.45029e-18, 

179.161, 13, 0, 3.91262e-19, 

179.161, 14, 0, 1.02761e-19, 

179.161, 15, 0, 2.63928e-20, 

179.161, 16, 0, 6.65406e-21, 

179.161, 17, 0, 1.6521e-21, 

179.161, 18, 0, 4.05113e-22, 

179.161, 19, 0, 9.83647e-23, 

179.161, 20, 0, 2.3709e-23, 

179.161, 21, 0, 5.68706e-24, 

179.161, 22, 0, 1.36107e-24, 

179.161, 23, 0, 3.25884e-25, 

179.161, 24, 0, 7.82852e-26, 

179.161, 25, 0, 1.89265e-26, 

179.161, 26, 0, 4.62276e-27, 

179.161, 27, 0, 1.15057e-27, 

179.161, 28, 0, 3.05141e-28, 

179.161, 29, 0, 1.11038e-28, 

179.161, 30, 0, 9.58255e-29, 

179.161, 31, 0, 1.59498e-28, 

179.161, 32, 0, 3.07373e-28, 

179.161, 33, 0, 5.94551e-28, 

179.161, 34, 0, 1.12608e-27, 

179.161, 35, 0, 2.07422e-27, 

179.161, 36, 0, 3.69869e-27, 

179.161, 37, 0, 6.35581e-27, 

179.161, 38, 0, 1.04747e-26, 

179.161, 39, 0, 1.64746e-26, 

179.161, 40, 0, 2.46069e-26, 

179.161, 41, 0, 3.47424e-26, 

179.161, 42, 0, 4.61791e-26, 

179.161, 43, 0, 5.75953e-26, 

179.161, 44, 0, 6.72526e-26, 

179.161, 45, 0, 7.34469e-26, 

179.161, 46, 0, 7.5045e-26, 

179.161, 47, 0, 7.18604e-26, 

179.161, 48, 0, 6.468e-26, 

179.161, 49, 0, 5.49471e-26, 

179.161, 50, 0, 4.42765e-26, 

179.161, 51, 0, 3.40307e-26, 

179.161, 52, 0, 2.50932e-26, 

179.161, 53, 0, 1.78534e-26, 

179.161, 54, 0, 1.23225e-26, 

179.161, 55, 0, 8.29084e-27, 

179.161, 56, 0, 5.46121e-27, 

179.161, 57, 0, 3.53658e-27, 

179.161, 58, 0, 2.26338e-27, 

179.161, 59, 0, 1.44526e-27, 

179.161, 60, 0, 9.40805e-28, 

179.161, 61, 0, 6.556e-28, 

179.161, 62, 0, 5.34419e-28, 

179.161, 63, 0, 5.5691e-28, 

179.161, 64, 0, 7.38824e-28, 

179.161, 65, 0, 1.14081e-27, 

179.161, 66, 0, 1.88729e-27, 

179.161, 67, 0, 3.19825e-27, 

179.161, 68, 0, 5.43537e-27, 

179.161, 69, 0, 9.15981e-27, 

179.161, 70, 0, 1.51892e-26, 

179.161, 71, 0, 2.4627e-26, 

179.161, 72, 0, 3.88225e-26, 

179.161, 73, 0, 5.92131e-26, 

179.161, 74, 0, 8.70239e-26, 

179.161, 75, 0, 1.22851e-25, 

179.161, 76, 0, 1.66231e-25, 

179.161, 77, 0, 2.15351e-25, 

179.161, 78, 0, 2.67048e-25, 

179.161, 79, 0, 3.17153e-25, 

179.161, 80, 0, 3.61115e-25, 

179.161, 81, 0, 3.94741e-25, 

179.161, 82, 0, 4.1487e-25, 

179.161, 83, 0, 4.19855e-25, 

179.161, 84, 0, 4.09791e-25, 

179.161, 85, 0, 3.86493e-25, 

179.161, 86, 0, 3.53248e-25, 

179.161, 87, 0, 3.14444e-25, 

179.161, 88, 0, 2.75303e-25, 

179.161, 89, 0, 2.42261e-25, 

179.161, 90, 0, 2.25317e-25, 

179.161, 91, 0, 2.46104e-25, 

179.161, 92, 0, 3.63132e-25, 

179.161, 93, 0, 7.50856e-25, 

179.161, 94, 0, 1.95188e-24, 

179.161, 95, 0, 5.69373e-24, 

179.161, 96, 0, 1.75567e-23, 

179.161, 97, 0, 5.57054e-23, 

179.161, 98, 0, 1.79375e-22, 

179.161, 99, 0, 5.81084e-22, 

179.161, 100, 0, 1.88188e-21, 

179.161, 101, 0, 6.06418e-21, 

179.161, 102, 0, 1.93775e-20, 

179.161, 103, 0, 6.12566e-20, 

179.161, 104, 0, 1.91289e-19, 

179.161, 105, 0, 5.89489e-19, 

179.161, 106, 0, 1.79107e-18, 

179.161, 107, 0, 5.35818e-18, 

179.161, 108, 0, 1.57479e-17, 

179.161, 109, 0, 4.53083e-17, 

179.161, 110, 0, 1.26942e-16, 

179.161, 111, 0, 3.43854e-16, 

179.161, 112, 0, 8.92115e-16, 

179.161, 113, 0, 2.19096e-15, 

179.161, 114, 0, 5.01987e-15, 

179.161, 115, 0, 1.05373e-14, 

179.161, 116, 0, 1.97984e-14, 

179.161, 117, 0, 3.22439e-14, 

179.161, 118, 0, 4.32768e-14, 

179.161, 119, 0, 4.32768e-14, 

181.796, 0, 0, 1.29184e-13, 

181.796, 1, 0, 1.29184e-13, 

181.796, 2, 0, 9.56496e-14, 

181.796, 3, 0, 5.77017e-14, 

181.796, 4, 0, 2.97341e-14, 

181.796, 5, 0, 1.3483e-14, 

181.796, 6, 0, 5.49677e-15, 

181.796, 7, 0, 2.04897e-15, 

181.796, 8, 0, 7.08104e-16, 

181.796, 9, 0, 2.29557e-16, 

181.796, 10, 0, 7.0514e-17, 

181.796, 11, 0, 2.07007e-17, 

181.796, 12, 0, 5.85067e-18, 

181.796, 13, 0, 1.60189e-18, 

181.796, 14, 0, 4.27107e-19, 

181.796, 15, 0, 1.11384e-19, 

181.796, 16, 0, 2.85174e-20, 

181.796, 17, 0, 7.19104e-21, 

181.796, 18, 0, 1.7911e-21, 

181.796, 19, 0, 4.41845e-22, 

181.796, 20, 0, 1.08243e-22, 

181.796, 21, 0, 2.64051e-23, 

181.796, 22, 0, 6.43248e-24, 

181.796, 23, 0, 1.56958e-24, 

181.796, 24, 0, 3.84872e-25, 

181.796, 25, 0, 9.51809e-26, 

181.796, 26, 0, 2.38684e-26, 

181.796, 27, 0, 6.17856e-27, 

181.796, 28, 0, 1.83274e-27, 

181.796, 29, 0, 9.61155e-28, 

181.796, 30, 0, 1.22711e-27, 

181.796, 31, 0, 2.27661e-27, 

181.796, 32, 0, 4.45316e-27, 

181.796, 33, 0, 8.61113e-27, 

181.796, 34, 0, 1.62588e-26, 

181.796, 35, 0, 2.98248e-26, 

181.796, 36, 0, 5.2929e-26, 

181.796, 37, 0, 9.04717e-26, 

181.796, 38, 0, 1.48248e-25, 

181.796, 39, 0, 2.3174e-25, 

181.796, 40, 0, 3.43894e-25, 

181.796, 41, 0, 4.82229e-25, 

181.796, 42, 0, 6.36371e-25, 

181.796, 43, 0, 7.87711e-25, 

181.796, 44, 0, 9.12548e-25, 

181.796, 45, 0, 9.88444e-25, 

181.796, 46, 0, 1.00144e-24, 

181.796, 47, 0, 9.50704e-25, 

181.796, 48, 0, 8.48306e-25, 

181.796, 49, 0, 7.1446e-25, 

181.796, 50, 0, 5.70869e-25, 

181.796, 51, 0, 4.35202e-25, 

181.796, 52, 0, 3.18424e-25, 

181.796, 53, 0, 2.24907e-25, 

181.796, 54, 0, 1.54182e-25, 

181.796, 55, 0, 1.03085e-25, 

181.796, 56, 0, 6.75041e-26, 

181.796, 57, 0, 4.34659e-26, 

181.796, 58, 0, 2.76502e-26, 

181.796, 59, 0, 1.75204e-26, 

181.796, 60, 0, 1.12648e-26, 

181.796, 61, 0, 7.67244e-27, 

181.796, 62, 0, 6.01791e-27, 

181.796, 63, 0, 5.99039e-27, 

181.796, 64, 0, 7.68842e-27, 

181.796, 65, 0, 1.1701e-26, 

181.796, 66, 0, 1.9302e-26, 

181.796, 67, 0, 3.2788e-26, 

181.796, 68, 0, 5.59826e-26, 

181.796, 69, 0, 9.48811e-26, 

181.796, 70, 0, 1.58313e-25, 

181.796, 71, 0, 2.58339e-25, 

181.796, 72, 0, 4.09927e-25, 

181.796, 73, 0, 6.29385e-25, 

181.796, 74, 0, 9.31224e-25, 

181.796, 75, 0, 1.3237e-24, 

181.796, 76, 0, 1.8041e-24, 

181.796, 77, 0, 2.35532e-24, 

181.796, 78, 0, 2.94549e-24, 

181.796, 79, 0, 3.53104e-24, 

181.796, 80, 0, 4.06281e-24, 

181.796, 81, 0, 4.49347e-24, 

181.796, 82, 0, 4.78457e-24, 

181.796, 83, 0, 4.91198e-24, 

181.796, 84, 0, 4.86923e-24, 

181.796, 85, 0, 4.66858e-24, 

181.796, 86, 0, 4.33991e-24, 

181.796, 87, 0, 3.92781e-24, 

181.796, 88, 0, 3.48863e-24, 

181.796, 89, 0, 3.09208e-24, 

181.796, 90, 0, 2.83904e-24, 

181.796, 91, 0, 2.92664e-24, 

181.796, 92, 0, 3.85264e-24, 

181.796, 93, 0, 7.04668e-24, 

181.796, 94, 0, 1.68502e-23, 

181.796, 95, 0, 4.68277e-23, 

181.796, 96, 0, 1.40085e-22, 

181.796, 97, 0, 4.34891e-22, 

181.796, 98, 0, 1.37604e-21, 

181.796, 99, 0, 4.39047e-21, 

181.796, 100, 0, 1.40224e-20, 

181.796, 101, 0, 4.45876e-20, 

181.796, 102, 0, 1.40592e-19, 

181.796, 103, 0, 4.38387e-19, 

181.796, 104, 0, 1.34929e-18, 

181.796, 105, 0, 4.09412e-18, 

181.796, 106, 0, 1.22341e-17, 

181.796, 107, 0, 3.59547e-17, 

181.796, 108, 0, 1.03704e-16, 

181.796, 109, 0, 2.92579e-16, 

181.796, 110, 0, 8.03439e-16, 

181.796, 111, 0, 2.13282e-15, 

181.796, 112, 0, 5.42444e-15, 

181.796, 113, 0, 1.30684e-14, 

181.796, 114, 0, 2.94054e-14, 

181.796, 115, 0, 6.07163e-14, 

181.796, 116, 0, 1.12458e-13, 

181.796, 117, 0, 1.81076e-13, 

181.796, 118, 0, 2.41287e-13, 

181.796, 119, 0, 2.41287e-13, 

184.431, 0, 0, 4.66551e-13, 

184.431, 1, 0, 4.66551e-13, 

184.431, 2, 0, 3.46492e-13, 

184.431, 3, 0, 2.10074e-13, 

184.431, 4, 0, 1.08967e-13, 

184.431, 5, 0, 4.98055e-14, 

184.431, 6, 0, 2.04921e-14, 

184.431, 7, 0, 7.71774e-15, 

184.431, 8, 0, 2.69761e-15, 

184.431, 9, 0, 8.85335e-16, 

184.431, 10, 0, 2.75546e-16, 

184.431, 11, 0, 8.20212e-17, 

184.431, 12, 0, 2.35202e-17, 

184.431, 13, 0, 6.53718e-18, 

184.431, 14, 0, 1.77011e-18, 

184.431, 15, 0, 4.68964e-19, 

184.431, 16, 0, 1.22013e-19, 

184.431, 17, 0, 3.12745e-20, 

184.431, 18, 0, 7.92072e-21, 

184.431, 19, 0, 1.9877e-21, 

184.431, 20, 0, 4.95654e-22, 

184.431, 21, 0, 1.23178e-22, 

184.431, 22, 0, 3.06045e-23, 

184.431, 23, 0, 7.6279e-24, 

184.431, 24, 0, 1.91425e-24, 

184.431, 25, 0, 4.85851e-25, 

184.431, 26, 0, 1.25813e-25, 

184.431, 27, 0, 3.45772e-26, 

184.431, 28, 0, 1.25301e-26, 

184.431, 29, 0, 1.01232e-26, 

184.431, 30, 0, 1.64198e-26, 

184.431, 31, 0, 3.1889e-26, 

184.431, 32, 0, 6.27027e-26, 

184.431, 33, 0, 1.21106e-25, 

184.431, 34, 0, 2.2807e-25, 

184.431, 35, 0, 4.17026e-25, 

184.431, 36, 0, 7.3737e-25, 

184.431, 37, 0, 1.25528e-24, 

184.431, 38, 0, 2.04779e-24, 

184.431, 39, 0, 3.18564e-24, 

184.431, 40, 0, 4.70261e-24, 

184.431, 41, 0, 6.55678e-24, 

184.431, 42, 0, 8.59926e-24, 

184.431, 43, 0, 1.05735e-23, 

184.431, 44, 0, 1.21621e-23, 

184.431, 45, 0, 1.30746e-23, 

184.431, 46, 0, 1.31427e-23, 

184.431, 47, 0, 1.23765e-23, 

184.431, 48, 0, 1.09539e-23, 

184.431, 49, 0, 9.15145e-24, 

184.431, 50, 0, 7.25505e-24, 

184.431, 51, 0, 5.48953e-24, 

184.431, 52, 0, 3.98823e-24, 

184.431, 53, 0, 2.79846e-24, 

184.431, 54, 0, 1.90681e-24, 

184.431, 55, 0, 1.26772e-24, 

184.431, 56, 0, 8.25747e-25, 

184.431, 57, 0, 5.2892e-25, 

184.431, 58, 0, 3.34559e-25, 

184.431, 59, 0, 2.10449e-25, 

184.431, 60, 0, 1.33732e-25, 

184.431, 61, 0, 8.91189e-26, 

184.431, 62, 0, 6.72579e-26, 

184.431, 63, 0, 6.36722e-26, 

184.431, 64, 0, 7.84523e-26, 

184.431, 65, 0, 1.16901e-25, 

184.431, 66, 0, 1.9139e-25, 

184.431, 67, 0, 3.24756e-25, 

184.431, 68, 0, 5.55483e-25, 

184.431, 69, 0, 9.445e-25, 

184.431, 70, 0, 1.58241e-24, 

184.431, 71, 0, 2.59438e-24, 

184.431, 72, 0, 4.13797e-24, 

184.431, 73, 0, 6.38854e-24, 

184.431, 74, 0, 9.50838e-24, 

184.431, 75, 0, 1.36017e-23, 

184.431, 76, 0, 1.86654e-23, 

184.431, 77, 0, 2.45517e-23, 

184.431, 78, 0, 3.09594e-23, 

184.431, 79, 0, 3.7459e-23, 

184.431, 80, 0, 4.35489e-23, 

184.431, 81, 0, 4.87252e-23, 

184.431, 82, 0, 5.25509e-23, 

184.431, 83, 0, 5.47132e-23, 

184.431, 84, 0, 5.5065e-23, 

184.431, 85, 0, 5.36493e-23, 

184.431, 86, 0, 5.07038e-23, 

184.431, 87, 0, 4.6645e-23, 

184.431, 88, 0, 4.20424e-23, 

184.431, 89, 0, 3.76166e-23, 

184.431, 90, 0, 3.43587e-23, 

184.431, 91, 0, 3.40147e-23, 

184.431, 92, 0, 4.06272e-23, 

184.431, 93, 0, 6.52375e-23, 

184.431, 94, 0, 1.4035e-22, 

184.431, 95, 0, 3.65195e-22, 

184.431, 96, 0, 1.04911e-21, 

184.431, 97, 0, 3.168e-21, 

184.431, 98, 0, 9.8155e-21, 

184.431, 99, 0, 3.07856e-20, 

184.431, 100, 0, 9.68847e-20, 

184.431, 101, 0, 3.03999e-19, 

184.431, 102, 0, 9.46608e-19, 

184.431, 103, 0, 2.91533e-18, 

184.431, 104, 0, 8.85956e-18, 

184.431, 105, 0, 2.65238e-17, 

184.431, 106, 0, 7.81236e-17, 

184.431, 107, 0, 2.26052e-16, 

184.431, 108, 0, 6.41196e-16, 

184.431, 109, 0, 1.7772e-15, 

184.431, 110, 0, 4.79068e-15, 

184.431, 111, 0, 1.24781e-14, 

184.431, 112, 0, 3.11362e-14, 

184.431, 113, 0, 7.36215e-14, 

184.431, 114, 0, 1.6272e-13, 

184.431, 115, 0, 3.30484e-13, 

184.431, 116, 0, 6.03303e-13, 

184.431, 117, 0, 9.60156e-13, 

184.431, 118, 0, 1.26994e-12, 

184.431, 119, 0, 1.26994e-12, 

187.065, 0, 0, 1.69403e-12, 

187.065, 1, 0, 1.69403e-12, 

187.065, 2, 0, 1.26196e-12, 

187.065, 3, 0, 7.69017e-13, 

187.065, 4, 0, 4.01583e-13, 

187.065, 5, 0, 1.85049e-13, 

187.065, 6, 0, 7.68546e-14, 

187.065, 7, 0, 2.92512e-14, 

187.065, 8, 0, 1.03431e-14, 

187.065, 9, 0, 3.43722e-15, 

187.065, 10, 0, 1.08415e-15, 

187.065, 11, 0, 3.27304e-16, 

187.065, 12, 0, 9.52551e-17, 

187.065, 13, 0, 2.68854e-17, 

187.065, 14, 0, 7.39664e-18, 

187.065, 15, 0, 1.99203e-18, 

187.065, 16, 0, 5.27095e-19, 

187.065, 17, 0, 1.37475e-19, 

187.065, 18, 0, 3.5449e-20, 

187.065, 19, 0, 9.06393e-21, 

187.065, 20, 0, 2.30503e-21, 

187.065, 21, 0, 5.84904e-22, 

187.065, 22, 0, 1.4861e-22, 

187.065, 23, 0, 3.79496e-23, 

187.065, 24, 0, 9.78168e-24, 

187.065, 25, 0, 2.55987e-24, 

187.065, 26, 0, 6.91205e-25, 

187.065, 27, 0, 2.09538e-25, 

187.065, 28, 0, 1.02929e-25, 

187.065, 29, 0, 1.20749e-25, 

187.065, 30, 0, 2.20827e-25, 

187.065, 31, 0, 4.36999e-25, 

187.065, 32, 0, 8.60561e-25, 

187.065, 33, 0, 1.65984e-24, 

187.065, 34, 0, 3.11929e-24, 

187.065, 35, 0, 5.6895e-24, 

187.065, 36, 0, 1.00323e-23, 

187.065, 37, 0, 1.70271e-23, 

187.065, 38, 0, 2.7685e-23, 

187.065, 39, 0, 4.29101e-23, 

187.065, 40, 0, 6.30837e-23, 

187.065, 41, 0, 8.75509e-23, 

187.065, 42, 0, 1.14229e-22, 

187.065, 43, 0, 1.39642e-22, 

187.065, 44, 0, 1.59599e-22, 

187.065, 45, 0, 1.70388e-22, 

187.065, 46, 0, 1.70016e-22, 

187.065, 47, 0, 1.58879e-22, 

187.065, 48, 0, 1.39518e-22, 

187.065, 49, 0, 1.15652e-22, 

187.065, 50, 0, 9.0986e-23, 

187.065, 51, 0, 6.83397e-23, 

187.065, 52, 0, 4.93052e-23, 

187.065, 53, 0, 3.43717e-23, 

187.065, 54, 0, 2.3278e-23, 

187.065, 55, 0, 1.53878e-23, 

187.065, 56, 0, 9.96815e-24, 

187.065, 57, 0, 6.34974e-24, 

187.065, 58, 0, 3.99218e-24, 

187.065, 59, 0, 2.49212e-24, 

187.065, 60, 0, 1.56524e-24, 

187.065, 61, 0, 1.02129e-24, 

187.065, 62, 0, 7.42034e-25, 

187.065, 63, 0, 6.65983e-25, 

187.065, 64, 0, 7.81919e-25, 

187.065, 65, 0, 1.13254e-24, 

187.065, 66, 0, 1.83053e-24, 

187.065, 67, 0, 3.09023e-24, 

187.065, 68, 0, 5.27737e-24, 

187.065, 69, 0, 8.97596e-24, 

187.065, 70, 0, 1.5062e-23, 

187.065, 71, 0, 2.4758e-23, 

187.065, 72, 0, 3.96247e-23, 

187.065, 73, 0, 6.14359e-23, 

187.065, 74, 0, 9.18963e-23, 

187.065, 75, 0, 1.32217e-22, 

187.065, 76, 0, 1.82634e-22, 

187.065, 77, 0, 2.42024e-22, 

187.065, 78, 0, 3.07762e-22, 

187.065, 79, 0, 3.7591e-22, 

187.065, 80, 0, 4.41672e-22, 

187.065, 81, 0, 5.00018e-22, 

187.065, 82, 0, 5.46312e-22, 

187.065, 83, 0, 5.76872e-22, 

187.065, 84, 0, 5.89436e-22, 

187.065, 85, 0, 5.83518e-22, 

187.065, 86, 0, 5.60618e-22, 

187.065, 87, 0, 5.24235e-22, 

187.065, 88, 0, 4.79697e-22, 

187.065, 89, 0, 4.34047e-22, 

187.065, 90, 0, 3.96718e-22, 

187.065, 91, 0, 3.82829e-22, 

187.065, 92, 0, 4.23992e-22, 

187.065, 93, 0, 6.00965e-22, 

187.065, 94, 0, 1.14191e-21, 

187.065, 95, 0, 2.72317e-21, 

187.065, 96, 0, 7.40342e-21, 

187.065, 97, 0, 2.15478e-20, 

187.065, 98, 0, 6.49887e-20, 

187.065, 99, 0, 1.9958e-19, 

187.065, 100, 0, 6.1732e-19, 

187.065, 101, 0, 1.90863e-18, 

187.065, 102, 0, 5.86591e-18, 

187.065, 103, 0, 1.78476e-17, 

187.065, 104, 0, 5.36011e-17, 

187.065, 105, 0, 1.58555e-16, 

187.065, 106, 0, 4.61152e-16, 

187.065, 107, 0, 1.31641e-15, 

187.065, 108, 0, 3.67986e-15, 

187.065, 109, 0, 1.00407e-14, 

187.065, 110, 0, 2.66191e-14, 

187.065, 111, 0, 6.81398e-14, 

187.065, 112, 0, 1.67034e-13, 

187.065, 113, 0, 3.88011e-13, 

187.065, 114, 0, 8.42957e-13, 

187.065, 115, 0, 1.68464e-12, 

187.065, 116, 0, 3.0315e-12, 

187.065, 117, 0, 4.76863e-12, 

187.065, 118, 0, 6.25995e-12, 

187.065, 119, 0, 6.25995e-12, 

189.7, 0, 0, 6.21399e-12, 

189.7, 1, 0, 6.21399e-12, 

189.7, 2, 0, 4.64476e-12, 

189.7, 3, 0, 2.8464e-12, 

189.7, 4, 0, 1.49745e-12, 

189.7, 5, 0, 6.96198e-13, 

189.7, 6, 0, 2.92115e-13, 

189.7, 7, 0, 1.12453e-13, 

189.7, 8, 0, 4.02596e-14, 

189.7, 9, 0, 1.35587e-14, 

189.7, 10, 0, 4.33765e-15, 

189.7, 11, 0, 1.3292e-15, 

189.7, 12, 0, 3.92909e-16, 

189.7, 13, 0, 1.12708e-16, 

189.7, 14, 0, 3.15326e-17, 

189.7, 15, 0, 8.64101e-18, 

189.7, 16, 0, 2.32795e-18, 

189.7, 17, 0, 6.18635e-19, 

189.7, 18, 0, 1.62671e-19, 

189.7, 19, 0, 4.24588e-20, 

189.7, 20, 0, 1.10364e-20, 

189.7, 21, 0, 2.86691e-21, 

189.7, 22, 0, 7.47119e-22, 

189.7, 23, 0, 1.96148e-22, 

189.7, 24, 0, 5.2139e-23, 

189.7, 25, 0, 1.41515e-23, 

189.7, 26, 0, 4.04559e-24, 

189.7, 27, 0, 1.43346e-24, 

189.7, 28, 0, 1.01062e-24, 

189.7, 29, 0, 1.51987e-24, 

189.7, 30, 0, 2.93807e-24, 

189.7, 31, 0, 5.85934e-24, 

189.7, 32, 0, 1.1539e-23, 

189.7, 33, 0, 2.22253e-23, 

189.7, 34, 0, 4.16913e-23, 

189.7, 35, 0, 7.58895e-23, 

189.7, 36, 0, 1.33524e-22, 

189.7, 37, 0, 2.26093e-22, 

189.7, 38, 0, 3.66682e-22, 

189.7, 39, 0, 5.66728e-22, 

189.7, 40, 0, 8.30475e-22, 

189.7, 41, 0, 1.14826e-21, 

189.7, 42, 0, 1.49163e-21, 

189.7, 43, 0, 1.81435e-21, 

189.7, 44, 0, 2.06183e-21, 

189.7, 45, 0, 2.18726e-21, 

189.7, 46, 0, 2.16743e-21, 

189.7, 47, 0, 2.01059e-21, 

189.7, 48, 0, 1.75214e-21, 

189.7, 49, 0, 1.44119e-21, 

189.7, 50, 0, 1.12511e-21, 

189.7, 51, 0, 8.38731e-22, 

189.7, 52, 0, 6.00747e-22, 

189.7, 53, 0, 4.159e-22, 

189.7, 54, 0, 2.79808e-22, 

189.7, 55, 0, 1.83789e-22, 

189.7, 56, 0, 1.18312e-22, 

189.7, 57, 0, 7.48816e-23, 

189.7, 58, 0, 4.67501e-23, 

189.7, 59, 0, 2.89359e-23, 

189.7, 60, 0, 1.79537e-23, 

189.7, 61, 0, 1.14749e-23, 

189.7, 62, 0, 8.03542e-24, 

189.7, 63, 0, 6.82743e-24, 

189.7, 64, 0, 7.5909e-24, 

189.7, 65, 0, 1.06113e-23, 

189.7, 66, 0, 1.68406e-23, 

189.7, 67, 0, 2.81673e-23, 

189.7, 68, 0, 4.7859e-23, 

189.7, 69, 0, 8.11737e-23, 

189.7, 70, 0, 1.36056e-22, 

189.7, 71, 0, 2.23699e-22, 

189.7, 72, 0, 3.58584e-22, 

189.7, 73, 0, 5.57516e-22, 

189.7, 74, 0, 8.3725e-22, 

189.7, 75, 0, 1.21078e-21, 

189.7, 76, 0, 1.68295e-21, 

189.7, 77, 0, 2.24672e-21, 

189.7, 78, 0, 2.88141e-21, 

189.7, 79, 0, 3.55364e-21, 

189.7, 80, 0, 4.2208e-21, 

189.7, 81, 0, 4.83602e-21, 

189.7, 82, 0, 5.35352e-21, 

189.7, 83, 0, 5.73366e-21, 

189.7, 84, 0, 5.94769e-21, 

189.7, 85, 0, 5.98204e-21, 

189.7, 86, 0, 5.84177e-21, 

189.7, 87, 0, 5.55238e-21, 

189.7, 88, 0, 5.15947e-21, 

189.7, 89, 0, 4.72744e-21, 

189.7, 90, 0, 4.34243e-21, 

189.7, 91, 0, 4.1325e-21, 

189.7, 92, 0, 4.33783e-21, 

189.7, 93, 0, 5.52224e-21, 

189.7, 94, 0, 9.19511e-21, 

189.7, 95, 0, 1.96651e-20, 

189.7, 96, 0, 4.96612e-20, 

189.7, 97, 0, 1.37565e-19, 

189.7, 98, 0, 4.00452e-19, 

189.7, 99, 0, 1.19692e-18, 

189.7, 100, 0, 3.62305e-18, 

189.7, 101, 0, 1.10044e-17, 

189.7, 102, 0, 3.33158e-17, 

189.7, 103, 0, 1.00041e-16, 

189.7, 104, 0, 2.96854e-16, 

189.7, 105, 0, 8.68031e-16, 

189.7, 106, 0, 2.4955e-15, 

189.7, 107, 0, 7.03804e-15, 

189.7, 108, 0, 1.9422e-14, 

189.7, 109, 0, 5.22654e-14, 

189.7, 110, 0, 1.36526e-13, 

189.7, 111, 0, 3.44059e-13, 

189.7, 112, 0, 8.29833e-13, 

189.7, 113, 0, 1.89621e-12, 

189.7, 114, 0, 4.05328e-12, 

189.7, 115, 0, 7.97648e-12, 

189.7, 116, 0, 1.41552e-11, 

189.7, 117, 0, 2.20128e-11, 

189.7, 118, 0, 2.86824e-11, 

189.7, 119, 0, 2.86824e-11, 

192.335, 0, 0, 2.30514e-11, 

192.335, 1, 0, 2.30514e-11, 

192.335, 2, 0, 1.72987e-11, 

192.335, 3, 0, 1.06709e-11, 

192.335, 4, 0, 5.6622e-12, 

192.335, 5, 0, 2.65962e-12, 

192.335, 6, 0, 1.12904e-12, 

192.335, 7, 0, 4.40272e-13, 

192.335, 8, 0, 1.59836e-13, 

192.335, 9, 0, 5.46357e-14, 

192.335, 10, 0, 1.77547e-14, 

192.335, 11, 0, 5.53042e-15, 

192.335, 12, 0, 1.66283e-15, 

192.335, 13, 0, 4.85467e-16, 

192.335, 14, 0, 1.38317e-16, 

192.335, 15, 0, 3.86246e-17, 

192.335, 16, 0, 1.06113e-17, 

192.335, 17, 0, 2.87801e-18, 

192.335, 18, 0, 7.73176e-19, 

192.335, 19, 0, 2.06439e-19, 

192.335, 20, 0, 5.4976e-20, 

192.335, 21, 0, 1.46584e-20, 

192.335, 22, 0, 3.92961e-21, 

192.335, 23, 0, 1.06416e-21, 

192.335, 24, 0, 2.92877e-22, 

192.335, 25, 0, 8.30106e-23, 

192.335, 26, 0, 2.5689e-23, 

192.335, 27, 0, 1.13479e-23, 

192.335, 28, 0, 1.11819e-23, 

192.335, 29, 0, 1.93558e-23, 

192.335, 30, 0, 3.83869e-23, 

192.335, 31, 0, 7.67969e-23, 

192.335, 32, 0, 1.51152e-22, 

192.335, 33, 0, 2.90728e-22, 

192.335, 34, 0, 5.44441e-22, 

192.335, 35, 0, 9.89213e-22, 

192.335, 36, 0, 1.73714e-21, 

192.335, 37, 0, 2.93562e-21, 

192.335, 38, 0, 4.75101e-21, 

192.335, 39, 0, 7.32589e-21, 

192.335, 40, 0, 1.07068e-20, 

192.335, 41, 0, 1.47578e-20, 

192.335, 42, 0, 1.91005e-20, 

192.335, 43, 0, 2.31323e-20, 

192.335, 44, 0, 2.61559e-20, 

192.335, 45, 0, 2.75888e-20, 

192.335, 46, 0, 2.71658e-20, 

192.335, 47, 0, 2.50272e-20, 

192.335, 48, 0, 2.16519e-20, 

192.335, 49, 0, 1.76755e-20, 

192.335, 50, 0, 1.36935e-20, 

192.335, 51, 0, 1.013e-20, 

192.335, 52, 0, 7.20081e-21, 

192.335, 53, 0, 4.94807e-21, 

192.335, 54, 0, 3.30456e-21, 

192.335, 55, 0, 2.15476e-21, 

192.335, 56, 0, 1.37689e-21, 

192.335, 57, 0, 8.64794e-22, 

192.335, 58, 0, 5.35424e-22, 

192.335, 59, 0, 3.28176e-22, 

192.335, 60, 0, 2.00987e-22, 

192.335, 61, 0, 1.25862e-22, 

192.335, 62, 0, 8.50814e-23, 

192.335, 63, 0, 6.84701e-23, 

192.335, 64, 0, 7.17923e-23, 

192.335, 65, 0, 9.62636e-23, 

192.335, 66, 0, 1.4926e-22, 

192.335, 67, 0, 2.46394e-22, 

192.335, 68, 0, 4.15162e-22, 

192.335, 69, 0, 7.00122e-22, 

192.335, 70, 0, 1.16901e-21, 

192.335, 71, 0, 1.91807e-21, 

192.335, 72, 0, 3.07338e-21, 

192.335, 73, 0, 4.78422e-21, 

192.335, 74, 0, 7.20477e-21, 

192.335, 75, 0, 1.04639e-20, 

192.335, 76, 0, 1.46282e-20, 

192.335, 77, 0, 1.96677e-20, 

192.335, 78, 0, 2.54365e-20, 

192.335, 79, 0, 3.16745e-20, 

192.335, 80, 0, 3.80294e-20, 

192.335, 81, 0, 4.4094e-20, 

192.335, 82, 0, 4.94471e-20, 

192.335, 83, 0, 5.36971e-20, 

192.335, 84, 0, 5.65256e-20, 

192.335, 85, 0, 5.77322e-20, 

192.335, 86, 0, 5.72773e-20, 

192.335, 87, 0, 5.53127e-20, 

192.335, 88, 0, 5.21918e-20, 

192.335, 89, 0, 4.84617e-20, 

192.335, 90, 0, 4.487e-20, 

192.335, 91, 0, 4.24733e-20, 

192.335, 92, 0, 4.30592e-20, 

192.335, 93, 0, 5.04293e-20, 

192.335, 94, 0, 7.40872e-20, 

192.335, 95, 0, 1.39904e-19, 

192.335, 96, 0, 3.21516e-19, 

192.335, 97, 0, 8.34164e-19, 

192.335, 98, 0, 2.31721e-18, 

192.335, 99, 0, 6.68547e-18, 

192.335, 100, 0, 1.9681e-17, 

192.335, 101, 0, 5.84454e-17, 

192.335, 102, 0, 1.73678e-16, 

192.335, 103, 0, 5.13371e-16, 

192.335, 104, 0, 1.50259e-15, 

192.335, 105, 0, 4.33946e-15, 

192.335, 106, 0, 1.23293e-14, 

192.335, 107, 0, 3.43676e-14, 

192.335, 108, 0, 9.37057e-14, 

192.335, 109, 0, 2.48995e-13, 

192.335, 110, 0, 6.41754e-13, 

192.335, 111, 0, 1.59453e-12, 

192.335, 112, 0, 3.78944e-12, 

192.335, 113, 0, 8.52923e-12, 

192.335, 114, 0, 1.79594e-11, 

192.335, 115, 0, 3.48345e-11, 

192.335, 116, 0, 6.10062e-11, 

192.335, 117, 0, 9.38332e-11, 

192.335, 118, 0, 1.21382e-10, 

192.335, 119, 0, 1.21382e-10, 

194.969, 0, 0, 8.62884e-11, 

194.969, 1, 0, 8.62884e-11, 

194.969, 2, 0, 6.50595e-11, 

194.969, 3, 0, 4.04435e-11, 

194.969, 4, 0, 2.16761e-11, 

194.969, 5, 0, 1.03032e-11, 

194.969, 6, 0, 4.43295e-12, 

194.969, 7, 0, 1.75432e-12, 

194.969, 8, 0, 6.47074e-13, 

194.969, 9, 0, 2.24938e-13, 

194.969, 10, 0, 7.4398e-14, 

194.969, 11, 0, 2.36034e-14, 

194.969, 12, 0, 7.23278e-15, 

194.969, 13, 0, 2.15334e-15, 

194.969, 14, 0, 6.26009e-16, 

194.969, 15, 0, 1.78484e-16, 

194.969, 16, 0, 5.01022e-17, 

194.969, 17, 0, 1.38969e-17, 

194.969, 18, 0, 3.82227e-18, 

194.969, 19, 0, 1.04624e-18, 

194.969, 20, 0, 2.86102e-19, 

194.969, 21, 0, 7.84851e-20, 

194.969, 22, 0, 2.16978e-20, 

194.969, 23, 0, 6.07715e-21, 

194.969, 24, 0, 1.73778e-21, 

194.969, 25, 0, 5.18455e-22, 

194.969, 26, 0, 1.78777e-22, 

194.969, 27, 0, 1.02869e-22, 

194.969, 28, 0, 1.30755e-22, 

194.969, 29, 0, 2.43868e-22, 

194.969, 30, 0, 4.89612e-22, 

194.969, 31, 0, 9.80737e-22, 

194.969, 32, 0, 1.92882e-21, 

194.969, 33, 0, 3.70503e-21, 

194.969, 34, 0, 6.92729e-21, 

194.969, 35, 0, 1.25647e-20, 

194.969, 36, 0, 2.20249e-20, 

194.969, 37, 0, 3.71513e-20, 

194.969, 38, 0, 6.00105e-20, 

194.969, 39, 0, 9.23444e-20, 

194.969, 40, 0, 1.34654e-19, 

194.969, 41, 0, 1.85115e-19, 

194.969, 42, 0, 2.38851e-19, 

194.969, 43, 0, 2.88224e-19, 

194.969, 44, 0, 3.2452e-19, 

194.969, 45, 0, 3.40639e-19, 

194.969, 46, 0, 3.33583e-19, 

194.969, 47, 0, 3.05471e-19, 

194.969, 48, 0, 2.62553e-19, 

194.969, 49, 0, 2.12855e-19, 

194.969, 50, 0, 1.63715e-19, 

194.969, 51, 0, 1.20212e-19, 

194.969, 52, 0, 8.48033e-20, 

194.969, 53, 0, 5.78218e-20, 

194.969, 54, 0, 3.83107e-20, 

194.969, 55, 0, 2.47775e-20, 

194.969, 56, 0, 1.56987e-20, 

194.969, 57, 0, 9.77178e-21, 

194.969, 58, 0, 5.99123e-21, 

194.969, 59, 0, 3.63144e-21, 

194.969, 60, 0, 2.1931e-21, 

194.969, 61, 0, 1.34576e-21, 

194.969, 62, 0, 8.79904e-22, 

194.969, 63, 0, 6.72215e-22, 

194.969, 64, 0, 6.63747e-22, 

194.969, 65, 0, 8.49965e-22, 

194.969, 66, 0, 1.28242e-21, 

194.969, 67, 0, 2.08282e-21, 

194.969, 68, 0, 3.47071e-21, 

194.969, 69, 0, 5.8046e-21, 

194.969, 70, 0, 9.63226e-21, 

194.969, 71, 0, 1.57373e-20, 

194.969, 72, 0, 2.51582e-20, 

194.969, 73, 0, 3.9148e-20, 

194.969, 74, 0, 5.90431e-20, 

194.969, 75, 0, 8.60345e-20, 

194.969, 76, 0, 1.20872e-19, 

194.969, 77, 0, 1.63576e-19, 

194.969, 78, 0, 2.13237e-19, 

194.969, 79, 0, 2.67977e-19, 

194.969, 80, 0, 3.2507e-19, 

194.969, 81, 0, 3.81186e-19, 

194.969, 82, 0, 4.32696e-19, 

194.969, 83, 0, 4.76019e-19, 

194.969, 84, 0, 5.07994e-19, 

194.969, 85, 0, 5.26305e-19, 

194.969, 86, 0, 5.29923e-19, 

194.969, 87, 0, 5.1947e-19, 

194.969, 88, 0, 4.97424e-19, 

194.969, 89, 0, 4.68109e-19, 

194.969, 90, 0, 4.37662e-19, 

194.969, 91, 0, 4.14534e-19, 

194.969, 92, 0, 4.11844e-19, 

194.969, 93, 0, 4.54722e-19, 

194.969, 94, 0, 6.01055e-19, 

194.969, 95, 0, 9.99477e-19, 

194.969, 96, 0, 2.0543e-18, 

194.969, 97, 0, 4.90306e-18, 

194.969, 98, 0, 1.28154e-17, 

194.969, 99, 0, 3.53095e-17, 

194.969, 100, 0, 1.00243e-16, 

194.969, 101, 0, 2.89072e-16, 

194.969, 102, 0, 8.38472e-16, 

194.969, 103, 0, 2.42872e-15, 

194.969, 104, 0, 6.9869e-15, 

194.969, 105, 0, 1.98755e-14, 

194.969, 106, 0, 5.57045e-14, 

194.969, 107, 0, 1.53297e-13, 

194.969, 108, 0, 4.1278e-13, 

194.969, 109, 0, 1.08314e-12, 

194.969, 110, 0, 2.75592e-12, 

194.969, 111, 0, 6.75699e-12, 

194.969, 112, 0, 1.58397e-11, 

194.969, 113, 0, 3.51588e-11, 

194.969, 114, 0, 7.30127e-11, 

194.969, 115, 0, 1.39738e-10, 

194.969, 116, 0, 2.41743e-10, 

194.969, 117, 0, 3.68023e-10, 

194.969, 118, 0, 4.72839e-10, 

194.969, 119, 0, 4.72839e-10, 

197.604, 0, 0, 3.24639e-10, 

197.604, 1, 0, 3.24639e-10, 

197.604, 2, 0, 2.46093e-10, 

197.604, 3, 0, 1.54328e-10, 

197.604, 4, 0, 8.3655e-11, 

197.604, 5, 0, 4.02989e-11, 

197.604, 6, 0, 1.76025e-11, 

197.604, 7, 0, 7.08244e-12, 

197.604, 8, 0, 2.65925e-12, 

197.604, 9, 0, 9.42013e-13, 

197.604, 10, 0, 3.17784e-13, 

197.604, 11, 0, 1.02909e-13, 

197.604, 12, 0, 3.22094e-14, 

197.604, 13, 0, 9.80062e-15, 

197.604, 14, 0, 2.91369e-15, 

197.604, 15, 0, 8.50076e-16, 

197.604, 16, 0, 2.44356e-16, 

197.604, 17, 0, 6.94649e-17, 

197.604, 18, 0, 1.9602e-17, 

197.604, 19, 0, 5.51186e-18, 

197.604, 20, 0, 1.55074e-18, 

197.604, 21, 0, 4.38492e-19, 

197.604, 22, 0, 1.25234e-19, 

197.604, 23, 0, 3.63448e-20, 

197.604, 24, 0, 1.0831e-20, 

197.604, 25, 0, 3.43436e-21, 

197.604, 26, 0, 1.36253e-21, 

197.604, 27, 0, 1.02565e-21, 

197.604, 28, 0, 1.54563e-21, 

197.604, 29, 0, 2.99874e-21, 

197.604, 30, 0, 6.05803e-21, 

197.604, 31, 0, 1.21411e-20, 

197.604, 32, 0, 2.38627e-20, 

197.604, 33, 0, 4.57877e-20, 

197.604, 34, 0, 8.54926e-20, 

197.604, 35, 0, 1.54825e-19, 

197.604, 36, 0, 2.70942e-19, 

197.604, 37, 0, 4.56228e-19, 

197.604, 38, 0, 7.35626e-19, 

197.604, 39, 0, 1.12988e-18, 

197.604, 40, 0, 1.64428e-18, 

197.604, 41, 0, 2.25555e-18, 

197.604, 42, 0, 2.90314e-18, 

197.604, 43, 0, 3.49335e-18, 

197.604, 44, 0, 3.92047e-18, 

197.604, 45, 0, 4.09981e-18, 

197.604, 46, 0, 3.99784e-18, 

197.604, 47, 0, 3.64349e-18, 

197.604, 48, 0, 3.11509e-18, 

197.604, 49, 0, 2.51091e-18, 

197.604, 50, 0, 1.91921e-18, 

197.604, 51, 0, 1.39981e-18, 

197.604, 52, 0, 9.80433e-19, 

197.604, 53, 0, 6.63392e-19, 

197.604, 54, 0, 4.35956e-19, 

197.604, 55, 0, 2.79496e-19, 

197.604, 56, 0, 1.75427e-19, 

197.604, 57, 0, 1.08092e-19, 

197.604, 58, 0, 6.55405e-20, 

197.604, 59, 0, 3.92325e-20, 

197.604, 60, 0, 2.33407e-20, 

197.604, 61, 0, 1.40357e-20, 

197.604, 62, 0, 8.89506e-21, 

197.604, 63, 0, 6.47487e-21, 

197.604, 64, 0, 6.02937e-21, 

197.604, 65, 0, 7.35981e-21, 

197.604, 66, 0, 1.07787e-20, 

197.604, 67, 0, 1.7187e-20, 

197.604, 68, 0, 2.82684e-20, 

197.604, 69, 0, 4.67972e-20, 

197.604, 70, 0, 7.70303e-20, 

197.604, 71, 0, 1.25092e-19, 

197.604, 72, 0, 1.99182e-19, 

197.604, 73, 0, 3.09359e-19, 

197.604, 74, 0, 4.66667e-19, 

197.604, 75, 0, 6.81486e-19, 

197.604, 76, 0, 9.61291e-19, 

197.604, 77, 0, 1.3083e-18, 

197.604, 78, 0, 1.71765e-18, 

197.604, 79, 0, 2.17663e-18, 

197.604, 80, 0, 2.66517e-18, 

197.604, 81, 0, 3.15729e-18, 

197.604, 82, 0, 3.62328e-18, 

197.604, 83, 0, 4.03236e-18, 

197.604, 84, 0, 4.35574e-18, 

197.604, 85, 0, 4.57032e-18, 

197.604, 86, 0, 4.66273e-18, 

197.604, 87, 0, 4.63302e-18, 

197.604, 88, 0, 4.49707e-18, 

197.604, 89, 0, 4.28701e-18, 

197.604, 90, 0, 4.05074e-18, 

197.604, 91, 0, 3.85374e-18, 

197.604, 92, 0, 3.79134e-18, 

197.604, 93, 0, 4.02905e-18, 

197.604, 94, 0, 4.91526e-18, 

197.604, 95, 0, 7.28531e-18, 

197.604, 96, 0, 1.32927e-17, 

197.604, 97, 0, 2.87263e-17, 

197.604, 98, 0, 6.95702e-17, 

197.604, 99, 0, 1.80736e-16, 

197.604, 100, 0, 4.89646e-16, 

197.604, 101, 0, 1.35894e-15, 

197.604, 102, 0, 3.8178e-15, 

197.604, 103, 0, 1.07645e-14, 

197.604, 104, 0, 3.0263e-14, 

197.604, 105, 0, 8.43918e-14, 

197.604, 106, 0, 2.3241e-13, 

197.604, 107, 0, 6.29545e-13, 

197.604, 108, 0, 1.67052e-12, 

197.604, 109, 0, 4.32288e-12, 

197.604, 110, 0, 1.08513e-11, 

197.604, 111, 0, 2.62527e-11, 

197.604, 112, 0, 6.07325e-11, 

197.604, 113, 0, 1.33053e-10, 

197.604, 114, 0, 2.728e-10, 

197.604, 115, 0, 5.15801e-10, 

197.604, 116, 0, 8.82497e-10, 

197.604, 117, 0, 1.3311e-09, 

197.604, 118, 0, 1.69973e-09, 

197.604, 119, 0, 1.69973e-09, 

200.239, 0, 0, 1.22197e-09, 

200.239, 1, 0, 1.22197e-09, 

200.239, 2, 0, 9.31762e-10, 

200.239, 3, 0, 5.89902e-10, 

200.239, 4, 0, 3.23703e-10, 

200.239, 5, 0, 1.58212e-10, 

200.239, 6, 0, 7.02478e-11, 

200.239, 7, 0, 2.8778e-11, 

200.239, 8, 0, 1.1017e-11, 

200.239, 9, 0, 3.98388e-12, 

200.239, 10, 0, 1.37333e-12, 

200.239, 11, 0, 4.54853e-13, 

200.239, 12, 0, 1.45716e-13, 

200.239, 13, 0, 4.54128e-14, 

200.239, 14, 0, 1.3837e-14, 

200.239, 15, 0, 4.14001e-15, 

200.239, 16, 0, 1.22124e-15, 

200.239, 17, 0, 3.56541e-16, 

200.239, 18, 0, 1.03418e-16, 

200.239, 19, 0, 2.99239e-17, 

200.239, 20, 0, 8.67466e-18, 

200.239, 21, 0, 2.53146e-18, 

200.239, 22, 0, 7.47715e-19, 

200.239, 23, 0, 2.25144e-19, 

200.239, 24, 0, 7.01481e-20, 

200.239, 25, 0, 2.39303e-20, 

200.239, 26, 0, 1.12381e-20, 

200.239, 27, 0, 1.07315e-20, 

200.239, 28, 0, 1.79848e-20, 

200.239, 29, 0, 3.56439e-20, 

200.239, 30, 0, 7.22477e-20, 

200.239, 31, 0, 1.44847e-19, 

200.239, 32, 0, 2.84607e-19, 

200.239, 33, 0, 5.45749e-19, 

200.239, 34, 0, 1.01802e-18, 

200.239, 35, 0, 1.84136e-18, 

200.239, 36, 0, 3.21779e-18, 

200.239, 37, 0, 5.40988e-18, 

200.239, 38, 0, 8.70874e-18, 

200.239, 39, 0, 1.33538e-17, 

200.239, 40, 0, 1.94006e-17, 

200.239, 41, 0, 2.65666e-17, 

200.239, 42, 0, 3.4132e-17, 

200.239, 43, 0, 4.09907e-17, 

200.239, 44, 0, 4.59032e-17, 

200.239, 45, 0, 4.78866e-17, 

200.239, 46, 0, 4.65664e-17, 

200.239, 47, 0, 4.23044e-17, 

200.239, 48, 0, 3.60371e-17, 

200.239, 49, 0, 2.89258e-17, 

200.239, 50, 0, 2.20029e-17, 

200.239, 51, 0, 1.59597e-17, 

200.239, 52, 0, 1.1108e-17, 

200.239, 53, 0, 7.46248e-18, 

200.239, 54, 0, 4.86467e-18, 

200.239, 55, 0, 3.09074e-18, 

200.239, 56, 0, 1.92054e-18, 

200.239, 57, 0, 1.17031e-18, 

200.239, 58, 0, 7.00977e-19, 

200.239, 59, 0, 4.13912e-19, 

200.239, 60, 0, 2.42374e-19, 

200.239, 61, 0, 1.42841e-19, 

200.239, 62, 0, 8.79348e-20, 

200.239, 63, 0, 6.12715e-20, 

200.239, 64, 0, 5.40279e-20, 

200.239, 65, 0, 6.29282e-20, 

200.239, 66, 0, 8.94115e-20, 

200.239, 67, 0, 1.39858e-19, 

200.239, 68, 0, 2.26829e-19, 

200.239, 69, 0, 3.7127e-19, 

200.239, 70, 0, 6.05446e-19, 

200.239, 71, 0, 9.75984e-19, 

200.239, 72, 0, 1.54584e-18, 

200.239, 73, 0, 2.39343e-18, 

200.239, 74, 0, 3.60701e-18, 

200.239, 75, 0, 5.27324e-18, 

200.239, 76, 0, 7.46077e-18, 

200.239, 77, 0, 1.02017e-17, 

200.239, 78, 0, 1.34758e-17, 

200.239, 79, 0, 1.72013e-17, 

200.239, 80, 0, 2.12347e-17, 

200.239, 81, 0, 2.53793e-17, 

200.239, 82, 0, 2.94e-17, 

200.239, 83, 0, 3.30433e-17, 

200.239, 84, 0, 3.60626e-17, 

200.239, 85, 0, 3.82488e-17, 

200.239, 86, 0, 3.94646e-17, 

200.239, 87, 0, 3.96773e-17, 

200.239, 88, 0, 3.89817e-17, 

200.239, 89, 0, 3.76072e-17, 

200.239, 90, 0, 3.59136e-17, 

200.239, 91, 0, 3.43946e-17, 

200.239, 92, 0, 3.37384e-17, 

200.239, 93, 0, 3.50451e-17, 

200.239, 94, 0, 4.04306e-17, 

200.239, 95, 0, 5.46027e-17, 

200.239, 96, 0, 8.89856e-17, 

200.239, 97, 0, 1.72725e-16, 

200.239, 98, 0, 3.82597e-16, 

200.239, 99, 0, 9.2528e-16, 

200.239, 100, 0, 2.36492e-15, 

200.239, 101, 0, 6.25237e-15, 

200.239, 102, 0, 1.68556e-14, 

200.239, 103, 0, 4.58711e-14, 

200.239, 104, 0, 1.25067e-13, 

200.239, 105, 0, 3.39583e-13, 

200.239, 106, 0, 9.13583e-13, 

200.239, 107, 0, 2.42405e-12, 

200.239, 108, 0, 6.31432e-12, 

200.239, 109, 0, 1.60675e-11, 

200.239, 110, 0, 3.97131e-11, 

200.239, 111, 0, 9.47017e-11, 

200.239, 112, 0, 2.16127e-10, 

200.239, 113, 0, 4.67474e-10, 

200.239, 114, 0, 9.47041e-10, 

200.239, 115, 0, 1.77097e-09, 

200.239, 116, 0, 3.00041e-09, 

200.239, 117, 0, 4.48931e-09, 

200.239, 118, 0, 5.70223e-09, 

200.239, 119, 0, 5.70223e-09, 

202.874, 0, 0, 4.5808e-09, 

202.874, 1, 0, 4.5808e-09, 

202.874, 2, 0, 3.51425e-09, 

202.874, 3, 0, 2.24696e-09, 

202.874, 4, 0, 1.24882e-09, 

202.874, 5, 0, 6.19671e-10, 

202.874, 6, 0, 2.79903e-10, 

202.874, 7, 0, 1.16859e-10, 

202.874, 8, 0, 4.56627e-11, 

202.874, 9, 0, 1.6877e-11, 

202.874, 10, 0, 5.95342e-12, 

202.874, 11, 0, 2.01982e-12, 

202.874, 12, 0, 6.63408e-13, 

202.874, 13, 0, 2.12137e-13, 

202.874, 14, 0, 6.63652e-14, 

202.874, 15, 0, 2.04001e-14, 

202.874, 16, 0, 6.18625e-15, 

202.874, 17, 0, 1.85784e-15, 

202.874, 18, 0, 5.54734e-16, 

202.874, 19, 0, 1.65374e-16, 

202.874, 20, 0, 4.94465e-17, 

202.874, 21, 0, 1.49043e-17, 

202.874, 22, 0, 4.5566e-18, 

202.874, 23, 0, 1.42563e-18, 

202.874, 24, 0, 4.66507e-19, 

202.874, 25, 0, 1.73841e-19, 

202.874, 26, 0, 9.83358e-20, 

202.874, 27, 0, 1.13492e-19, 

202.874, 28, 0, 2.02773e-19, 

202.874, 29, 0, 4.0651e-19, 

202.874, 30, 0, 8.25446e-19, 

202.874, 31, 0, 1.65557e-18, 

202.874, 32, 0, 3.25335e-18, 

202.874, 33, 0, 6.23755e-18, 

202.874, 34, 0, 1.16298e-17, 

202.874, 35, 0, 2.10187e-17, 

202.874, 36, 0, 3.66902e-17, 

202.874, 37, 0, 6.16044e-17, 

202.874, 38, 0, 9.90284e-17, 

202.874, 39, 0, 1.51627e-16, 

202.874, 40, 0, 2.19976e-16, 

202.874, 41, 0, 3.00832e-16, 

202.874, 42, 0, 3.86035e-16, 

202.874, 43, 0, 4.63096e-16, 

202.874, 44, 0, 5.1805e-16, 

202.874, 45, 0, 5.39848e-16, 

202.874, 46, 0, 5.24324e-16, 

202.874, 47, 0, 4.75625e-16, 

202.874, 48, 0, 4.0439e-16, 

202.874, 49, 0, 3.23782e-16, 

202.874, 50, 0, 2.45493e-16, 

202.874, 51, 0, 1.77329e-16, 

202.874, 52, 0, 1.22778e-16, 

202.874, 53, 0, 8.19551e-17, 

202.874, 54, 0, 5.30143e-17, 

202.874, 55, 0, 3.33784e-17, 

202.874, 56, 0, 2.05258e-17, 

202.874, 57, 0, 1.23615e-17, 

202.874, 58, 0, 7.30778e-18, 

202.874, 59, 0, 4.25276e-18, 

202.874, 60, 0, 2.44954e-18, 

202.874, 61, 0, 1.41514e-18, 

202.874, 62, 0, 8.48145e-19, 

202.874, 63, 0, 5.68635e-19, 

202.874, 64, 0, 4.77774e-19, 

202.874, 65, 0, 5.33093e-19, 

202.874, 66, 0, 7.36134e-19, 

202.874, 67, 0, 1.13034e-18, 

202.874, 68, 0, 1.80798e-18, 

202.874, 69, 0, 2.92525e-18, 

202.874, 70, 0, 4.72369e-18, 

202.874, 71, 0, 7.55361e-18, 

202.874, 72, 0, 1.18914e-17, 

202.874, 73, 0, 1.83381e-17, 

202.874, 74, 0, 2.75846e-17, 

202.874, 75, 0, 4.03348e-17, 

202.874, 76, 0, 5.71861e-17, 

202.874, 77, 0, 7.84877e-17, 

202.874, 78, 0, 1.04207e-16, 

202.874, 79, 0, 1.33836e-16, 

202.874, 80, 0, 1.66366e-16, 

202.874, 81, 0, 2.00326e-16, 

202.874, 82, 0, 2.33889e-16, 

202.874, 83, 0, 2.65023e-16, 

202.874, 84, 0, 2.917e-16, 

202.874, 85, 0, 3.12142e-16, 

202.874, 86, 0, 3.25101e-16, 

202.874, 87, 0, 3.30129e-16, 

202.874, 88, 0, 3.27769e-16, 

202.874, 89, 0, 3.1963e-16, 

202.874, 90, 0, 3.08351e-16, 

202.874, 91, 0, 2.97582e-16, 

202.874, 92, 0, 2.92272e-16, 

202.874, 93, 0, 2.99845e-16, 

202.874, 94, 0, 3.33456e-16, 

202.874, 95, 0, 4.20252e-16, 

202.874, 96, 0, 6.22026e-16, 

202.874, 97, 0, 1.08778e-15, 

202.874, 98, 0, 2.19011e-15, 

202.874, 99, 0, 4.8843e-15, 

202.874, 100, 0, 1.16619e-14, 

202.874, 101, 0, 2.90911e-14, 

202.874, 102, 0, 7.45679e-14, 

202.874, 103, 0, 1.94145e-13, 

202.874, 104, 0, 5.09082e-13, 

202.874, 105, 0, 1.33549e-12, 

202.874, 106, 0, 3.48538e-12, 

202.874, 107, 0, 9.00329e-12, 

202.874, 108, 0, 2.29036e-11, 

202.874, 109, 0, 5.70718e-11, 

202.874, 110, 0, 1.38458e-10, 

202.874, 111, 0, 3.24737e-10, 

202.874, 112, 0, 7.30189e-10, 

202.874, 113, 0, 1.55855e-09, 

202.874, 114, 0, 3.12036e-09, 

202.874, 115, 0, 5.77499e-09, 

202.874, 116, 0, 9.69843e-09, 

202.874, 117, 0, 1.44105e-08, 

202.874, 118, 0, 1.82229e-08, 

202.874, 119, 0, 1.82229e-08, 

205.508, 0, 0, 1.70188e-08, 

205.508, 1, 0, 1.70188e-08, 

205.508, 2, 0, 1.31369e-08, 

205.508, 3, 0, 8.48409e-09, 

205.508, 4, 0, 4.77686e-09, 

205.508, 5, 0, 2.40718e-09, 

205.508, 6, 0, 1.10659e-09, 

205.508, 7, 0, 4.71075e-10, 

205.508, 8, 0, 1.88002e-10, 

205.508, 9, 0, 7.10738e-11, 

205.508, 10, 0, 2.56779e-11, 

205.508, 11, 0, 8.93254e-12, 

205.508, 12, 0, 3.01121e-12, 

205.508, 13, 0, 9.89105e-13, 

205.508, 14, 0, 3.18086e-13, 

205.508, 15, 0, 1.00574e-13, 

205.508, 16, 0, 3.13895e-14, 

205.508, 17, 0, 9.70757e-15, 

205.508, 18, 0, 2.98676e-15, 

205.508, 19, 0, 9.18175e-16, 

205.508, 20, 0, 2.83386e-16, 

205.508, 21, 0, 8.8305e-17, 

205.508, 22, 0, 2.79781e-17, 

205.508, 23, 0, 9.11892e-18, 

205.508, 24, 0, 3.15608e-18, 

205.508, 25, 0, 1.30724e-18, 

205.508, 26, 0, 8.92022e-19, 

205.508, 27, 0, 1.18287e-18, 

205.508, 28, 0, 2.19329e-18, 

205.508, 29, 0, 4.42125e-18, 

205.508, 30, 0, 8.98296e-18, 

205.508, 31, 0, 1.80212e-17, 

205.508, 32, 0, 3.54237e-17, 

205.508, 33, 0, 6.79279e-17, 

205.508, 34, 0, 1.26635e-16, 

205.508, 35, 0, 2.28756e-16, 

205.508, 36, 0, 3.9898e-16, 

205.508, 37, 0, 6.69156e-16, 

205.508, 38, 0, 1.07429e-15, 

205.508, 39, 0, 1.64276e-15, 

205.508, 40, 0, 2.38041e-15, 

205.508, 41, 0, 3.2522e-15, 

205.508, 42, 0, 4.17044e-15, 

205.508, 43, 0, 5.00106e-15, 

205.508, 44, 0, 5.59397e-15, 

205.508, 45, 0, 5.82991e-15, 

205.508, 46, 0, 5.66312e-15, 

205.508, 47, 0, 5.13724e-15, 

205.508, 48, 0, 4.36635e-15, 

205.508, 49, 0, 3.49273e-15, 

205.508, 50, 0, 2.64346e-15, 

205.508, 51, 0, 1.90395e-15, 

205.508, 52, 0, 1.3127e-15, 

205.508, 53, 0, 8.71245e-16, 

205.508, 54, 0, 5.59471e-16, 

205.508, 55, 0, 3.49098e-16, 

205.508, 56, 0, 2.12408e-16, 

205.508, 57, 0, 1.26372e-16, 

205.508, 58, 0, 7.36957e-17, 

205.508, 59, 0, 4.22452e-17, 

205.508, 60, 0, 2.39284e-17, 

205.508, 61, 0, 1.35586e-17, 

205.508, 62, 0, 7.93048e-18, 

205.508, 63, 0, 5.14468e-18, 

205.508, 64, 0, 4.15168e-18, 

205.508, 65, 0, 4.46763e-18, 

205.508, 66, 0, 6.02019e-18, 

205.508, 67, 0, 9.09533e-18, 

205.508, 68, 0, 1.43667e-17, 

205.508, 69, 0, 2.29952e-17, 

205.508, 70, 0, 3.67824e-17, 

205.508, 71, 0, 5.83485e-17, 

205.508, 72, 0, 9.12765e-17, 

205.508, 73, 0, 1.40135e-16, 

205.508, 74, 0, 2.10272e-16, 

205.508, 75, 0, 3.07295e-16, 

205.508, 76, 0, 4.36219e-16, 

205.508, 77, 0, 6.00387e-16, 

205.508, 78, 0, 8.00372e-16, 

205.508, 79, 0, 1.03312e-15, 

205.508, 80, 0, 1.29156e-15, 

205.508, 81, 0, 1.56476e-15, 

205.508, 82, 0, 1.83863e-15, 

205.508, 83, 0, 2.09718e-15, 

205.508, 84, 0, 2.32416e-15, 

205.508, 85, 0, 2.50506e-15, 

205.508, 86, 0, 2.62934e-15, 

205.508, 87, 0, 2.69253e-15, 

205.508, 88, 0, 2.69771e-15, 

205.508, 89, 0, 2.65608e-15, 

205.508, 90, 0, 2.58675e-15, 

205.508, 91, 0, 2.51635e-15, 

205.508, 92, 0, 2.48038e-15, 

205.508, 93, 0, 2.52962e-15, 

205.508, 94, 0, 2.74815e-15, 

205.508, 95, 0, 3.29758e-15, 

205.508, 96, 0, 4.52328e-15, 

205.508, 97, 0, 7.21176e-15, 

205.508, 98, 0, 1.32269e-14, 

205.508, 99, 0, 2.71067e-14, 

205.508, 100, 0, 6.01155e-14, 

205.508, 101, 0, 1.40582e-13, 

205.508, 102, 0, 3.40299e-13, 

205.508, 103, 0, 8.41728e-13, 

205.508, 104, 0, 2.10772e-12, 

205.508, 105, 0, 5.30494e-12, 

205.508, 106, 0, 1.33413e-11, 

205.508, 107, 0, 3.33447e-11, 

205.508, 108, 0, 8.23864e-11, 

205.508, 109, 0, 2.00086e-10, 

205.508, 110, 0, 4.74616e-10, 

205.508, 111, 0, 1.09153e-09, 

205.508, 112, 0, 2.41297e-09, 

205.508, 113, 0, 5.07544e-09, 

205.508, 114, 0, 1.00355e-08, 

205.508, 115, 0, 1.83804e-08, 

205.508, 116, 0, 3.06085e-08, 

205.508, 117, 0, 4.51929e-08, 

205.508, 118, 0, 5.69301e-08, 

205.508, 119, 0, 5.69301e-08, 

208.143, 0, 0, 6.22992e-08, 

208.143, 1, 0, 6.22992e-08, 

208.143, 2, 0, 4.83885e-08, 

208.143, 3, 0, 3.1569e-08, 

208.143, 4, 0, 1.80103e-08, 

208.143, 5, 0, 9.2194e-09, 

208.143, 6, 0, 4.31461e-09, 

208.143, 7, 0, 1.8734e-09, 

208.143, 8, 0, 7.63884e-10, 

208.143, 9, 0, 2.95495e-10, 

208.143, 10, 0, 1.09384e-10, 

208.143, 11, 0, 3.90329e-11, 

208.143, 12, 0, 1.35115e-11, 

208.143, 13, 0, 4.56134e-12, 

208.143, 14, 0, 1.50873e-12, 

208.143, 15, 0, 4.90974e-13, 

208.143, 16, 0, 1.57805e-13, 

208.143, 17, 0, 5.02891e-14, 

208.143, 18, 0, 1.59546e-14, 

208.143, 19, 0, 5.06188e-15, 

208.143, 20, 0, 1.61437e-15, 

208.143, 21, 0, 5.20821e-16, 

208.143, 22, 0, 1.71424e-16, 

208.143, 23, 0, 5.84733e-17, 

208.143, 24, 0, 2.16243e-17, 

208.143, 25, 0, 1.01207e-17, 

208.143, 26, 0, 8.20468e-18, 

208.143, 27, 0, 1.1955e-17, 

208.143, 28, 0, 2.25997e-17, 

208.143, 29, 0, 4.5603e-17, 

208.143, 30, 0, 9.25728e-17, 

208.143, 31, 0, 1.85635e-16, 

208.143, 32, 0, 3.64882e-16, 

208.143, 33, 0, 6.99703e-16, 

208.143, 34, 0, 1.3042e-15, 

208.143, 35, 0, 2.35479e-15, 

208.143, 36, 0, 4.10364e-15, 

208.143, 37, 0, 6.87482e-15, 

208.143, 38, 0, 1.10231e-14, 

208.143, 39, 0, 1.68347e-14, 

208.143, 40, 0, 2.43674e-14, 

208.143, 41, 0, 3.32658e-14, 

208.143, 42, 0, 4.26437e-14, 

208.143, 43, 0, 5.11444e-14, 

208.143, 44, 0, 5.72427e-14, 

208.143, 45, 0, 5.97155e-14, 

208.143, 46, 0, 5.80758e-14, 

208.143, 47, 0, 5.27437e-14, 

208.143, 48, 0, 4.48671e-14, 

208.143, 49, 0, 3.58981e-14, 

208.143, 50, 0, 2.715e-14, 

208.143, 51, 0, 1.95164e-14, 

208.143, 52, 0, 1.34091e-14, 

208.143, 53, 0, 8.85365e-15, 

208.143, 54, 0, 5.64558e-15, 

208.143, 55, 0, 3.49155e-15, 

208.143, 56, 0, 2.10182e-15, 

208.143, 57, 0, 1.23512e-15, 

208.143, 58, 0, 7.10371e-16, 

208.143, 59, 0, 4.01078e-16, 

208.143, 60, 0, 2.23454e-16, 

208.143, 61, 0, 1.24315e-16, 

208.143, 62, 0, 7.11624e-17, 

208.143, 63, 0, 4.49409e-17, 

208.143, 64, 0, 3.5158e-17, 

208.143, 65, 0, 3.68216e-17, 

208.143, 66, 0, 4.87221e-17, 

208.143, 67, 0, 7.27044e-17, 

208.143, 68, 0, 1.13696e-16, 

208.143, 69, 0, 1.80339e-16, 

208.143, 70, 0, 2.86085e-16, 

208.143, 71, 0, 4.50517e-16, 

208.143, 72, 0, 7.00518e-16, 

208.143, 73, 0, 1.07064e-15, 

208.143, 74, 0, 1.60189e-15, 

208.143, 75, 0, 2.33825e-15, 

208.143, 76, 0, 3.32056e-15, 

208.143, 77, 0, 4.57843e-15, 

208.143, 78, 0, 6.12143e-15, 

208.143, 79, 0, 7.93163e-15, 

208.143, 80, 0, 9.95944e-15, 

208.143, 81, 0, 1.21238e-14, 

208.143, 82, 0, 1.43176e-14, 

208.143, 83, 0, 1.64166e-14, 

208.143, 84, 0, 1.82936e-14, 

208.143, 85, 0, 1.98341e-14, 

208.143, 86, 0, 2.09534e-14, 

208.143, 87, 0, 2.16122e-14, 

208.143, 88, 0, 2.1828e-14, 

208.143, 89, 0, 2.16785e-14, 

208.143, 90, 0, 2.13003e-14, 

208.143, 91, 0, 2.08852e-14, 

208.143, 92, 0, 2.06863e-14, 

208.143, 93, 0, 2.10538e-14, 

208.143, 94, 0, 2.25366e-14, 

208.143, 95, 0, 2.61259e-14, 

208.143, 96, 0, 3.38173e-14, 

208.143, 97, 0, 4.99128e-14, 

208.143, 98, 0, 8.40875e-14, 

208.143, 99, 0, 1.58726e-13, 

208.143, 100, 0, 3.26678e-13, 

208.143, 101, 0, 7.14543e-13, 

208.143, 102, 0, 1.62852e-12, 

208.143, 103, 0, 3.81313e-12, 

208.143, 104, 0, 9.08078e-12, 

208.143, 105, 0, 2.18299e-11, 

208.143, 106, 0, 5.26525e-11, 

208.143, 107, 0, 1.26722e-10, 

208.143, 108, 0, 3.02689e-10, 

208.143, 109, 0, 7.13388e-10, 

208.143, 110, 0, 1.64814e-09, 

208.143, 111, 0, 3.70435e-09, 

208.143, 112, 0, 8.02846e-09, 

208.143, 113, 0, 1.6605e-08, 

208.143, 114, 0, 3.23732e-08, 

208.143, 115, 0, 5.86148e-08, 

208.143, 116, 0, 9.6736e-08, 

208.143, 117, 0, 1.41905e-07, 

208.143, 118, 0, 1.78095e-07, 

208.143, 119, 0, 1.78095e-07, 

210.778, 0, 0, 2.23055e-07, 

210.778, 1, 0, 2.23055e-07, 

210.778, 2, 0, 1.74361e-07, 

210.778, 3, 0, 1.14953e-07, 

210.778, 4, 0, 6.64785e-08, 

210.778, 5, 0, 3.45835e-08, 

210.778, 6, 0, 1.64834e-08, 

210.778, 7, 0, 7.30272e-09, 

210.778, 8, 0, 3.04322e-09, 

210.778, 9, 0, 1.20485e-09, 

210.778, 10, 0, 4.57049e-10, 

210.778, 11, 0, 1.67324e-10, 

210.778, 12, 0, 5.94814e-11, 

210.778, 13, 0, 2.06399e-11, 

210.778, 14, 0, 7.02284e-12, 

210.778, 15, 0, 2.35273e-12, 

210.778, 16, 0, 7.79058e-13, 

210.778, 17, 0, 2.55981e-13, 

210.778, 18, 0, 8.3815e-14, 

210.778, 19, 0, 2.74792e-14, 

210.778, 20, 0, 9.07279e-15, 

210.778, 21, 0, 3.03869e-15, 

210.778, 22, 0, 1.04341e-15, 

210.778, 23, 0, 3.75172e-16, 

210.778, 24, 0, 1.50149e-16, 

210.778, 25, 0, 8.02417e-17, 

210.778, 26, 0, 7.50975e-17, 

210.778, 27, 0, 1.15951e-16, 

210.778, 28, 0, 2.20628e-16, 

210.778, 29, 0, 4.43786e-16, 

210.778, 30, 0, 8.98169e-16, 

210.778, 31, 0, 1.79776e-15, 

210.778, 32, 0, 3.52985e-15, 

210.778, 33, 0, 6.76383e-15, 

210.778, 34, 0, 1.2598e-14, 

210.778, 35, 0, 2.27255e-14, 

210.778, 36, 0, 3.95573e-14, 

210.778, 37, 0, 6.61804e-14, 

210.778, 38, 0, 1.0596e-13, 

210.778, 39, 0, 1.61603e-13, 

210.778, 40, 0, 2.33651e-13, 

210.778, 41, 0, 3.18753e-13, 

210.778, 42, 0, 4.0855e-13, 

210.778, 43, 0, 4.90211e-13, 

210.778, 44, 0, 5.49231e-13, 

210.778, 45, 0, 5.73826e-13, 

210.778, 46, 0, 5.59076e-13, 

210.778, 47, 0, 5.08675e-13, 

210.778, 48, 0, 4.33373e-13, 

210.778, 49, 0, 3.47045e-13, 

210.778, 50, 0, 2.62437e-13, 

210.778, 51, 0, 1.8837e-13, 

210.778, 52, 0, 1.29021e-13, 

210.778, 53, 0, 8.47676e-14, 

210.778, 54, 0, 5.3681e-14, 

210.778, 55, 0, 3.29071e-14, 

210.778, 56, 0, 1.95987e-14, 

210.778, 57, 0, 1.1376e-14, 

210.778, 58, 0, 6.45387e-15, 

210.778, 59, 0, 3.59037e-15, 

210.778, 60, 0, 1.96916e-15, 

210.778, 61, 0, 1.07741e-15, 

210.778, 62, 0, 6.0567e-16, 

210.778, 63, 0, 3.7486e-16, 

210.778, 64, 0, 2.87278e-16, 

210.778, 65, 0, 2.96033e-16, 

210.778, 66, 0, 3.87696e-16, 

210.778, 67, 0, 5.7433e-16, 

210.778, 68, 0, 8.92307e-16, 

210.778, 69, 0, 1.40624e-15, 

210.778, 70, 0, 2.21669e-15, 

210.778, 71, 0, 3.46993e-15, 

210.778, 72, 0, 5.36693e-15, 

210.778, 73, 0, 8.16716e-15, 

210.778, 74, 0, 1.21813e-14, 

210.778, 75, 0, 1.77476e-14, 

210.778, 76, 0, 2.51882e-14, 

210.778, 77, 0, 3.47489e-14, 

210.778, 78, 0, 4.65308e-14, 

210.778, 79, 0, 6.04298e-14, 

210.778, 80, 0, 7.60979e-14, 

210.778, 81, 0, 9.29411e-14, 

210.778, 82, 0, 1.10156e-13, 

210.778, 83, 0, 1.26803e-13, 

210.778, 84, 0, 1.41916e-13, 

210.778, 85, 0, 1.5462e-13, 

210.778, 86, 0, 1.64264e-13, 

210.778, 87, 0, 1.70529e-13, 

210.778, 88, 0, 1.73508e-13, 

210.778, 89, 0, 1.73731e-13, 

210.778, 90, 0, 1.72154e-13, 

210.778, 91, 0, 1.70131e-13, 

210.778, 92, 0, 1.69441e-13, 

210.778, 93, 0, 1.72495e-13, 

210.778, 94, 0, 1.82916e-13, 

210.778, 95, 0, 2.06902e-13, 

210.778, 96, 0, 2.56268e-13, 

210.778, 97, 0, 3.55217e-13, 

210.778, 98, 0, 5.55576e-13, 

210.778, 99, 0, 9.71631e-13, 

210.778, 100, 0, 1.86067e-12, 

210.778, 101, 0, 3.81069e-12, 

210.778, 102, 0, 8.17989e-12, 

210.778, 103, 0, 1.81273e-11, 

210.778, 104, 0, 4.1025e-11, 

210.778, 105, 0, 9.40682e-11, 

210.778, 106, 0, 2.17174e-10, 

210.778, 107, 0, 5.02077e-10, 

210.778, 108, 0, 1.15609e-09, 

210.778, 109, 0, 2.63605e-09, 

210.778, 110, 0, 5.91283e-09, 

210.778, 111, 0, 1.29475e-08, 

210.778, 112, 0, 2.74305e-08, 

210.778, 113, 0, 5.56368e-08, 

210.778, 114, 0, 1.06701e-07, 

210.778, 115, 0, 1.9061e-07, 

210.778, 116, 0, 3.11291e-07, 

210.778, 117, 0, 4.53235e-07, 

210.778, 118, 0, 5.66431e-07, 

210.778, 119, 0, 5.66431e-07, 

213.412, 0, 0, 7.74385e-07, 

213.412, 1, 0, 7.74385e-07, 

213.412, 2, 0, 6.09459e-07, 

213.412, 3, 0, 4.06291e-07, 

213.412, 4, 0, 2.38349e-07, 

213.412, 5, 0, 1.26103e-07, 

213.412, 6, 0, 6.12548e-08, 

213.412, 7, 0, 2.77064e-08, 

213.412, 8, 0, 1.18057e-08, 

213.412, 9, 0, 4.78544e-09, 

213.412, 10, 0, 1.86076e-09, 

213.412, 11, 0, 6.99008e-10, 

213.412, 12, 0, 2.55225e-10, 

213.412, 13, 0, 9.10471e-11, 

213.412, 14, 0, 3.18774e-11, 

213.412, 15, 0, 1.09992e-11, 

213.412, 16, 0, 3.75509e-12, 

213.412, 17, 0, 1.27362e-12, 

213.412, 18, 0, 4.31102e-13, 

213.412, 19, 0, 1.46397e-13, 

213.412, 20, 0, 5.02011e-14, 

213.412, 21, 0, 1.7533e-14, 

213.412, 22, 0, 6.32076e-15, 

213.412, 23, 0, 2.4187e-15, 

213.412, 24, 0, 1.06097e-15, 

213.412, 25, 0, 6.47086e-16, 

213.412, 26, 0, 6.74463e-16, 

213.412, 27, 0, 1.07247e-15, 

213.412, 28, 0, 2.03313e-15, 

213.412, 29, 0, 4.05845e-15, 

213.412, 30, 0, 8.16558e-15, 

213.412, 31, 0, 1.62782e-14, 

213.412, 32, 0, 3.18719e-14, 

213.412, 33, 0, 6.09429e-14, 

213.412, 34, 0, 1.13304e-13, 

213.412, 35, 0, 2.04033e-13, 

213.412, 36, 0, 3.54525e-13, 

213.412, 37, 0, 5.92063e-13, 

213.412, 38, 0, 9.46289e-13, 

213.412, 39, 0, 1.44098e-12, 

213.412, 40, 0, 2.08094e-12, 

213.412, 41, 0, 2.83694e-12, 

213.412, 42, 0, 3.63589e-12, 

213.412, 43, 0, 4.36525e-12, 

213.412, 44, 0, 4.89681e-12, 

213.412, 45, 0, 5.12497e-12, 

213.412, 46, 0, 5.00338e-12, 

213.412, 47, 0, 4.56161e-12, 

213.412, 48, 0, 3.89297e-12, 

213.412, 49, 0, 3.12063e-12, 

213.412, 50, 0, 2.35967e-12, 

213.412, 51, 0, 1.6912e-12, 

213.412, 52, 0, 1.1547e-12, 

213.412, 53, 0, 7.54844e-13, 

213.412, 54, 0, 4.74702e-13, 

213.412, 55, 0, 2.88429e-13, 

213.412, 56, 0, 1.69971e-13, 

213.412, 57, 0, 9.74761e-14, 

213.412, 58, 0, 5.45761e-14, 

213.412, 59, 0, 2.99419e-14, 

213.412, 60, 0, 1.61893e-14, 

213.412, 61, 0, 8.73221e-15, 

213.412, 62, 0, 4.8408e-15, 

213.412, 63, 0, 2.95804e-15, 

213.412, 64, 0, 2.24582e-15, 

213.412, 65, 0, 2.30418e-15, 

213.412, 66, 0, 3.01287e-15, 

213.412, 67, 0, 4.45644e-15, 

213.412, 68, 0, 6.90734e-15, 

213.412, 69, 0, 1.08505e-14, 

213.412, 70, 0, 1.70374e-14, 

213.412, 71, 0, 2.65567e-14, 

213.412, 72, 0, 4.08999e-14, 

213.412, 73, 0, 6.19915e-14, 

213.412, 74, 0, 9.21419e-14, 

213.412, 75, 0, 1.33881e-13, 

213.412, 76, 0, 1.89648e-13, 

213.412, 77, 0, 2.61352e-13, 

213.412, 78, 0, 3.49862e-13, 

213.412, 79, 0, 4.54546e-13, 

213.412, 80, 0, 5.72965e-13, 

213.412, 81, 0, 7.00847e-13, 

213.412, 82, 0, 8.32354e-13, 

213.412, 83, 0, 9.60647e-13, 

213.412, 84, 0, 1.07867e-12, 

213.412, 85, 0, 1.18007e-12, 

213.412, 86, 0, 1.26005e-12, 

213.412, 87, 0, 1.31617e-12, 

213.412, 88, 0, 1.34885e-12, 

213.412, 89, 0, 1.36153e-12, 

213.412, 90, 0, 1.36066e-12, 

213.412, 91, 0, 1.35545e-12, 

213.412, 92, 0, 1.35813e-12, 

213.412, 93, 0, 1.38505e-12, 

213.412, 94, 0, 1.46005e-12, 

213.412, 95, 0, 1.6221e-12, 

213.412, 96, 0, 1.94199e-12, 

213.412, 97, 0, 2.5579e-12, 

213.412, 98, 0, 3.75269e-12, 

213.412, 99, 0, 6.12309e-12, 

213.412, 100, 0, 1.09551e-11, 

213.412, 101, 0, 2.10623e-11, 

213.412, 102, 0, 4.26703e-11, 

213.412, 103, 0, 8.96608e-11, 

213.412, 104, 0, 1.93131e-10, 

213.412, 105, 0, 4.22831e-10, 

213.412, 106, 0, 9.34793e-10, 

213.412, 107, 0, 2.07536e-09, 

213.412, 108, 0, 4.60237e-09, 

213.412, 109, 0, 1.01368e-08, 

213.412, 110, 0, 2.20302e-08, 

213.412, 111, 0, 4.68843e-08, 

213.412, 112, 0, 9.68373e-08, 

213.412, 113, 0, 1.92084e-07, 

213.412, 114, 0, 3.61392e-07, 

213.412, 115, 0, 6.35359e-07, 

213.412, 116, 0, 1.02454e-06, 

213.412, 117, 0, 1.47808e-06, 

213.412, 118, 0, 1.83765e-06, 

213.412, 119, 0, 1.83765e-06, 

216.047, 0, 0, 2.58379e-06, 

216.047, 1, 0, 2.58379e-06, 

216.047, 2, 0, 2.04852e-06, 

216.047, 3, 0, 1.38206e-06, 

216.047, 4, 0, 8.23282e-07, 

216.047, 5, 0, 4.43435e-07, 

216.047, 6, 0, 2.19744e-07, 

216.047, 7, 0, 1.0157e-07, 

216.047, 8, 0, 4.42902e-08, 

216.047, 9, 0, 1.83953e-08, 

216.047, 10, 0, 7.33716e-09, 

216.047, 11, 0, 2.83021e-09, 

216.047, 12, 0, 1.06218e-09, 

216.047, 13, 0, 3.89885e-10, 

216.047, 14, 0, 1.40615e-10, 

216.047, 15, 0, 5.00419e-11, 

216.047, 16, 0, 1.76461e-11, 

216.047, 17, 0, 6.19274e-12, 

216.047, 18, 0, 2.17359e-12, 

216.047, 19, 0, 7.6752e-13, 

216.047, 20, 0, 2.74695e-13, 

216.047, 21, 0, 1.0067e-13, 

216.047, 22, 0, 3.84121e-14, 

216.047, 23, 0, 1.58046e-14, 

216.047, 24, 0, 7.66337e-15, 

216.047, 25, 0, 5.26421e-15, 

216.047, 26, 0, 5.89204e-15, 

216.047, 27, 0, 9.43836e-15, 

216.047, 28, 0, 1.76689e-14, 

216.047, 29, 0, 3.48308e-14, 

216.047, 30, 0, 6.94204e-14, 

216.047, 31, 0, 1.37443e-13, 

216.047, 32, 0, 2.6774e-13, 

216.047, 33, 0, 5.09938e-13, 

216.047, 34, 0, 9.45018e-13, 

216.047, 35, 0, 1.697e-12, 

216.047, 36, 0, 2.94125e-12, 

216.047, 37, 0, 4.90068e-12, 

216.047, 38, 0, 7.81683e-12, 

216.047, 39, 0, 1.18833e-11, 

216.047, 40, 0, 1.71401e-11, 

216.047, 41, 0, 2.33523e-11, 

216.047, 42, 0, 2.99293e-11, 

216.047, 43, 0, 3.59575e-11, 

216.047, 44, 0, 4.03877e-11, 

216.047, 45, 0, 4.23428e-11, 

216.047, 46, 0, 4.14193e-11, 

216.047, 47, 0, 3.78336e-11, 

216.047, 48, 0, 3.23357e-11, 

216.047, 49, 0, 2.59386e-11, 

216.047, 50, 0, 1.9605e-11, 

216.047, 51, 0, 1.40248e-11, 

216.047, 52, 0, 9.54173e-12, 

216.047, 53, 0, 6.2041e-12, 

216.047, 54, 0, 3.87353e-12, 

216.047, 55, 0, 2.33258e-12, 

216.047, 56, 0, 1.36027e-12, 

216.047, 57, 0, 7.71075e-13, 

216.047, 58, 0, 4.26411e-13, 

216.047, 59, 0, 2.3101e-13, 

216.047, 60, 0, 1.2338e-13, 

216.047, 61, 0, 6.58034e-14, 

216.047, 62, 0, 3.61468e-14, 

216.047, 63, 0, 2.19814e-14, 

216.047, 64, 0, 1.67228e-14, 

216.047, 65, 0, 1.72808e-14, 

216.047, 66, 0, 2.27491e-14, 

216.047, 67, 0, 3.37878e-14, 

216.047, 68, 0, 5.24678e-14, 

216.047, 69, 0, 8.24337e-14, 

216.047, 70, 0, 1.29282e-13, 

216.047, 71, 0, 2.01051e-13, 

216.047, 72, 0, 3.08672e-13, 

216.047, 73, 0, 4.66154e-13, 

216.047, 74, 0, 6.90223e-13, 

216.047, 75, 0, 9.99115e-13, 

216.047, 76, 0, 1.41036e-12, 

216.047, 77, 0, 1.93765e-12, 

216.047, 78, 0, 2.58727e-12, 

216.047, 79, 0, 3.35487e-12, 

216.047, 80, 0, 4.22337e-12, 

216.047, 81, 0, 5.1629e-12, 

216.047, 82, 0, 6.1329e-12, 

216.047, 83, 0, 7.08614e-12, 

216.047, 84, 0, 7.97422e-12, 

216.047, 85, 0, 8.75353e-12, 

216.047, 86, 0, 9.3911e-12, 

216.047, 87, 0, 9.86926e-12, 

216.047, 88, 0, 1.01889e-11, 

216.047, 89, 0, 1.03707e-11, 

216.047, 90, 0, 1.04554e-11, 

216.047, 91, 0, 1.05026e-11, 

216.047, 92, 0, 1.05929e-11, 

216.047, 93, 0, 1.0834e-11, 

216.047, 94, 0, 1.13801e-11, 

216.047, 95, 0, 1.24747e-11, 

216.047, 96, 0, 1.45402e-11, 

216.047, 97, 0, 1.8366e-11, 

216.047, 98, 0, 2.55006e-11, 

216.047, 99, 0, 3.90808e-11, 

216.047, 100, 0, 6.56015e-11, 

216.047, 101, 0, 1.18723e-10, 

216.047, 102, 0, 2.27503e-10, 

216.047, 103, 0, 4.54266e-10, 

216.047, 104, 0, 9.33384e-10, 

216.047, 105, 0, 1.95521e-09, 

216.047, 106, 0, 4.14619e-09, 

216.047, 107, 0, 8.84932e-09, 

216.047, 108, 0, 1.89073e-08, 

216.047, 109, 0, 4.02113e-08, 

216.047, 110, 0, 8.45827e-08, 

216.047, 111, 0, 1.74655e-07, 

216.047, 112, 0, 3.50931e-07, 

216.047, 113, 0, 6.79048e-07, 

216.047, 114, 0, 1.24996e-06, 

216.047, 115, 0, 2.15688e-06, 

216.047, 116, 0, 3.4256e-06, 

216.047, 117, 0, 4.88676e-06, 

216.047, 118, 0, 6.03611e-06, 

216.047, 119, 0, 6.03611e-06, 

218.682, 0, 0, 8.2247e-06, 

218.682, 1, 0, 8.2247e-06, 

218.682, 2, 0, 6.57318e-06, 

218.682, 3, 0, 4.49232e-06, 

218.682, 4, 0, 2.72041e-06, 

218.682, 5, 0, 1.49358e-06, 

218.682, 6, 0, 7.56059e-07, 

218.682, 7, 0, 3.57606e-07, 

218.682, 8, 0, 1.59802e-07, 

218.682, 9, 0, 6.81051e-08, 

218.682, 10, 0, 2.7907e-08, 

218.682, 11, 0, 1.10719e-08, 

218.682, 12, 0, 4.27903e-09, 

218.682, 13, 0, 1.61954e-09, 

218.682, 14, 0, 6.03159e-10, 

218.682, 15, 0, 2.22029e-10, 

218.682, 16, 0, 8.11451e-11, 

218.682, 17, 0, 2.95838e-11, 

218.682, 18, 0, 1.0818e-11, 

218.682, 19, 0, 3.99389e-12, 

218.682, 20, 0, 1.50135e-12, 

218.682, 21, 0, 5.81569e-13, 

218.682, 22, 0, 2.36815e-13, 

218.682, 23, 0, 1.0562e-13, 

218.682, 24, 0, 5.66392e-14, 

218.682, 25, 0, 4.28482e-14, 

218.682, 26, 0, 4.98882e-14, 

218.682, 27, 0, 7.91608e-14, 

218.682, 28, 0, 1.45174e-13, 

218.682, 29, 0, 2.81149e-13, 

218.682, 30, 0, 5.5285e-13, 

218.682, 31, 0, 1.08355e-12, 

218.682, 32, 0, 2.09457e-12, 

218.682, 33, 0, 3.96551e-12, 

218.682, 34, 0, 7.31389e-12, 

218.682, 35, 0, 1.30826e-11, 

218.682, 36, 0, 2.26014e-11, 

218.682, 37, 0, 3.75566e-11, 

218.682, 38, 0, 5.97736e-11, 

218.682, 39, 0, 9.0719e-11, 

218.682, 40, 0, 1.3071e-10, 

218.682, 41, 0, 1.78005e-10, 

218.682, 42, 0, 2.28185e-10, 

218.682, 43, 0, 2.74367e-10, 

218.682, 44, 0, 3.08577e-10, 

218.682, 45, 0, 3.2405e-10, 

218.682, 46, 0, 3.17537e-10, 

218.682, 47, 0, 2.90496e-10, 

218.682, 48, 0, 2.48533e-10, 

218.682, 49, 0, 1.99392e-10, 

218.682, 50, 0, 1.50546e-10, 

218.682, 51, 0, 1.07425e-10, 

218.682, 52, 0, 7.27829e-11, 

218.682, 53, 0, 4.70462e-11, 

218.682, 54, 0, 2.91517e-11, 

218.682, 55, 0, 1.73959e-11, 

218.682, 56, 0, 1.00407e-11, 

218.682, 57, 0, 5.62878e-12, 

218.682, 58, 0, 3.07754e-12, 

218.682, 59, 0, 1.64897e-12, 

218.682, 60, 0, 8.71963e-13, 

218.682, 61, 0, 4.61409e-13, 

218.682, 62, 0, 2.52452e-13, 

218.682, 63, 0, 1.53994e-13, 

218.682, 64, 0, 1.18628e-13, 

218.682, 65, 0, 1.2467e-13, 

218.682, 66, 0, 1.66339e-13, 

218.682, 67, 0, 2.49223e-13, 

218.682, 68, 0, 3.8918e-13, 

218.682, 69, 0, 6.13493e-13, 

218.682, 70, 0, 9.63489e-13, 

218.682, 71, 0, 1.49779e-12, 

218.682, 72, 0, 2.29511e-12, 

218.682, 73, 0, 3.45496e-12, 

218.682, 74, 0, 5.0944e-12, 

218.682, 75, 0, 7.33894e-12, 

218.682, 76, 0, 1.03068e-11, 

218.682, 77, 0, 1.40873e-11, 

218.682, 78, 0, 1.87176e-11, 

218.682, 79, 0, 2.41619e-11, 

218.682, 80, 0, 3.03007e-11, 

218.682, 81, 0, 3.69323e-11, 

218.682, 82, 0, 4.37895e-11, 

218.682, 83, 0, 5.05675e-11, 

218.682, 84, 0, 5.69584e-11, 

218.682, 85, 0, 6.26871e-11, 

218.682, 86, 0, 6.7544e-11, 

218.682, 87, 0, 7.14111e-11, 

218.682, 88, 0, 7.42797e-11, 

218.682, 89, 0, 7.62605e-11, 

218.682, 90, 0, 7.75875e-11, 

218.682, 91, 0, 7.86208e-11, 

218.682, 92, 0, 7.98589e-11, 

218.682, 93, 0, 8.19821e-11, 

218.682, 94, 0, 8.5957e-11, 

218.682, 95, 0, 9.3269e-11, 

218.682, 96, 0, 1.06399e-10, 

218.682, 97, 0, 1.29794e-10, 

218.682, 98, 0, 1.7183e-10, 

218.682, 99, 0, 2.48837e-10, 

218.682, 100, 0, 3.93399e-10, 

218.682, 101, 0, 6.71602e-10, 

218.682, 102, 0, 1.21907e-09, 

218.682, 103, 0, 2.31648e-09, 

218.682, 104, 0, 4.54786e-09, 

218.682, 105, 0, 9.13141e-09, 

218.682, 106, 0, 1.86054e-08, 

218.682, 107, 0, 3.82273e-08, 

218.682, 108, 0, 7.8757e-08, 

218.682, 109, 0, 1.61768e-07, 

218.682, 110, 0, 3.29183e-07, 

218.682, 111, 0, 6.58779e-07, 

218.682, 112, 0, 1.2855e-06, 

218.682, 113, 0, 2.42133e-06, 

218.682, 114, 0, 4.35018e-06, 

218.682, 115, 0, 7.34885e-06, 

218.682, 116, 0, 1.14674e-05, 

218.682, 117, 0, 1.61415e-05, 

218.682, 118, 0, 1.97808e-05, 

218.682, 119, 0, 1.97808e-05, 

221.317, 0, 0, 2.48778e-05, 

221.317, 1, 0, 2.48778e-05, 

221.317, 2, 0, 2.00538e-05, 

221.317, 3, 0, 1.38966e-05, 

221.317, 4, 0, 8.56502e-06, 

221.317, 5, 0, 4.80003e-06, 

221.317, 6, 0, 2.48605e-06, 

221.317, 7, 0, 1.20543e-06, 

221.317, 8, 0, 5.53141e-07, 

221.317, 9, 0, 2.42443e-07, 

221.317, 10, 0, 1.02318e-07, 

221.317, 11, 0, 4.18702e-08, 

221.317, 12, 0, 1.67164e-08, 

221.317, 13, 0, 6.54697e-09, 

221.317, 14, 0, 2.52788e-09, 

221.317, 15, 0, 9.66822e-10, 

221.317, 16, 0, 3.68027e-10, 

221.317, 17, 0, 1.40149e-10, 

221.317, 18, 0, 5.37078e-11, 

221.317, 19, 0, 2.08621e-11, 

221.317, 20, 0, 8.29148e-12, 

221.317, 21, 0, 3.41769e-12, 

221.317, 22, 0, 1.49445e-12, 

221.317, 23, 0, 7.24774e-13, 

221.317, 24, 0, 4.26443e-13, 

221.317, 25, 0, 3.46431e-13, 

221.317, 26, 0, 4.0944e-13, 

221.317, 27, 0, 6.35552e-13, 

221.317, 28, 0, 1.1337e-12, 

221.317, 29, 0, 2.14549e-12, 

221.317, 30, 0, 4.14449e-12, 

221.317, 31, 0, 8.01301e-12, 

221.317, 32, 0, 1.5328e-11, 

221.317, 33, 0, 2.8784e-11, 

221.317, 34, 0, 5.2752e-11, 

221.317, 35, 0, 9.38904e-11, 

221.317, 36, 0, 1.61575e-10, 

221.317, 37, 0, 2.67691e-10, 

221.317, 38, 0, 4.25118e-10, 

221.317, 39, 0, 6.44274e-10, 

221.317, 40, 0, 9.27596e-10, 

221.317, 41, 0, 1.26314e-09, 

221.317, 42, 0, 1.62011e-09, 

221.317, 43, 0, 1.9501e-09, 

221.317, 44, 0, 2.19647e-09, 

221.317, 45, 0, 2.31043e-09, 

221.317, 46, 0, 2.26759e-09, 

221.317, 47, 0, 2.07705e-09, 

221.317, 48, 0, 1.778e-09, 

221.317, 49, 0, 1.42584e-09, 

221.317, 50, 0, 1.07474e-09, 

221.317, 51, 0, 7.6448e-10, 

221.317, 52, 0, 5.15488e-10, 

221.317, 53, 0, 3.31085e-10, 

221.317, 54, 0, 2.03538e-10, 

221.317, 55, 0, 1.20348e-10, 

221.317, 56, 0, 6.87647e-11, 

221.317, 57, 0, 3.81455e-11, 

221.317, 58, 0, 2.06414e-11, 

221.317, 59, 0, 1.09559e-11, 

221.317, 60, 0, 5.74948e-12, 

221.317, 61, 0, 3.02889e-12, 

221.317, 62, 0, 1.65893e-12, 

221.317, 63, 0, 1.02235e-12, 

221.317, 64, 0, 8.04096e-13, 

221.317, 65, 0, 8.64938e-13, 

221.317, 66, 0, 1.17422e-12, 

221.317, 67, 0, 1.77997e-12, 

221.317, 68, 0, 2.80265e-12, 

221.317, 69, 0, 4.44394e-12, 

221.317, 70, 0, 7.00453e-12, 

221.317, 71, 0, 1.09045e-11, 

221.317, 72, 0, 1.66983e-11, 

221.317, 73, 0, 2.50727e-11, 

221.317, 74, 0, 3.68169e-11, 

221.317, 75, 0, 5.27515e-11, 

221.317, 76, 0, 7.36182e-11, 

221.317, 77, 0, 9.99375e-11, 

221.317, 78, 0, 1.31865e-10, 

221.317, 79, 0, 1.69079e-10, 

221.317, 80, 0, 2.10738e-10, 

221.317, 81, 0, 2.55527e-10, 

221.317, 82, 0, 3.01783e-10, 

221.317, 83, 0, 3.47677e-10, 

221.317, 84, 0, 3.91417e-10, 

221.317, 85, 0, 4.31434e-10, 

221.317, 86, 0, 4.66531e-10, 

221.317, 87, 0, 4.96001e-10, 

221.317, 88, 0, 5.19711e-10, 

221.317, 89, 0, 5.38164e-10, 

221.317, 90, 0, 5.52563e-10, 

221.317, 91, 0, 5.64876e-10, 

221.317, 92, 0, 5.77965e-10, 

221.317, 93, 0, 5.95861e-10, 

221.317, 94, 0, 6.24342e-10, 

221.317, 95, 0, 6.72151e-10, 

221.317, 96, 0, 7.53436e-10, 

221.317, 97, 0, 8.92578e-10, 

221.317, 98, 0, 1.13375e-09, 

221.317, 99, 0, 1.55989e-09, 

221.317, 100, 0, 2.33078e-09, 

221.317, 101, 0, 3.7595e-09, 

221.317, 102, 0, 6.46741e-09, 

221.317, 103, 0, 1.16981e-08, 

221.317, 104, 0, 2.19539e-08, 

221.317, 105, 0, 4.22817e-08, 

221.317, 106, 0, 8.28458e-08, 

221.317, 107, 0, 1.63993e-07, 

221.317, 108, 0, 3.2596e-07, 

221.317, 109, 0, 6.46701e-07, 

221.317, 110, 0, 1.27258e-06, 

221.317, 111, 0, 2.46601e-06, 

221.317, 112, 0, 4.66678e-06, 

221.317, 113, 0, 8.54131e-06, 

221.317, 114, 0, 1.49463e-05, 

221.317, 115, 0, 2.46645e-05, 

221.317, 116, 0, 3.77322e-05, 

221.317, 117, 0, 5.23081e-05, 

221.317, 118, 0, 6.3515e-05, 

221.317, 119, 0, 6.3515e-05, 

223.951, 0, 0, 7.15152e-05, 

223.951, 1, 0, 7.15152e-05, 

223.951, 2, 0, 5.81735e-05, 

223.951, 3, 0, 4.09098e-05, 

223.951, 4, 0, 2.56936e-05, 

223.951, 5, 0, 1.47207e-05, 

223.951, 6, 0, 7.81527e-06, 

223.951, 7, 0, 3.89338e-06, 

223.951, 8, 0, 1.83933e-06, 

223.951, 9, 0, 8.31572e-07, 

223.951, 10, 0, 3.62671e-07, 

223.951, 11, 0, 1.53657e-07, 

223.951, 12, 0, 6.36403e-08, 

223.951, 13, 0, 2.59111e-08, 

223.951, 14, 0, 1.04245e-08, 

223.951, 15, 0, 4.16478e-09, 

223.951, 16, 0, 1.66062e-09, 

223.951, 17, 0, 6.64422e-10, 

223.951, 18, 0, 2.68421e-10, 

223.951, 19, 0, 1.10334e-10, 

223.951, 20, 0, 4.66114e-11, 

223.951, 21, 0, 2.0536e-11, 

223.951, 22, 0, 9.66699e-12, 

223.951, 23, 0, 5.08531e-12, 

223.951, 24, 0, 3.23998e-12, 

223.951, 25, 0, 2.76396e-12, 

223.951, 26, 0, 3.26079e-12, 

223.951, 27, 0, 4.90835e-12, 

223.951, 28, 0, 8.46437e-12, 

223.951, 29, 0, 1.5572e-11, 

223.951, 30, 0, 2.94191e-11, 

223.951, 31, 0, 5.59024e-11, 

223.951, 32, 0, 1.05503e-10, 

223.951, 33, 0, 1.96058e-10, 

223.951, 34, 0, 3.56428e-10, 

223.951, 35, 0, 6.30513e-10, 

223.951, 36, 0, 1.08012e-09, 

223.951, 37, 0, 1.78372e-09, 

223.951, 38, 0, 2.82672e-09, 

223.951, 39, 0, 4.27901e-09, 

223.951, 40, 0, 6.15885e-09, 

223.951, 41, 0, 8.39037e-09, 

223.951, 42, 0, 1.07729e-08, 

223.951, 43, 0, 1.29871e-08, 

223.951, 44, 0, 1.46544e-08, 

223.951, 45, 0, 1.54437e-08, 

223.951, 46, 0, 1.51826e-08, 

223.951, 47, 0, 1.39231e-08, 

223.951, 48, 0, 1.19229e-08, 

223.951, 49, 0, 9.55454e-09, 

223.951, 50, 0, 7.18709e-09, 

223.951, 51, 0, 5.09425e-09, 

223.951, 52, 0, 3.41752e-09, 

223.951, 53, 0, 2.18041e-09, 

223.951, 54, 0, 1.32968e-09, 

223.951, 55, 0, 7.79054e-10, 

223.951, 56, 0, 4.40789e-10, 

223.951, 57, 0, 2.42098e-10, 

223.951, 58, 0, 1.29783e-10, 

223.951, 59, 0, 6.83383e-11, 

223.951, 60, 0, 3.56672e-11, 

223.951, 61, 0, 1.87644e-11, 

223.951, 62, 0, 1.03339e-11, 

223.951, 63, 0, 6.47111e-12, 

223.951, 64, 0, 5.22323e-12, 

223.951, 65, 0, 5.76397e-12, 

223.951, 66, 0, 7.96734e-12, 

223.951, 67, 0, 1.22288e-11, 

223.951, 68, 0, 1.94393e-11, 

223.951, 69, 0, 3.1054e-11, 

223.951, 70, 0, 4.92096e-11, 

223.951, 71, 0, 7.68455e-11, 

223.951, 72, 0, 1.17767e-10, 

223.951, 73, 0, 1.76578e-10, 

223.951, 74, 0, 2.584e-10, 

223.951, 75, 0, 3.68344e-10, 

223.951, 76, 0, 5.10734e-10, 

223.951, 77, 0, 6.88207e-10, 

223.951, 78, 0, 9.00896e-10, 

223.951, 79, 0, 1.14592e-09, 

223.951, 80, 0, 1.41738e-09, 

223.951, 81, 0, 1.70689e-09, 

223.951, 82, 0, 2.00458e-09, 

223.951, 83, 0, 2.30023e-09, 

223.951, 84, 0, 2.58432e-09, 

223.951, 85, 0, 2.8489e-09, 

223.951, 86, 0, 3.08802e-09, 

223.951, 87, 0, 3.29811e-09, 

223.951, 88, 0, 3.47814e-09, 

223.951, 89, 0, 3.63004e-09, 

223.951, 90, 0, 3.75917e-09, 

223.951, 91, 0, 3.87509e-09, 

223.951, 92, 0, 3.99272e-09, 

223.951, 93, 0, 4.13414e-09, 

223.951, 94, 0, 4.33179e-09, 

223.951, 95, 0, 4.63467e-09, 

223.951, 96, 0, 5.1202e-09, 

223.951, 97, 0, 5.9172e-09, 

223.951, 98, 0, 7.25027e-09, 

223.951, 99, 0, 9.52577e-09, 

223.951, 100, 0, 1.34992e-08, 

223.951, 101, 0, 2.06021e-08, 

223.951, 102, 0, 3.35842e-08, 

223.951, 103, 0, 5.77733e-08, 

223.951, 104, 0, 1.03547e-07, 

223.951, 105, 0, 1.91153e-07, 

223.951, 106, 0, 3.60017e-07, 

223.951, 107, 0, 6.86382e-07, 

223.951, 108, 0, 1.31579e-06, 

223.951, 109, 0, 2.52026e-06, 

223.951, 110, 0, 4.79221e-06, 

223.951, 111, 0, 8.98225e-06, 

223.951, 112, 0, 1.64625e-05, 

223.951, 113, 0, 2.92294e-05, 

223.951, 114, 0, 4.97282e-05, 

223.951, 115, 0, 8.00125e-05, 

223.951, 116, 0, 0.000119789, 

223.951, 117, 0, 0.000163299, 

223.951, 118, 0, 0.000196269, 

223.951, 119, 0, 0.000196269, 

226.586, 0, 0, 0.000195994, 

226.586, 1, 0, 0.000195994, 

226.586, 2, 0, 0.000160954, 

226.586, 3, 0, 0.000114964, 

226.586, 4, 0, 7.36687e-05, 

226.586, 5, 0, 4.32212e-05, 

226.586, 6, 0, 2.35706e-05, 

226.586, 7, 0, 1.20946e-05, 

226.586, 8, 0, 5.89976e-06, 

226.586, 9, 0, 2.76053e-06, 

226.586, 10, 0, 1.24883e-06, 

226.586, 11, 0, 5.50078e-07, 

226.586, 12, 0, 2.37407e-07, 

226.586, 13, 0, 1.0097e-07, 

226.586, 14, 0, 4.25411e-08, 

226.586, 15, 0, 1.78463e-08, 

226.586, 16, 0, 7.49268e-09, 

226.586, 17, 0, 3.16569e-09, 

226.586, 18, 0, 1.35457e-09, 

226.586, 19, 0, 5.91595e-10, 

226.586, 20, 0, 2.66472e-10, 

226.586, 21, 0, 1.25679e-10, 

226.586, 22, 0, 6.36127e-11, 

226.586, 23, 0, 3.60626e-11, 

226.586, 24, 0, 2.45292e-11, 

226.586, 25, 0, 2.16068e-11, 

226.586, 26, 0, 2.51865e-11, 

226.586, 27, 0, 3.65664e-11, 

226.586, 28, 0, 6.06675e-11, 

226.586, 29, 0, 1.07975e-10, 

226.586, 30, 0, 1.98609e-10, 

226.586, 31, 0, 3.69458e-10, 

226.586, 32, 0, 6.85651e-10, 

226.586, 33, 0, 1.25753e-09, 

226.586, 34, 0, 2.26314e-09, 

226.586, 35, 0, 3.97309e-09, 

226.586, 36, 0, 6.76883e-09, 

226.586, 37, 0, 1.11363e-08, 

226.586, 38, 0, 1.76081e-08, 

226.586, 39, 0, 2.66281e-08, 

226.586, 40, 0, 3.83287e-08, 

226.586, 41, 0, 5.22657e-08, 

226.586, 42, 0, 6.72173e-08, 

226.586, 43, 0, 8.12048e-08, 

226.586, 44, 0, 9.18492e-08, 

226.586, 45, 0, 9.70269e-08, 

226.586, 46, 0, 9.55874e-08, 

226.586, 47, 0, 8.77904e-08, 

226.586, 48, 0, 7.52261e-08, 

226.586, 49, 0, 6.02522e-08, 

226.586, 50, 0, 4.52374e-08, 

226.586, 51, 0, 3.19556e-08, 

226.586, 52, 0, 2.13315e-08, 

226.586, 53, 0, 1.35219e-08, 

226.586, 54, 0, 8.18221e-09, 

226.586, 55, 0, 4.75208e-09, 

226.586, 56, 0, 2.66386e-09, 

226.586, 57, 0, 1.44967e-09, 

226.586, 58, 0, 7.70643e-10, 

226.586, 59, 0, 4.03119e-10, 

226.586, 60, 0, 2.0965e-10, 

226.586, 61, 0, 1.1045e-10, 

226.586, 62, 0, 6.13929e-11, 

226.586, 63, 0, 3.9225e-11, 

226.586, 64, 0, 3.2551e-11, 

226.586, 65, 0, 3.67888e-11, 

226.586, 66, 0, 5.16467e-11, 

226.586, 67, 0, 8.0146e-11, 

226.586, 68, 0, 1.28584e-10, 

226.586, 69, 0, 2.07059e-10, 

226.586, 70, 0, 3.30239e-10, 

226.586, 71, 0, 5.18059e-10, 

226.586, 72, 0, 7.95891e-10, 

226.586, 73, 0, 1.19371e-09, 

226.586, 74, 0, 1.74376e-09, 

226.586, 75, 0, 2.47666e-09, 

226.586, 76, 0, 3.4161e-09, 

226.586, 77, 0, 4.57327e-09, 

226.586, 78, 0, 5.94254e-09, 

226.586, 79, 0, 7.49962e-09, 

226.586, 80, 0, 9.20347e-09, 

226.586, 81, 0, 1.10014e-08, 

226.586, 82, 0, 1.28364e-08, 

226.586, 83, 0, 1.46539e-08, 

226.586, 84, 0, 1.64079e-08, 

226.586, 85, 0, 1.80631e-08, 

226.586, 86, 0, 1.95956e-08, 

226.586, 87, 0, 2.09915e-08, 

226.586, 88, 0, 2.22468e-08, 

226.586, 89, 0, 2.33678e-08, 

226.586, 90, 0, 2.43748e-08, 

226.586, 91, 0, 2.53084e-08, 

226.586, 92, 0, 2.62376e-08, 

226.586, 93, 0, 2.72725e-08, 

226.586, 94, 0, 2.85822e-08, 

226.586, 95, 0, 3.04253e-08, 

226.586, 96, 0, 3.32047e-08, 

226.586, 97, 0, 3.75717e-08, 

226.586, 98, 0, 4.46202e-08, 

226.586, 99, 0, 5.62561e-08, 

226.586, 100, 0, 7.58957e-08, 

226.586, 101, 0, 1.09794e-07, 

226.586, 102, 0, 1.6957e-07, 

226.586, 103, 0, 2.77015e-07, 

226.586, 104, 0, 4.73195e-07, 

226.586, 105, 0, 8.35594e-07, 

226.586, 106, 0, 1.50994e-06, 

226.586, 107, 0, 2.76817e-06, 

226.586, 108, 0, 5.11049e-06, 

226.586, 109, 0, 9.43689e-06, 

226.586, 110, 0, 1.73139e-05, 

226.586, 111, 0, 3.13405e-05, 

226.586, 112, 0, 5.55366e-05, 

226.586, 113, 0, 9.54895e-05, 

226.586, 114, 0, 0.000157667, 

226.586, 115, 0, 0.000246928, 

226.586, 116, 0, 0.000361226, 

226.586, 117, 0, 0.000483625, 

226.586, 118, 0, 0.000574907, 

226.586, 119, 0, 0.000574907, 

229.221, 0, 0, 0.000513752, 

229.221, 1, 0, 0.000513752, 

229.221, 2, 0, 0.000426141, 

229.221, 3, 0, 0.000309449, 

229.221, 4, 0, 0.000202605, 

229.221, 5, 0, 0.000121949, 

229.221, 6, 0, 6.84681e-05, 

229.221, 7, 0, 3.62817e-05, 

229.221, 8, 0, 1.83287e-05, 

229.221, 9, 0, 8.90501e-06, 

229.221, 10, 0, 4.19366e-06, 

229.221, 11, 0, 1.92776e-06, 

229.221, 12, 0, 8.70471e-07, 

229.221, 13, 0, 3.88321e-07, 

229.221, 14, 0, 1.72056e-07, 

229.221, 15, 0, 7.61012e-08, 

229.221, 16, 0, 3.37729e-08, 

229.221, 17, 0, 1.51203e-08, 

229.221, 18, 0, 6.87198e-09, 

229.221, 19, 0, 3.19513e-09, 

229.221, 20, 0, 1.53563e-09, 

229.221, 21, 0, 7.74565e-10, 

229.221, 22, 0, 4.19965e-10, 

229.221, 23, 0, 2.54499e-10, 

229.221, 24, 0, 1.82506e-10, 

229.221, 25, 0, 1.64121e-10, 

229.221, 26, 0, 1.88041e-10, 

229.221, 27, 0, 2.62639e-10, 

229.221, 28, 0, 4.17833e-10, 

229.221, 29, 0, 7.16425e-10, 

229.221, 30, 0, 1.2774e-09, 

229.221, 31, 0, 2.31655e-09, 

229.221, 32, 0, 4.21162e-09, 

229.221, 33, 0, 7.59873e-09, 

229.221, 34, 0, 1.35006e-08, 

229.221, 35, 0, 2.34705e-08, 

229.221, 36, 0, 3.97011e-08, 

229.221, 37, 0, 6.49983e-08, 

229.221, 38, 0, 1.02469e-07, 

229.221, 39, 0, 1.54756e-07, 

229.221, 40, 0, 2.22772e-07, 

229.221, 41, 0, 3.04142e-07, 

229.221, 42, 0, 3.91967e-07, 

229.221, 43, 0, 4.74823e-07, 

229.221, 44, 0, 5.38718e-07, 

229.221, 45, 0, 5.70874e-07, 

229.221, 46, 0, 5.64027e-07, 

229.221, 47, 0, 5.19221e-07, 

229.221, 48, 0, 4.45553e-07, 

229.221, 49, 0, 3.56971e-07, 

229.221, 50, 0, 2.6773e-07, 

229.221, 51, 0, 1.8864e-07, 

229.221, 52, 0, 1.25408e-07, 

229.221, 53, 0, 7.90534e-08, 

229.221, 54, 0, 4.75094e-08, 

229.221, 55, 0, 2.73787e-08, 

229.221, 56, 0, 1.52217e-08, 

229.221, 57, 0, 8.21716e-09, 

229.221, 58, 0, 4.33746e-09, 

229.221, 59, 0, 2.25754e-09, 

229.221, 60, 0, 1.17231e-09, 

229.221, 61, 0, 6.20185e-10, 

229.221, 62, 0, 3.4916e-10, 

229.221, 63, 0, 2.2828e-10, 

229.221, 64, 0, 1.94604e-10, 

229.221, 65, 0, 2.24168e-10, 

229.221, 66, 0, 3.1798e-10, 

229.221, 67, 0, 4.97124e-10, 

229.221, 68, 0, 8.03413e-10, 

229.221, 69, 0, 1.30326e-09, 

229.221, 70, 0, 2.09277e-09, 

229.221, 71, 0, 3.30181e-09, 

229.221, 72, 0, 5.09394e-09, 

229.221, 73, 0, 7.65904e-09, 

229.221, 74, 0, 1.11958e-08, 

229.221, 75, 0, 1.5884e-08, 

229.221, 76, 0, 2.18491e-08, 

229.221, 77, 0, 2.91282e-08, 

229.221, 78, 0, 3.76469e-08, 

229.221, 79, 0, 4.72167e-08, 

229.221, 80, 0, 5.75569e-08, 

229.221, 81, 0, 6.83366e-08, 

229.221, 82, 0, 7.92264e-08, 

229.221, 83, 0, 8.99432e-08, 

229.221, 84, 0, 1.00278e-07, 

229.221, 85, 0, 1.10101e-07, 

229.221, 86, 0, 1.19348e-07, 

229.221, 87, 0, 1.27999e-07, 

229.221, 88, 0, 1.36061e-07, 

229.221, 89, 0, 1.43559e-07, 

229.221, 90, 0, 1.50559e-07, 

229.221, 91, 0, 1.57205e-07, 

229.221, 92, 0, 1.63773e-07, 

229.221, 93, 0, 1.70756e-07, 

229.221, 94, 0, 1.78962e-07, 

229.221, 95, 0, 1.89662e-07, 

229.221, 96, 0, 2.04843e-07, 

229.221, 97, 0, 2.27637e-07, 

229.221, 98, 0, 2.63135e-07, 

229.221, 99, 0, 3.19865e-07, 

229.221, 100, 0, 4.12541e-07, 

229.221, 101, 0, 5.67139e-07, 

229.221, 102, 0, 8.3025e-07, 

229.221, 103, 0, 1.28629e-06, 

229.221, 104, 0, 2.08896e-06, 

229.221, 105, 0, 3.51823e-06, 

229.221, 106, 0, 6.08182e-06, 

229.221, 107, 0, 1.06918e-05, 

229.221, 108, 0, 1.89609e-05, 

229.221, 109, 0, 3.3674e-05, 

229.221, 110, 0, 5.94762e-05, 

229.221, 111, 0, 0.00010374, 

229.221, 112, 0, 0.000177348, 

229.221, 113, 0, 0.000294662, 

229.221, 114, 0, 0.00047122, 

229.221, 115, 0, 0.000716999, 

229.221, 116, 0, 0.00102326, 

229.221, 117, 0, 0.00134387, 

229.221, 118, 0, 0.00157894, 

229.221, 119, 0, 0.00157894, 

231.856, 0, 0, 0.00128831, 

231.856, 1, 0, 0.00128831, 

231.856, 2, 0, 0.00108004, 

231.856, 3, 0, 0.000798324, 

231.856, 4, 0, 0.000534953, 

231.856, 5, 0, 0.000331032, 

231.856, 6, 0, 0.000191808, 

231.856, 7, 0, 0.000105247, 

231.856, 8, 0, 5.52214e-05, 

231.856, 9, 0, 2.79434e-05, 

231.856, 10, 0, 1.37422e-05, 

231.856, 11, 0, 6.61378e-06, 

231.856, 12, 0, 3.1346e-06, 

231.856, 13, 0, 1.4714e-06, 

231.856, 14, 0, 6.87664e-07, 

231.856, 15, 0, 3.21569e-07, 

231.856, 16, 0, 1.51203e-07, 

231.856, 17, 0, 7.18616e-08, 

231.856, 18, 0, 3.47275e-08, 

231.856, 19, 0, 1.71921e-08, 

231.856, 20, 0, 8.80729e-09, 

231.856, 21, 0, 4.73815e-09, 

231.856, 22, 0, 2.73805e-09, 

231.856, 23, 0, 1.75928e-09, 

231.856, 24, 0, 1.31689e-09, 

231.856, 25, 0, 1.20034e-09, 

231.856, 26, 0, 1.34924e-09, 

231.856, 27, 0, 1.8125e-09, 

231.856, 28, 0, 2.76025e-09, 

231.856, 29, 0, 4.54465e-09, 

231.856, 30, 0, 7.82309e-09, 

231.856, 31, 0, 1.37714e-08, 

231.856, 32, 0, 2.44241e-08, 

231.856, 33, 0, 4.31779e-08, 

231.856, 34, 0, 7.54629e-08, 

231.856, 35, 0, 1.29504e-07, 

231.856, 36, 0, 2.16918e-07, 

231.856, 37, 0, 3.5264e-07, 

231.856, 38, 0, 5.53366e-07, 

231.856, 39, 0, 8.33649e-07, 

231.856, 40, 0, 1.19924e-06, 

231.856, 41, 0, 1.63867e-06, 

231.856, 42, 0, 2.11628e-06, 

231.856, 43, 0, 2.5714e-06, 

231.856, 44, 0, 2.92806e-06, 

231.856, 45, 0, 3.11503e-06, 

231.856, 46, 0, 3.08958e-06, 

231.856, 47, 0, 2.85399e-06, 

231.856, 48, 0, 2.45576e-06, 

231.856, 49, 0, 1.9709e-06, 

231.856, 50, 0, 1.47887e-06, 

231.856, 51, 0, 1.04102e-06, 

231.856, 52, 0, 6.90422e-07, 

231.856, 53, 0, 4.3358e-07, 

231.856, 54, 0, 2.59275e-07, 

231.856, 55, 0, 1.48541e-07, 

231.856, 56, 0, 8.20677e-08, 

231.856, 57, 0, 4.40366e-08, 

231.856, 58, 0, 2.3131e-08, 

231.856, 59, 0, 1.20076e-08, 

231.856, 60, 0, 6.24372e-09, 

231.856, 61, 0, 3.3286e-09, 

231.856, 62, 0, 1.90575e-09, 

231.856, 63, 0, 1.27834e-09, 

231.856, 64, 0, 1.11698e-09, 

231.856, 65, 0, 1.30283e-09, 

231.856, 66, 0, 1.85442e-09, 

231.856, 67, 0, 2.90539e-09, 

231.856, 68, 0, 4.71335e-09, 

231.856, 69, 0, 7.68711e-09, 

231.856, 70, 0, 1.24203e-08, 

231.856, 71, 0, 1.97169e-08, 

231.856, 72, 0, 3.05883e-08, 

231.856, 73, 0, 4.62011e-08, 

231.856, 74, 0, 6.77576e-08, 

231.856, 75, 0, 9.63086e-08, 

231.856, 76, 0, 1.32525e-07, 

231.856, 77, 0, 1.76484e-07, 

231.856, 78, 0, 2.2754e-07, 

231.856, 79, 0, 2.84345e-07, 

231.856, 80, 0, 3.45032e-07, 

231.856, 81, 0, 4.0753e-07, 

231.856, 82, 0, 4.69914e-07, 

231.856, 83, 0, 5.30691e-07, 

231.856, 84, 0, 5.88954e-07, 

231.856, 85, 0, 6.44357e-07, 

231.856, 86, 0, 6.96968e-07, 

231.856, 87, 0, 7.47061e-07, 

231.856, 88, 0, 7.94925e-07, 

231.856, 89, 0, 8.40772e-07, 

231.856, 90, 0, 8.84792e-07, 

231.856, 91, 0, 9.27359e-07, 

231.856, 92, 0, 9.69383e-07, 

231.856, 93, 0, 1.01277e-06, 

231.856, 94, 0, 1.06101e-06, 

231.856, 95, 0, 1.1199e-06, 

231.856, 96, 0, 1.19861e-06, 

231.856, 97, 0, 1.31146e-06, 

231.856, 98, 0, 1.48097e-06, 

231.856, 99, 0, 1.74351e-06, 

231.856, 100, 0, 2.15929e-06, 

231.856, 101, 0, 2.83054e-06, 

231.856, 102, 0, 3.93377e-06, 

231.856, 103, 0, 5.77721e-06, 

231.856, 104, 0, 8.90174e-06, 

231.856, 105, 0, 1.4256e-05, 

231.856, 106, 0, 2.34942e-05, 

231.856, 107, 0, 3.94691e-05, 

231.856, 108, 0, 6.70128e-05, 

231.856, 109, 0, 0.000114102, 

231.856, 110, 0, 0.00019343, 

231.856, 111, 0, 0.000324171, 

231.856, 112, 0, 0.000533164, 

231.856, 113, 0, 0.000853747, 

231.856, 114, 0, 0.00131906, 

231.856, 115, 0, 0.00194558, 

231.856, 116, 0, 0.00270367, 

231.856, 117, 0, 0.00347815, 

231.856, 118, 0, 0.0040358, 

231.856, 119, 0, 0.0040358, 

234.49, 0, 0, 0.00307671, 

234.49, 1, 0, 0.00307671, 

234.49, 2, 0, 0.0026092, 

234.49, 3, 0, 0.00196617, 

234.49, 4, 0, 0.00135122, 

234.49, 5, 0, 0.000861705, 

234.49, 6, 0, 0.000516668, 

234.49, 7, 0, 0.000294406, 

234.49, 8, 0, 0.000160913, 

234.49, 9, 0, 8.50624e-05, 

234.49, 10, 0, 4.38156e-05, 

234.49, 11, 0, 2.21418e-05, 

234.49, 12, 0, 1.1045e-05, 

234.49, 13, 0, 5.46901e-06, 

234.49, 14, 0, 2.70184e-06, 

234.49, 15, 0, 1.33808e-06, 

234.49, 16, 0, 6.67397e-07, 

234.49, 17, 0, 3.36878e-07, 

234.49, 18, 0, 1.73048e-07, 

234.49, 19, 0, 9.11021e-08, 

234.49, 20, 0, 4.96295e-08, 

234.49, 21, 0, 2.83707e-08, 

234.49, 22, 0, 1.7376e-08, 

234.49, 23, 0, 1.17493e-08, 

234.49, 24, 0, 9.10939e-09, 

234.49, 25, 0, 8.37937e-09, 

234.49, 26, 0, 9.242e-09, 

234.49, 27, 0, 1.19579e-08, 

234.49, 28, 0, 1.74295e-08, 

234.49, 29, 0, 2.7499e-08, 

234.49, 30, 0, 4.55457e-08, 

234.49, 31, 0, 7.75086e-08, 

234.49, 32, 0, 1.33504e-07, 

234.49, 33, 0, 2.30206e-07, 

234.49, 34, 0, 3.94016e-07, 

234.49, 35, 0, 6.64679e-07, 

234.49, 36, 0, 1.0982e-06, 

234.49, 37, 0, 1.76668e-06, 

234.49, 38, 0, 2.75139e-06, 

234.49, 39, 0, 4.12459e-06, 

234.49, 40, 0, 5.9181e-06, 

234.49, 41, 0, 8.0824e-06, 

234.49, 42, 0, 1.04508e-05, 

234.49, 43, 0, 1.27316e-05, 

234.49, 44, 0, 1.45511e-05, 

234.49, 45, 0, 1.55482e-05, 

234.49, 46, 0, 1.5494e-05, 

234.49, 47, 0, 1.43797e-05, 

234.49, 48, 0, 1.24263e-05, 

234.49, 49, 0, 1.00087e-05, 

234.49, 50, 0, 7.52971e-06, 

234.49, 51, 0, 5.30823e-06, 

234.49, 52, 0, 3.52137e-06, 

234.49, 53, 0, 2.20929e-06, 

234.49, 54, 0, 1.3185e-06, 

234.49, 55, 0, 7.53317e-07, 

234.49, 56, 0, 4.14951e-07, 

234.49, 57, 0, 2.22073e-07, 

234.49, 58, 0, 1.16493e-07, 

234.49, 59, 0, 6.05502e-08, 

234.49, 60, 0, 3.16666e-08, 

234.49, 61, 0, 1.70993e-08, 

234.49, 62, 0, 1.00093e-08, 

234.49, 63, 0, 6.90992e-09, 

234.49, 64, 0, 6.17414e-09, 

234.49, 65, 0, 7.24258e-09, 

234.49, 66, 0, 1.02666e-08, 

234.49, 67, 0, 1.60167e-08, 

234.49, 68, 0, 2.59569e-08, 

234.49, 69, 0, 4.24219e-08, 

234.49, 70, 0, 6.88324e-08, 

234.49, 71, 0, 1.09862e-07, 

234.49, 72, 0, 1.71436e-07, 

234.49, 73, 0, 2.60417e-07, 

234.49, 74, 0, 3.83874e-07, 

234.49, 75, 0, 5.47909e-07, 

234.49, 76, 0, 7.56223e-07, 

234.49, 77, 0, 1.00878e-06, 

234.49, 78, 0, 1.30102e-06, 

234.49, 79, 0, 1.62412e-06, 

234.49, 80, 0, 1.96623e-06, 

234.49, 81, 0, 2.31462e-06, 

234.49, 82, 0, 2.658e-06, 

234.49, 83, 0, 2.98832e-06, 

234.49, 84, 0, 3.30164e-06, 

234.49, 85, 0, 3.59781e-06, 

234.49, 86, 0, 3.87936e-06, 

234.49, 87, 0, 4.14989e-06, 

234.49, 88, 0, 4.41261e-06, 

234.49, 89, 0, 4.6695e-06, 

234.49, 90, 0, 4.92126e-06, 

234.49, 91, 0, 5.16822e-06, 

234.49, 92, 0, 5.4123e-06, 

234.49, 93, 0, 5.65951e-06, 

234.49, 94, 0, 5.92306e-06, 

234.49, 95, 0, 6.22702e-06, 

234.49, 96, 0, 6.6108e-06, 

234.49, 97, 0, 7.13583e-06, 

234.49, 98, 0, 7.89657e-06, 

234.49, 99, 0, 9.03977e-06, 

234.49, 100, 0, 1.07985e-05, 

234.49, 101, 0, 1.3552e-05, 

234.49, 102, 0, 1.79282e-05, 

234.49, 103, 0, 2.49808e-05, 

234.49, 104, 0, 3.64858e-05, 

234.49, 105, 0, 5.54334e-05, 

234.49, 106, 0, 8.6821e-05, 

234.49, 107, 0, 0.00013889, 

234.49, 108, 0, 0.000224957, 

234.49, 109, 0, 0.000365939, 

234.49, 110, 0, 0.000593404, 

234.49, 111, 0, 0.000952427, 

234.49, 112, 0, 0.00150231, 

234.49, 113, 0, 0.00231148, 

234.49, 114, 0, 0.0034405, 

234.49, 115, 0, 0.0049064, 

234.49, 116, 0, 0.0066241, 

234.49, 117, 0, 0.00833293, 

234.49, 118, 0, 0.0095395, 

234.49, 119, 0, 0.0095395, 

237.125, 0, 0, 0.00693722, 

237.125, 1, 0, 0.00693722, 

237.125, 2, 0, 0.00595772, 

237.125, 3, 0, 0.00458543, 

237.125, 4, 0, 0.00323973, 

237.125, 5, 0, 0.0021353, 

237.125, 6, 0, 0.00132902, 

237.125, 7, 0, 0.000789045, 

237.125, 8, 0, 0.000450792, 

237.125, 9, 0, 0.00024979, 

237.125, 10, 0, 0.000135212, 

237.125, 11, 0, 7.19668e-05, 

237.125, 12, 0, 3.78885e-05, 

237.125, 13, 0, 1.98363e-05, 

237.125, 14, 0, 1.03774e-05, 

237.125, 15, 0, 5.44889e-06, 

237.125, 16, 0, 2.88377e-06, 

237.125, 17, 0, 1.54514e-06, 

237.125, 18, 0, 8.42488e-07, 

237.125, 19, 0, 4.70559e-07, 

237.125, 20, 0, 2.71691e-07, 

237.125, 21, 0, 1.64298e-07, 

237.125, 22, 0, 1.06039e-07, 

237.125, 23, 0, 7.49515e-08, 

237.125, 24, 0, 5.98292e-08, 

237.125, 25, 0, 5.53924e-08, 

237.125, 26, 0, 6.00227e-08, 

237.125, 27, 0, 7.49876e-08, 

237.125, 28, 0, 1.04734e-07, 

237.125, 29, 0, 1.58219e-07, 

237.125, 30, 0, 2.51544e-07, 

237.125, 31, 0, 4.12398e-07, 

237.125, 32, 0, 6.86981e-07, 

237.125, 33, 0, 1.15007e-06, 

237.125, 34, 0, 1.91827e-06, 

237.125, 35, 0, 3.1651e-06, 

237.125, 36, 0, 5.13309e-06, 

237.125, 37, 0, 8.13334e-06, 

237.125, 38, 0, 1.25169e-05, 

237.125, 39, 0, 1.85995e-05, 

237.125, 40, 0, 2.65295e-05, 

237.125, 41, 0, 3.61121e-05, 

237.125, 42, 0, 4.66491e-05, 

237.125, 43, 0, 5.6891e-05, 

237.125, 44, 0, 6.52008e-05, 

237.125, 45, 0, 6.99541e-05, 

237.125, 46, 0, 7.00619e-05, 

237.125, 47, 0, 6.53873e-05, 

237.125, 48, 0, 5.68325e-05, 

237.125, 49, 0, 4.60333e-05, 

237.125, 50, 0, 3.48117e-05, 

237.125, 51, 0, 2.46524e-05, 

237.125, 52, 0, 1.64151e-05, 

237.125, 53, 0, 1.03289e-05, 

237.125, 54, 0, 6.17806e-06, 

237.125, 55, 0, 3.53616e-06, 

237.125, 56, 0, 1.95136e-06, 

237.125, 57, 0, 1.04692e-06, 

237.125, 58, 0, 5.51454e-07, 

237.125, 59, 0, 2.88702e-07, 

237.125, 60, 0, 1.52856e-07, 

237.125, 61, 0, 8.42069e-08, 

237.125, 62, 0, 5.07455e-08, 

237.125, 63, 0, 3.61949e-08, 

237.125, 64, 0, 3.30159e-08, 

237.125, 65, 0, 3.87272e-08, 

237.125, 66, 0, 5.42899e-08, 

237.125, 67, 0, 8.37718e-08, 

237.125, 68, 0, 1.34847e-07, 

237.125, 69, 0, 2.19835e-07, 

237.125, 70, 0, 3.5698e-07, 

237.125, 71, 0, 5.71504e-07, 

237.125, 72, 0, 8.95763e-07, 

237.125, 73, 0, 1.36765e-06, 

237.125, 74, 0, 2.02654e-06, 

237.125, 75, 0, 2.90657e-06, 

237.125, 76, 0, 4.02821e-06, 

237.125, 77, 0, 5.39025e-06, 

237.125, 78, 0, 6.96507e-06, 

237.125, 79, 0, 8.69988e-06, 

237.125, 80, 0, 1.05246e-05, 

237.125, 81, 0, 1.23651e-05, 

237.125, 82, 0, 1.41568e-05, 

237.125, 83, 0, 1.58562e-05, 

237.125, 84, 0, 1.74459e-05, 

237.125, 85, 0, 1.89318e-05, 

237.125, 86, 0, 2.03361e-05, 

237.125, 87, 0, 2.16874e-05, 

237.125, 88, 0, 2.30108e-05, 

237.125, 89, 0, 2.43219e-05, 

237.125, 90, 0, 2.56249e-05, 

237.125, 91, 0, 2.69163e-05, 

237.125, 92, 0, 2.81941e-05, 

237.125, 93, 0, 2.94702e-05, 

237.125, 94, 0, 3.07865e-05, 

237.125, 95, 0, 3.22321e-05, 

237.125, 96, 0, 3.39619e-05, 

237.125, 97, 0, 3.62206e-05, 

237.125, 98, 0, 3.9378e-05, 

237.125, 99, 0, 4.39891e-05, 

237.125, 100, 0, 5.08981e-05, 

237.125, 101, 0, 6.14155e-05, 

237.125, 102, 0, 7.76166e-05, 

237.125, 103, 0, 0.000102831, 

237.125, 104, 0, 0.000142432, 

237.125, 105, 0, 0.000205068, 

237.125, 106, 0, 0.000304536, 

237.125, 107, 0, 0.000462503, 

237.125, 108, 0, 0.0007122, 

237.125, 109, 0, 0.00110298, 

237.125, 110, 0, 0.00170502, 

237.125, 111, 0, 0.00261211, 

237.125, 112, 0, 0.00393883, 

237.125, 113, 0, 0.00580521, 

237.125, 114, 0, 0.00829999, 

237.125, 115, 0, 0.0114132, 

237.125, 116, 0, 0.0149353, 

237.125, 117, 0, 0.0183386, 

237.125, 118, 0, 0.0206905, 

237.125, 119, 0, 0.0206905, 

239.76, 0, 0, 0.014613, 

239.76, 1, 0, 0.014613, 

239.76, 2, 0, 0.0127242, 

239.76, 3, 0, 0.0100235, 

239.76, 4, 0, 0.00730083, 

239.76, 5, 0, 0.00498957, 

239.76, 6, 0, 0.00323558, 

239.76, 7, 0, 0.0020094, 

239.76, 8, 0, 0.00120486, 

239.76, 9, 0, 0.000702672, 

239.76, 10, 0, 0.00040126, 

239.76, 11, 0, 0.000225744, 

239.76, 12, 0, 0.000125814, 

239.76, 13, 0, 6.98079e-05, 

239.76, 14, 0, 3.87307e-05, 

239.76, 15, 0, 2.15729e-05, 

239.76, 16, 0, 1.21092e-05, 

239.76, 17, 0, 6.87736e-06, 

239.76, 18, 0, 3.97093e-06, 

239.76, 19, 0, 2.34549e-06, 

239.76, 20, 0, 1.42952e-06, 

239.76, 21, 0, 9.10035e-07, 

239.76, 22, 0, 6.15459e-07, 

239.76, 23, 0, 4.52076e-07, 

239.76, 24, 0, 3.69792e-07, 

239.76, 25, 0, 3.44038e-07, 

239.76, 26, 0, 3.66894e-07, 

239.76, 27, 0, 4.43951e-07, 

239.76, 28, 0, 5.95477e-07, 

239.76, 29, 0, 8.61784e-07, 

239.76, 30, 0, 1.31373e-06, 

239.76, 31, 0, 2.07007e-06, 

239.76, 32, 0, 3.32388e-06, 

239.76, 33, 0, 5.38011e-06, 

239.76, 34, 0, 8.70405e-06, 

239.76, 35, 0, 1.39748e-05, 

239.76, 36, 0, 2.21265e-05, 

239.76, 37, 0, 3.43424e-05, 

239.76, 38, 0, 5.19452e-05, 

239.76, 39, 0, 7.6118e-05, 

239.76, 40, 0, 0.000107415, 

239.76, 41, 0, 0.000145111, 

239.76, 42, 0, 0.000186589, 

239.76, 43, 0, 0.000227122, 

239.76, 44, 0, 0.000260435, 

239.76, 45, 0, 0.000280163, 

239.76, 46, 0, 0.000281838, 

239.76, 47, 0, 0.000264567, 

239.76, 48, 0, 0.000231532, 

239.76, 49, 0, 0.00018895, 

239.76, 50, 0, 0.000144017, 

239.76, 51, 0, 0.000102801, 

239.76, 52, 0, 6.89908e-05, 

239.76, 53, 0, 4.37464e-05, 

239.76, 54, 0, 2.63652e-05, 

239.76, 55, 0, 1.5207e-05, 

239.76, 56, 0, 8.46065e-06, 

239.76, 57, 0, 4.58191e-06, 

239.76, 58, 0, 2.44153e-06, 

239.76, 59, 0, 1.29788e-06, 

239.76, 60, 0, 7.01818e-07, 

239.76, 61, 0, 3.98059e-07, 

239.76, 62, 0, 2.48946e-07, 

239.76, 63, 0, 1.84204e-07, 

239.76, 64, 0, 1.71356e-07, 

239.76, 65, 0, 2.00167e-07, 

239.76, 66, 0, 2.7596e-07, 

239.76, 67, 0, 4.18586e-07, 

239.76, 68, 0, 6.65239e-07, 

239.76, 69, 0, 1.07592e-06, 

239.76, 70, 0, 1.7402e-06, 

239.76, 71, 0, 2.78316e-06, 

239.76, 72, 0, 4.36693e-06, 

239.76, 73, 0, 6.68343e-06, 

239.76, 74, 0, 9.93411e-06, 

239.76, 75, 0, 1.42952e-05, 

239.76, 76, 0, 1.98726e-05, 

239.76, 77, 0, 2.66585e-05, 

239.76, 78, 0, 3.45042e-05, 

239.76, 79, 0, 4.31259e-05, 

239.76, 80, 0, 5.21472e-05, 

239.76, 81, 0, 6.117e-05, 

239.76, 82, 0, 6.9853e-05, 

239.76, 83, 0, 7.79721e-05, 

239.76, 84, 0, 8.5447e-05, 

239.76, 85, 0, 9.23288e-05, 

239.76, 86, 0, 9.8758e-05, 

239.76, 87, 0, 0.00010491, 

239.76, 88, 0, 0.000110939, 

239.76, 89, 0, 0.000116948, 

239.76, 90, 0, 0.000122966, 

239.76, 91, 0, 0.000128964, 

239.76, 92, 0, 0.000134894, 

239.76, 93, 0, 0.000140746, 

239.76, 94, 0, 0.000146621, 

239.76, 95, 0, 0.000152804, 

239.76, 96, 0, 0.000159842, 

239.76, 97, 0, 0.000168624, 

239.76, 98, 0, 0.000180478, 

239.76, 99, 0, 0.00019734, 

239.76, 100, 0, 0.00022202, 

239.76, 101, 0, 0.000258673, 

239.76, 102, 0, 0.000313555, 

239.76, 103, 0, 0.00039622, 

239.76, 104, 0, 0.000521346, 

239.76, 105, 0, 0.000711424, 

239.76, 106, 0, 0.00100053, 

239.76, 107, 0, 0.00143935, 

239.76, 108, 0, 0.0021012, 

239.76, 109, 0, 0.00308829, 

239.76, 110, 0, 0.00453621, 

239.76, 111, 0, 0.00661257, 

239.76, 112, 0, 0.00950362, 

239.76, 113, 0, 0.0133794, 

239.76, 114, 0, 0.0183271, 

239.76, 115, 0, 0.0242431, 

239.76, 116, 0, 0.030687, 

239.76, 117, 0, 0.03672, 

239.76, 118, 0, 0.0407925, 

239.76, 119, 0, 0.0407925, 

242.394, 0, 0, 0.0284847, 

242.394, 1, 0, 0.0284847, 

242.394, 2, 0, 0.0251776, 

242.394, 3, 0, 0.0203432, 

242.394, 4, 0, 0.0153198, 

242.394, 5, 0, 0.0108948, 

242.394, 6, 0, 0.00739048, 

242.394, 7, 0, 0.00482195, 

242.394, 8, 0, 0.00304819, 

242.394, 9, 0, 0.0018793, 

242.394, 10, 0, 0.00113685, 

242.394, 11, 0, 0.000678487, 

242.394, 12, 0, 0.000401459, 

242.394, 13, 0, 0.000236533, 

242.394, 14, 0, 0.000139304, 

242.394, 15, 0, 8.22946e-05, 

242.394, 16, 0, 4.89318e-05, 

242.394, 17, 0, 2.9392e-05, 

242.394, 18, 0, 1.79163e-05, 

242.394, 19, 0, 1.11493e-05, 

242.394, 20, 0, 7.14182e-06, 

242.394, 21, 0, 4.763e-06, 

242.394, 22, 0, 3.35793e-06, 

242.394, 23, 0, 2.55043e-06, 

242.394, 24, 0, 2.13011e-06, 

242.394, 25, 0, 1.98963e-06, 

242.394, 26, 0, 2.09235e-06, 

242.394, 27, 0, 2.46043e-06, 

242.394, 28, 0, 3.17878e-06, 

242.394, 29, 0, 4.41449e-06, 

242.394, 30, 0, 6.45434e-06, 

242.394, 31, 0, 9.76515e-06, 

242.394, 32, 0, 1.50829e-05, 

242.394, 33, 0, 2.35349e-05, 

242.394, 34, 0, 3.67905e-05, 

242.394, 35, 0, 5.72192e-05, 

242.394, 36, 0, 8.79961e-05, 

242.394, 37, 0, 0.000133044, 

242.394, 38, 0, 0.000196637, 

242.394, 39, 0, 0.000282474, 

242.394, 40, 0, 0.000392102, 

242.394, 41, 0, 0.000522843, 

242.394, 42, 0, 0.000665859, 

242.394, 43, 0, 0.000805454, 

242.394, 44, 0, 0.000920789, 

242.394, 45, 0, 0.000990494, 

242.394, 46, 0, 0.000999092, 

242.394, 47, 0, 0.000942672, 

242.394, 48, 0, 0.000830913, 

242.394, 49, 0, 0.000684171, 

242.394, 50, 0, 0.000526876, 

242.394, 51, 0, 0.000380407, 

242.394, 52, 0, 0.000258448, 

242.394, 53, 0, 0.000166024, 

242.394, 54, 0, 0.000101442, 

242.394, 55, 0, 5.937e-05, 

242.394, 56, 0, 3.35586e-05, 

242.394, 57, 0, 1.84991e-05, 

242.394, 58, 0, 1.00634e-05, 

242.394, 59, 0, 5.48571e-06, 

242.394, 60, 0, 3.06127e-06, 

242.394, 61, 0, 1.80587e-06, 

242.394, 62, 0, 1.18126e-06, 

242.394, 63, 0, 9.09597e-07, 

242.394, 64, 0, 8.62158e-07, 

242.394, 65, 0, 1.00043e-06, 

242.394, 66, 0, 1.3513e-06, 

242.394, 67, 0, 2.00476e-06, 

242.394, 68, 0, 3.12776e-06, 

242.394, 69, 0, 4.98945e-06, 

242.394, 70, 0, 7.9927e-06, 

242.394, 71, 0, 1.2702e-05, 

242.394, 72, 0, 1.98522e-05, 

242.394, 73, 0, 3.03168e-05, 

242.394, 74, 0, 4.50157e-05, 

242.394, 75, 0, 6.47537e-05, 

242.394, 76, 0, 9.00094e-05, 

242.394, 77, 0, 0.000120727, 

242.394, 78, 0, 0.000156186, 

242.394, 79, 0, 0.000195026, 

242.394, 80, 0, 0.00023545, 

242.394, 81, 0, 0.000275564, 

242.394, 82, 0, 0.000313751, 

242.394, 83, 0, 0.000348966, 

242.394, 84, 0, 0.000380857, 

242.394, 85, 0, 0.000409704, 

242.394, 86, 0, 0.000436218, 

242.394, 87, 0, 0.000461277, 

242.394, 88, 0, 0.000485675, 

242.394, 89, 0, 0.000509942, 

242.394, 90, 0, 0.000534263, 

242.394, 91, 0, 0.000558511, 

242.394, 92, 0, 0.000582393, 

242.394, 93, 0, 0.000605682, 

242.394, 94, 0, 0.000628505, 

242.394, 95, 0, 0.000651645, 

242.394, 96, 0, 0.000676812, 

242.394, 97, 0, 0.000706887, 

242.394, 98, 0, 0.00074617, 

242.394, 99, 0, 0.00080074, 

242.394, 100, 0, 0.000879047, 

242.394, 101, 0, 0.000992926, 

242.394, 102, 0, 0.00115922, 

242.394, 103, 0, 0.00140227, 

242.394, 104, 0, 0.00175743, 

242.394, 105, 0, 0.00227595, 

242.394, 106, 0, 0.00303109, 

242.394, 107, 0, 0.0041253, 

242.394, 108, 0, 0.00569724, 

242.394, 109, 0, 0.00792663, 

242.394, 110, 0, 0.0110329, 

242.394, 111, 0, 0.0152619, 

242.394, 112, 0, 0.0208534, 

242.394, 113, 0, 0.0279797, 

242.394, 114, 0, 0.0366469, 

242.394, 115, 0, 0.0465556, 

242.394, 116, 0, 0.0569264, 

242.394, 117, 0, 0.0663186, 

242.394, 118, 0, 0.0725037, 

242.394, 119, 0, 0.0725037, 

245.029, 0, 0, 0.0510583, 

245.029, 1, 0, 0.0510583, 

245.029, 2, 0, 0.0458588, 

245.029, 3, 0, 0.0380787, 

245.029, 4, 0, 0.0297288, 

245.029, 5, 0, 0.0220738, 

245.029, 6, 0, 0.0157237, 

245.029, 7, 0, 0.0108223, 

245.029, 8, 0, 0.00724252, 

245.029, 9, 0, 0.00473919, 

245.029, 10, 0, 0.00304771, 

245.029, 11, 0, 0.00193506, 

245.029, 12, 0, 0.001218, 

245.029, 13, 0, 0.000762796, 

245.029, 14, 0, 0.000476857, 

245.029, 15, 0, 0.00029847, 

245.029, 16, 0, 0.000187624, 

245.029, 17, 0, 0.000118872, 

245.029, 18, 0, 7.62439e-05, 

245.029, 19, 0, 4.97994e-05, 

245.029, 20, 0, 3.33893e-05, 

245.029, 21, 0, 2.3227e-05, 

245.029, 22, 0, 1.69954e-05, 

245.029, 23, 0, 1.32951e-05, 

245.029, 24, 0, 1.13085e-05, 

245.029, 25, 0, 1.06017e-05, 

245.029, 26, 0, 1.10176e-05, 

245.029, 27, 0, 1.26343e-05, 

245.029, 28, 0, 1.57764e-05, 

245.029, 29, 0, 2.1077e-05, 

245.029, 30, 0, 2.95968e-05, 

245.029, 31, 0, 4.30085e-05, 

245.029, 32, 0, 6.38578e-05, 

245.029, 33, 0, 9.5902e-05, 

245.029, 34, 0, 0.000144499, 

245.029, 35, 0, 0.000216967, 

245.029, 36, 0, 0.000322743, 

245.029, 37, 0, 0.000473013, 

245.029, 38, 0, 0.000679395, 

245.029, 39, 0, 0.000951172, 

245.029, 40, 0, 0.00129089, 

245.029, 41, 0, 0.00168881, 

245.029, 42, 0, 0.00211798, 

245.029, 43, 0, 0.00253265, 

245.029, 44, 0, 0.00287329, 

245.029, 45, 0, 0.00307914, 

245.029, 46, 0, 0.00310571, 

245.029, 47, 0, 0.00294052, 

245.029, 48, 0, 0.00260942, 

245.029, 49, 0, 0.0021695, 

245.029, 50, 0, 0.0016914, 

245.029, 51, 0, 0.00123917, 

245.029, 52, 0, 0.000856017, 

245.029, 53, 0, 0.000560148, 

245.029, 54, 0, 0.000349249, 

245.029, 55, 0, 0.000208968, 

245.029, 56, 0, 0.000121019, 

245.029, 57, 0, 6.85416e-05, 

245.029, 58, 0, 3.8454e-05, 

245.029, 59, 0, 2.17288e-05, 

245.029, 60, 0, 1.26507e-05, 

245.029, 61, 0, 7.83652e-06, 

245.029, 62, 0, 5.39386e-06, 

245.029, 63, 0, 4.32747e-06, 

245.029, 64, 0, 4.1737e-06, 

245.029, 65, 0, 4.80365e-06, 

245.029, 66, 0, 6.34223e-06, 

245.029, 67, 0, 9.16761e-06, 

245.029, 68, 0, 1.39701e-05, 

245.029, 69, 0, 2.18547e-05, 

245.029, 70, 0, 3.44659e-05, 

245.029, 71, 0, 5.40965e-05, 

245.029, 72, 0, 8.37145e-05, 

245.029, 73, 0, 0.000126824, 

245.029, 74, 0, 0.000187082, 

245.029, 75, 0, 0.000267629, 

245.029, 76, 0, 0.000370235, 

245.029, 77, 0, 0.000494461, 

245.029, 78, 0, 0.000637151, 

245.029, 79, 0, 0.000792564, 

245.029, 80, 0, 0.000953227, 

245.029, 81, 0, 0.00111134, 

245.029, 82, 0, 0.00126029, 

245.029, 83, 0, 0.00139585, 

245.029, 84, 0, 0.00151664, 

245.029, 85, 0, 0.00162386, 

245.029, 86, 0, 0.00172045, 

245.029, 87, 0, 0.00181007, 

245.029, 88, 0, 0.00189607, 

245.029, 89, 0, 0.00198073, 

245.029, 90, 0, 0.00206501, 

245.029, 91, 0, 0.00214854, 

245.029, 92, 0, 0.00223015, 

245.029, 93, 0, 0.00230867, 

245.029, 94, 0, 0.00238391, 

245.029, 95, 0, 0.00245769, 

245.029, 96, 0, 0.0025347, 

245.029, 97, 0, 0.00262315, 

245.029, 98, 0, 0.00273529, 

245.029, 99, 0, 0.00288797, 

245.029, 100, 0, 0.0031036, 

245.029, 101, 0, 0.00341183, 

245.029, 102, 0, 0.00385231, 

245.029, 103, 0, 0.00447876, 

245.029, 104, 0, 0.00536438, 

245.029, 105, 0, 0.00660859, 

245.029, 106, 0, 0.00834429, 

245.029, 107, 0, 0.0107445, 

245.029, 108, 0, 0.0140258, 

245.029, 109, 0, 0.0184452, 

245.029, 110, 0, 0.0242851, 

245.029, 111, 0, 0.0318218, 

245.029, 112, 0, 0.0412706, 

245.029, 113, 0, 0.0527035, 

245.029, 114, 0, 0.0659371, 

245.029, 115, 0, 0.0803897, 

245.029, 116, 0, 0.0949161, 

245.029, 117, 0, 0.107637, 

245.029, 118, 0, 0.115809, 

245.029, 119, 0, 0.115809, 

247.664, 0, 0, 0.0839646, 

247.664, 1, 0, 0.0839646, 

247.664, 2, 0, 0.0766848, 

247.664, 3, 0, 0.0655294, 

247.664, 4, 0, 0.0531459, 

247.664, 5, 0, 0.0413027, 

247.664, 6, 0, 0.0309799, 

247.664, 7, 0, 0.022558, 

247.664, 8, 0, 0.0160254, 

247.664, 9, 0, 0.0111565, 

247.664, 10, 0, 0.00764156, 

247.664, 11, 0, 0.00516803, 

247.664, 12, 0, 0.00346213, 

247.664, 13, 0, 0.00230404, 

247.664, 14, 0, 0.0015273, 

247.664, 15, 0, 0.00101111, 

247.664, 16, 0, 0.000670458, 

247.664, 17, 0, 0.000446847, 

247.664, 18, 0, 0.000300679, 

247.664, 19, 0, 0.000205481, 

247.664, 20, 0, 0.000143732, 

247.664, 21, 0, 0.000103947, 

247.664, 22, 0, 7.86868e-05, 

247.664, 23, 0, 6.32273e-05, 

247.664, 24, 0, 5.46859e-05, 

247.664, 25, 0, 5.14726e-05, 

247.664, 26, 0, 5.29789e-05, 

247.664, 27, 0, 5.94474e-05, 

247.664, 28, 0, 7.19982e-05, 

247.664, 29, 0, 9.28026e-05, 

247.664, 30, 0, 0.000125408, 

247.664, 31, 0, 0.000175221, 

247.664, 32, 0, 0.000250154, 

247.664, 33, 0, 0.000361383, 

247.664, 34, 0, 0.000524118, 

247.664, 35, 0, 0.000758118, 

247.664, 36, 0, 0.00108751, 

247.664, 37, 0, 0.00153914, 

247.664, 38, 0, 0.00213862, 

247.664, 39, 0, 0.00290311, 

247.664, 40, 0, 0.00383083, 

247.664, 41, 0, 0.00488891, 

247.664, 42, 0, 0.00600348, 

247.664, 43, 0, 0.00705826, 

247.664, 44, 0, 0.00790784, 

247.664, 45, 0, 0.00840725, 

247.664, 46, 0, 0.00845176, 

247.664, 47, 0, 0.00801248, 

247.664, 48, 0, 0.00715107, 

247.664, 49, 0, 0.00600478, 

247.664, 50, 0, 0.00474674, 

247.664, 51, 0, 0.00353879, 

247.664, 52, 0, 0.00249582, 

247.664, 53, 0, 0.00167254, 

247.664, 54, 0, 0.00107109, 

247.664, 55, 0, 0.000660205, 

247.664, 56, 0, 0.000395149, 

247.664, 57, 0, 0.000232158, 

247.664, 58, 0, 0.00013572, 

247.664, 59, 0, 8.03411e-05, 

247.664, 60, 0, 4.92825e-05, 

247.664, 61, 0, 3.22932e-05, 

247.664, 62, 0, 2.3457e-05, 

247.664, 63, 0, 1.95842e-05, 

247.664, 64, 0, 1.91777e-05, 

247.664, 65, 0, 2.18657e-05, 

247.664, 66, 0, 2.81758e-05, 

247.664, 67, 0, 3.95596e-05, 

247.664, 68, 0, 5.86097e-05, 

247.664, 69, 0, 8.94147e-05, 

247.664, 70, 0, 0.000137973, 

247.664, 71, 0, 0.000212518, 

247.664, 72, 0, 0.000323529, 

247.664, 73, 0, 0.000483132, 

247.664, 74, 0, 0.000703643, 

247.664, 75, 0, 0.000995184, 

247.664, 76, 0, 0.00136273, 

247.664, 77, 0, 0.00180335, 

247.664, 78, 0, 0.00230471, 

247.664, 79, 0, 0.00284583, 

247.664, 80, 0, 0.00340017, 

247.664, 81, 0, 0.00394055, 

247.664, 82, 0, 0.0044443, 

247.664, 83, 0, 0.00489708, 

247.664, 84, 0, 0.00529433, 

247.664, 85, 0, 0.00564026, 

247.664, 86, 0, 0.005945, 

247.664, 87, 0, 0.00622109, 

247.664, 88, 0, 0.0064801, 

247.664, 89, 0, 0.00673035, 

247.664, 90, 0, 0.0069757, 

247.664, 91, 0, 0.00721577, 

247.664, 92, 0, 0.00744734, 

247.664, 93, 0, 0.00766664, 

247.664, 94, 0, 0.00787221, 

247.664, 95, 0, 0.00806775, 

247.664, 96, 0, 0.00826443, 

247.664, 97, 0, 0.00848245, 

247.664, 98, 0, 0.00875179, 

247.664, 99, 0, 0.00911267, 

247.664, 100, 0, 0.00961628, 

247.664, 101, 0, 0.0103265, 

247.664, 102, 0, 0.0113232, 

247.664, 103, 0, 0.0127066, 

247.664, 104, 0, 0.0146036, 

247.664, 105, 0, 0.0171735, 

247.664, 106, 0, 0.0206128, 

247.664, 107, 0, 0.0251558, 

247.664, 108, 0, 0.0310688, 

247.664, 109, 0, 0.0386328, 

247.664, 110, 0, 0.0481125, 

247.664, 111, 0, 0.0597093, 

247.664, 112, 0, 0.0734969, 

247.664, 113, 0, 0.089341, 

247.664, 114, 0, 0.106805, 

247.664, 115, 0, 0.125039, 

247.664, 116, 0, 0.142657, 

247.664, 117, 0, 0.157594, 

247.664, 118, 0, 0.166965, 

247.664, 119, 0, 0.166965, 

250.299, 0, 0, 0.126822, 

250.299, 1, 0, 0.126822, 

250.299, 2, 0, 0.1178, 

250.299, 3, 0, 0.103645, 

250.299, 4, 0, 0.0873831, 

250.299, 5, 0, 0.0711376, 

250.299, 6, 0, 0.0562302, 

250.299, 7, 0, 0.0433436, 

250.299, 8, 0, 0.0326994, 

250.299, 9, 0, 0.0242205, 

250.299, 10, 0, 0.0176634, 

250.299, 11, 0, 0.0127147, 

250.299, 12, 0, 0.00905493, 

250.299, 13, 0, 0.00639382, 

250.299, 14, 0, 0.0044862, 

250.299, 15, 0, 0.00313523, 

250.299, 16, 0, 0.0021885, 

250.299, 17, 0, 0.00153123, 

250.299, 18, 0, 0.00107877, 

250.299, 19, 0, 0.000769825, 

250.299, 20, 0, 0.0005607, 

250.299, 21, 0, 0.000420755, 

250.299, 22, 0, 0.000328919, 

250.299, 23, 0, 0.000271094, 

250.299, 24, 0, 0.000238291, 

250.299, 25, 0, 0.000225364, 

250.299, 26, 0, 0.000230239, 

250.299, 27, 0, 0.00025358, 

250.299, 28, 0, 0.000298829, 

250.299, 29, 0, 0.00037261, 

250.299, 30, 0, 0.000485469, 

250.299, 31, 0, 0.000652901, 

250.299, 32, 0, 0.000896587, 

250.299, 33, 0, 0.00124562, 

250.299, 34, 0, 0.00173737, 

250.299, 35, 0, 0.0024173, 

250.299, 36, 0, 0.00333683, 

250.299, 37, 0, 0.00454783, 

250.299, 38, 0, 0.0060924, 

250.299, 39, 0, 0.00798709, 

250.299, 40, 0, 0.0102025, 

250.299, 41, 0, 0.012642, 

250.299, 42, 0, 0.0151281, 

250.299, 43, 0, 0.0174061, 

250.299, 44, 0, 0.0191757, 

250.299, 45, 0, 0.0201498, 

250.299, 46, 0, 0.0201295, 

250.299, 47, 0, 0.0190685, 

250.299, 48, 0, 0.0170991, 

250.299, 49, 0, 0.0145037, 

250.299, 50, 0, 0.011641, 

250.299, 51, 0, 0.00885472, 

250.299, 52, 0, 0.00640091, 

250.299, 53, 0, 0.00441551, 

250.299, 54, 0, 0.00292281, 

250.299, 55, 0, 0.00186979, 

250.299, 56, 0, 0.00116637, 

250.299, 57, 0, 0.000717395, 

250.299, 58, 0, 0.00044117, 

250.299, 59, 0, 0.000276062, 

250.299, 60, 0, 0.000179711, 

250.299, 61, 0, 0.000125037, 

250.299, 62, 0, 9.57884e-05, 

250.299, 63, 0, 8.29343e-05, 

250.299, 64, 0, 8.22059e-05, 

250.299, 65, 0, 9.27159e-05, 

250.299, 66, 0, 0.000116432, 

250.299, 67, 0, 0.000158324, 

250.299, 68, 0, 0.000227024, 

250.299, 69, 0, 0.000335842, 

250.299, 70, 0, 0.000503845, 

250.299, 71, 0, 0.000756528, 

250.299, 72, 0, 0.00112539, 

250.299, 73, 0, 0.00164557, 

250.299, 74, 0, 0.0023511, 

250.299, 75, 0, 0.00326762, 

250.299, 76, 0, 0.00440407, 

250.299, 77, 0, 0.00574558, 

250.299, 78, 0, 0.00725051, 

250.299, 79, 0, 0.0088538, 

250.299, 80, 0, 0.0104769, 

250.299, 81, 0, 0.0120415, 

250.299, 82, 0, 0.0134841, 

250.299, 83, 0, 0.0147652, 

250.299, 84, 0, 0.015873, 

250.299, 85, 0, 0.0168198, 

250.299, 86, 0, 0.0176344, 

250.299, 87, 0, 0.0183521, 

250.299, 88, 0, 0.0190058, 

250.299, 89, 0, 0.0196203, 

250.299, 90, 0, 0.0202085, 

250.299, 91, 0, 0.0207726, 

250.299, 92, 0, 0.0213069, 

250.299, 93, 0, 0.0218033, 

250.299, 94, 0, 0.0222583, 

250.299, 95, 0, 0.0226789, 

250.299, 96, 0, 0.0230882, 

250.299, 97, 0, 0.0235278, 

250.299, 98, 0, 0.0240592, 

250.299, 99, 0, 0.0247628, 

250.299, 100, 0, 0.0257366, 

250.299, 101, 0, 0.0270962, 

250.299, 102, 0, 0.0289759, 

250.299, 103, 0, 0.0315308, 

250.299, 104, 0, 0.0349399, 

250.299, 105, 0, 0.0394073, 

250.299, 106, 0, 0.0451597, 

250.299, 107, 0, 0.0524381, 

250.299, 108, 0, 0.0614799, 

250.299, 109, 0, 0.0724915, 

250.299, 110, 0, 0.0856101, 

250.299, 111, 0, 0.100858, 

250.299, 112, 0, 0.11809, 

250.299, 113, 0, 0.136944, 

250.299, 114, 0, 0.156784, 

250.299, 115, 0, 0.176644, 

250.299, 116, 0, 0.19514, 

250.299, 117, 0, 0.210363, 

250.299, 118, 0, 0.219713, 

250.299, 119, 0, 0.219713, 

252.933, 0, 0, 0.176585, 

252.933, 1, 0, 0.176585, 

252.933, 2, 0, 0.16673, 

252.933, 3, 0, 0.150913, 

252.933, 4, 0, 0.132115, 

252.933, 5, 0, 0.112499, 

252.933, 6, 0, 0.0935418, 

252.933, 7, 0, 0.0761695, 

252.933, 8, 0, 0.0608801, 

252.933, 9, 0, 0.0478555, 

252.933, 10, 0, 0.0370591, 

252.933, 11, 0, 0.0283174, 

252.933, 12, 0, 0.0213831, 

252.933, 13, 0, 0.0159822, 

252.933, 14, 0, 0.0118446, 

252.933, 15, 0, 0.00872288, 

252.933, 16, 0, 0.00640079, 

252.933, 17, 0, 0.00469655, 

252.933, 18, 0, 0.00346173, 

252.933, 19, 0, 0.00257825, 

252.933, 20, 0, 0.0019545, 

252.933, 21, 0, 0.00152121, 

252.933, 22, 0, 0.00122753, 

252.933, 23, 0, 0.00103746, 

252.933, 24, 0, 0.000926977, 

252.933, 25, 0, 0.000881814, 

252.933, 26, 0, 0.000895969, 

252.933, 27, 0, 0.000971025, 

252.933, 28, 0, 0.00111619, 

252.933, 29, 0, 0.00134899, 

252.933, 30, 0, 0.00169656, 

252.933, 31, 0, 0.00219714, 

252.933, 32, 0, 0.00290153, 

252.933, 33, 0, 0.00387385, 

252.933, 34, 0, 0.00519058, 

252.933, 35, 0, 0.00693692, 

252.933, 36, 0, 0.00919874, 

252.933, 37, 0, 0.0120486, 

252.933, 38, 0, 0.015525, 

252.933, 39, 0, 0.0196046, 

252.933, 40, 0, 0.0241717, 

252.933, 41, 0, 0.0289922, 

252.933, 42, 0, 0.0337035, 

252.933, 43, 0, 0.0378359, 

252.933, 44, 0, 0.040873, 

252.933, 45, 0, 0.0423499, 

252.933, 46, 0, 0.0419665, 

252.933, 47, 0, 0.0396811, 

252.933, 48, 0, 0.0357432, 

252.933, 49, 0, 0.0306478, 

252.933, 50, 0, 0.0250204, 

252.933, 51, 0, 0.0194734, 

252.933, 52, 0, 0.0144857, 

252.933, 53, 0, 0.0103383, 

252.933, 54, 0, 0.00711671, 

252.933, 55, 0, 0.00475819, 

252.933, 56, 0, 0.00311719, 

252.933, 57, 0, 0.00202313, 

252.933, 58, 0, 0.00131867, 

252.933, 59, 0, 0.000877681, 

252.933, 60, 0, 0.000608507, 

252.933, 61, 0, 0.000449463, 

252.933, 62, 0, 0.0003618, 

252.933, 63, 0, 0.000323216, 

252.933, 64, 0, 0.000323112, 

252.933, 65, 0, 0.000359819, 

252.933, 66, 0, 0.000439612, 

252.933, 67, 0, 0.000577187, 

252.933, 68, 0, 0.000797271, 

252.933, 69, 0, 0.00113683, 

252.933, 70, 0, 0.00164706, 

252.933, 71, 0, 0.00239386, 

252.933, 72, 0, 0.00345509, 

252.933, 73, 0, 0.00491301, 

252.933, 74, 0, 0.00684103, 

252.933, 75, 0, 0.00928607, 

252.933, 76, 0, 0.0122501, 

252.933, 77, 0, 0.0156766, 

252.933, 78, 0, 0.0194483, 

252.933, 79, 0, 0.0233991, 

252.933, 80, 0, 0.0273394, 

252.933, 81, 0, 0.0310883, 

252.933, 82, 0, 0.0345034, 

252.933, 83, 0, 0.0374999, 

252.933, 84, 0, 0.0400556, 

252.933, 85, 0, 0.0422019, 

252.933, 86, 0, 0.0440052, 

252.933, 87, 0, 0.0455467, 

252.933, 88, 0, 0.0469031, 

252.933, 89, 0, 0.0481337, 

252.933, 90, 0, 0.0492744, 

252.933, 91, 0, 0.0503383, 

252.933, 92, 0, 0.0513219, 

252.933, 93, 0, 0.0522154, 

252.933, 94, 0, 0.0530149, 

252.933, 95, 0, 0.0537339, 

252.933, 96, 0, 0.0544124, 

252.933, 97, 0, 0.0551211, 

252.933, 98, 0, 0.0559625, 

252.933, 99, 0, 0.0570669, 

252.933, 100, 0, 0.0585879, 

252.933, 101, 0, 0.0606968, 

252.933, 102, 0, 0.0635786, 

252.933, 103, 0, 0.0674282, 

252.933, 104, 0, 0.0724466, 

252.933, 105, 0, 0.0788358, 

252.933, 106, 0, 0.0867884, 

252.933, 107, 0, 0.0964731, 

252.933, 108, 0, 0.108013, 

252.933, 109, 0, 0.121459, 

252.933, 110, 0, 0.136762, 

252.933, 111, 0, 0.153745, 

252.933, 112, 0, 0.172081, 

252.933, 113, 0, 0.191277, 

252.933, 114, 0, 0.210658, 

252.933, 115, 0, 0.229341, 

252.933, 116, 0, 0.246189, 

252.933, 117, 0, 0.259702, 

252.933, 118, 0, 0.267857, 

252.933, 119, 0, 0.267857, 

255.568, 0, 0, 0.22796, 

255.568, 1, 0, 0.22796, 

255.568, 2, 0, 0.218492, 

255.568, 3, 0, 0.20297, 

255.568, 4, 0, 0.183912, 

255.568, 5, 0, 0.163166, 

255.568, 6, 0, 0.142083, 

255.568, 7, 0, 0.121634, 

255.568, 8, 0, 0.102488, 

255.568, 9, 0, 0.0850765, 

255.568, 10, 0, 0.0696332, 

255.568, 11, 0, 0.0562405, 

255.568, 12, 0, 0.044864, 

255.568, 13, 0, 0.0353871, 

255.568, 14, 0, 0.0276385, 

255.568, 15, 0, 0.0214166, 

255.568, 16, 0, 0.0165077, 

255.568, 17, 0, 0.0127007, 

255.568, 18, 0, 0.00979761, 

255.568, 19, 0, 0.00762078, 

255.568, 20, 0, 0.00601722, 

255.568, 21, 0, 0.0048605, 

255.568, 22, 0, 0.00405046, 

255.568, 23, 0, 0.00351171, 

255.568, 24, 0, 0.00319135, 

255.568, 25, 0, 0.00305671, 

255.568, 26, 0, 0.00309356, 

255.568, 27, 0, 0.00330515, 

255.568, 28, 0, 0.00371217, 

255.568, 29, 0, 0.0043534, 

255.568, 30, 0, 0.00528685, 

255.568, 31, 0, 0.00659042, 

255.568, 32, 0, 0.00836134, 

255.568, 33, 0, 0.010713, 

255.568, 34, 0, 0.013768, 

255.568, 35, 0, 0.0176454, 

255.568, 36, 0, 0.0224426, 

255.568, 37, 0, 0.0282086, 

255.568, 38, 0, 0.0349134, 

255.568, 39, 0, 0.0424123, 

255.568, 40, 0, 0.050415, 

255.568, 41, 0, 0.0584679, 

255.568, 42, 0, 0.0659636, 

255.568, 43, 0, 0.0721894, 

255.568, 44, 0, 0.0764209, 

255.568, 45, 0, 0.0780504, 

255.568, 46, 0, 0.0767252, 

255.568, 47, 0, 0.0724523, 

255.568, 48, 0, 0.0656309, 

255.568, 49, 0, 0.0569902, 

255.568, 50, 0, 0.0474447, 

255.568, 51, 0, 0.0379103, 

255.568, 52, 0, 0.02914, 

255.568, 53, 0, 0.0216229, 

255.568, 54, 0, 0.0155663, 

255.568, 55, 0, 0.0109435, 

255.568, 56, 0, 0.00757625, 

255.568, 57, 0, 0.00521899, 

255.568, 58, 0, 0.00362252, 

255.568, 59, 0, 0.00257137, 

255.568, 60, 0, 0.00189816, 

255.568, 61, 0, 0.00148325, 

255.568, 62, 0, 0.00124746, 

255.568, 63, 0, 0.00114343, 

255.568, 64, 0, 0.00114851, 

255.568, 65, 0, 0.00126038, 

255.568, 66, 0, 0.00149556, 

255.568, 67, 0, 0.00189045, 

255.568, 68, 0, 0.00250401, 

255.568, 69, 0, 0.00342104, 

255.568, 70, 0, 0.0047538, 

255.568, 71, 0, 0.00663949, 

255.568, 72, 0, 0.00923028, 

255.568, 73, 0, 0.012674, 

255.568, 74, 0, 0.0170858, 

255.568, 75, 0, 0.022514, 

255.568, 76, 0, 0.0289109, 

255.568, 77, 0, 0.0361161, 

255.568, 78, 0, 0.0438632, 

255.568, 79, 0, 0.0518117, 

255.568, 80, 0, 0.0595977, 

255.568, 81, 0, 0.0668921, 

255.568, 82, 0, 0.0734482, 

255.568, 83, 0, 0.0791291, 

255.568, 84, 0, 0.0839101, 

255.568, 85, 0, 0.087859, 

255.568, 86, 0, 0.0911032, 

255.568, 87, 0, 0.0937939, 

255.568, 88, 0, 0.0960749, 

255.568, 89, 0, 0.0980621, 

255.568, 90, 0, 0.0998328, 

255.568, 91, 0, 0.101427, 

255.568, 92, 0, 0.102857, 

255.568, 93, 0, 0.104121, 

255.568, 94, 0, 0.105222, 

255.568, 95, 0, 0.106186, 

255.568, 96, 0, 0.107069, 

255.568, 97, 0, 0.107968, 

255.568, 98, 0, 0.109018, 

255.568, 99, 0, 0.110388, 

255.568, 100, 0, 0.112269, 

255.568, 101, 0, 0.114867, 

255.568, 102, 0, 0.118386, 

255.568, 103, 0, 0.123024, 

255.568, 104, 0, 0.128959, 

255.568, 105, 0, 0.13634, 

255.568, 106, 0, 0.145275, 

255.568, 107, 0, 0.155816, 

255.568, 108, 0, 0.167948, 

255.568, 109, 0, 0.18157, 

255.568, 110, 0, 0.196489, 

255.568, 111, 0, 0.212417, 

255.568, 112, 0, 0.228965, 

255.568, 113, 0, 0.24566, 

255.568, 114, 0, 0.261942, 

255.568, 115, 0, 0.277154, 

255.568, 116, 0, 0.290511, 

255.568, 117, 0, 0.301003, 

255.568, 118, 0, 0.307249, 

255.568, 119, 0, 0.307249, 

258.203, 0, 0, 0.275007, 

258.203, 1, 0, 0.275007, 

258.203, 2, 0, 0.266997, 

258.203, 3, 0, 0.253607, 

258.203, 4, 0, 0.236661, 

258.203, 5, 0, 0.217469, 

258.203, 6, 0, 0.197023, 

258.203, 7, 0, 0.176105, 

258.203, 8, 0, 0.155349, 

258.203, 9, 0, 0.135275, 

258.203, 10, 0, 0.116299, 

258.203, 11, 0, 0.0987406, 

258.203, 12, 0, 0.082826, 

258.203, 13, 0, 0.0686923, 

258.203, 14, 0, 0.0563925, 

258.203, 15, 0, 0.045904, 

258.203, 16, 0, 0.0371401, 

258.203, 17, 0, 0.0299643, 

258.203, 18, 0, 0.0242066, 

258.203, 19, 0, 0.0196809, 

258.203, 20, 0, 0.0162005, 

258.203, 21, 0, 0.0135916, 

258.203, 22, 0, 0.0117031, 

258.203, 23, 0, 0.0104122, 

258.203, 24, 0, 0.00962779, 

258.203, 25, 0, 0.00929117, 

258.203, 26, 0, 0.00937594, 

258.203, 27, 0, 0.0098876, 

258.203, 28, 0, 0.0108632, 

258.203, 29, 0, 0.0123706, 

258.203, 30, 0, 0.0145074, 

258.203, 31, 0, 0.0173964, 

258.203, 32, 0, 0.0211793, 

258.203, 33, 0, 0.0260036, 

258.203, 34, 0, 0.0320048, 

258.203, 35, 0, 0.0392819, 

258.203, 36, 0, 0.0478684, 

258.203, 37, 0, 0.0576996, 

258.203, 38, 0, 0.0685807, 

258.203, 39, 0, 0.0801608, 

258.203, 40, 0, 0.0919182, 

258.203, 41, 0, 0.103167, 

258.203, 42, 0, 0.113092, 

258.203, 43, 0, 0.120823, 

258.203, 44, 0, 0.125542, 

258.203, 45, 0, 0.126612, 

258.203, 46, 0, 0.123713, 

258.203, 47, 0, 0.116932, 

258.203, 48, 0, 0.10679, 

258.203, 49, 0, 0.0941774, 

258.203, 50, 0, 0.0802104, 

258.203, 51, 0, 0.066039, 

258.203, 52, 0, 0.0526641, 

258.203, 53, 0, 0.0408074, 

258.203, 54, 0, 0.0308613, 

258.203, 55, 0, 0.0229149, 

258.203, 56, 0, 0.0168313, 

258.203, 57, 0, 0.012343, 

258.203, 58, 0, 0.00913584, 

258.203, 59, 0, 0.00691003, 

258.203, 60, 0, 0.0054127, 

258.203, 61, 0, 0.00444995, 

258.203, 62, 0, 0.00388571, 

258.203, 63, 0, 0.003635, 

258.203, 64, 0, 0.00365675, 

258.203, 65, 0, 0.0039488, 

258.203, 66, 0, 0.00454605, 

258.203, 67, 0, 0.00552153, 

258.203, 68, 0, 0.00698881, 

258.203, 69, 0, 0.00910344, 

258.203, 70, 0, 0.0120598, 

258.203, 71, 0, 0.016079, 

258.203, 72, 0, 0.0213851, 

258.203, 73, 0, 0.0281677, 

258.203, 74, 0, 0.0365354, 

258.203, 75, 0, 0.0464699, 

258.203, 76, 0, 0.0577935, 

258.203, 77, 0, 0.0701642, 

258.203, 78, 0, 0.083105, 

258.203, 79, 0, 0.0960646, 

258.203, 80, 0, 0.108497, 

258.203, 81, 0, 0.11994, 

258.203, 82, 0, 0.13007, 

258.203, 83, 0, 0.138731, 

258.203, 84, 0, 0.145924, 

258.203, 85, 0, 0.151772, 

258.203, 86, 0, 0.156479, 

258.203, 87, 0, 0.160274, 

258.203, 88, 0, 0.163376, 

258.203, 89, 0, 0.165966, 

258.203, 90, 0, 0.168174, 

258.203, 91, 0, 0.170081, 

258.203, 92, 0, 0.17173, 

258.203, 93, 0, 0.173141, 

258.203, 94, 0, 0.174336, 

258.203, 95, 0, 0.175352, 

258.203, 96, 0, 0.176254, 

258.203, 97, 0, 0.177149, 

258.203, 98, 0, 0.178177, 

258.203, 99, 0, 0.179511, 

258.203, 100, 0, 0.181341, 

258.203, 101, 0, 0.183861, 

258.203, 102, 0, 0.187257, 

258.203, 103, 0, 0.191688, 

258.203, 104, 0, 0.197282, 

258.203, 105, 0, 0.204116, 

258.203, 106, 0, 0.212216, 

258.203, 107, 0, 0.221544, 

258.203, 108, 0, 0.231996, 

258.203, 109, 0, 0.243401, 

258.203, 110, 0, 0.255529, 

258.203, 111, 0, 0.268091, 

258.203, 112, 0, 0.280761, 

258.203, 113, 0, 0.293181, 

258.203, 114, 0, 0.304973, 

258.203, 115, 0, 0.31573, 

258.203, 116, 0, 0.324984, 

258.203, 117, 0, 0.332141, 

258.203, 118, 0, 0.336359, 

258.203, 119, 0, 0.336359, 

260.837, 0, 0, 0.31321, 

260.837, 1, 0, 0.31321, 

260.837, 2, 0, 0.307212, 

260.837, 3, 0, 0.297006, 

260.837, 4, 0, 0.283726, 

260.837, 5, 0, 0.268136, 

260.837, 6, 0, 0.250798, 

260.837, 7, 0, 0.23218, 

260.837, 8, 0, 0.212708, 

260.837, 9, 0, 0.192794, 

260.837, 10, 0, 0.172849, 

260.837, 11, 0, 0.153272, 

260.837, 12, 0, 0.134444, 

260.837, 13, 0, 0.116708, 

260.837, 14, 0, 0.100353, 

260.837, 15, 0, 0.0855976, 

260.837, 16, 0, 0.0725777, 

260.837, 17, 0, 0.0613457, 

260.837, 18, 0, 0.0518758, 

260.837, 19, 0, 0.0440786, 

260.837, 20, 0, 0.0378209, 

260.837, 21, 0, 0.0329474, 

260.837, 22, 0, 0.0293011, 

260.837, 23, 0, 0.0267404, 

260.837, 24, 0, 0.0251522, 

260.837, 25, 0, 0.0244596, 

260.837, 26, 0, 0.0246268, 

260.837, 27, 0, 0.0256609, 

260.837, 28, 0, 0.0276106, 

260.837, 29, 0, 0.0305625, 

260.837, 30, 0, 0.0346336, 

260.837, 31, 0, 0.0399593, 

260.837, 32, 0, 0.0466755, 

260.837, 33, 0, 0.0548956, 

260.837, 34, 0, 0.0646824, 

260.837, 35, 0, 0.0760184, 

260.837, 36, 0, 0.088777, 

260.837, 37, 0, 0.102699, 

260.837, 38, 0, 0.117378, 

260.837, 39, 0, 0.132257, 

260.837, 40, 0, 0.14664, 

260.837, 41, 0, 0.159724, 

260.837, 42, 0, 0.170646, 

260.837, 43, 0, 0.178557, 

260.837, 44, 0, 0.182711, 

260.837, 45, 0, 0.182572, 

260.837, 46, 0, 0.177908, 

260.837, 47, 0, 0.168864, 

260.837, 48, 0, 0.15598, 

260.837, 49, 0, 0.140147, 

260.837, 50, 0, 0.122496, 

260.837, 51, 0, 0.104238, 

260.837, 52, 0, 0.0865007, 

260.837, 53, 0, 0.0701882, 

260.837, 54, 0, 0.0559007, 

260.837, 55, 0, 0.0439216, 

260.837, 56, 0, 0.034262, 

260.837, 57, 0, 0.0267396, 

260.837, 58, 0, 0.0210643, 

260.837, 59, 0, 0.016913, 

260.837, 60, 0, 0.0139822, 

260.837, 61, 0, 0.0120184, 

260.837, 62, 0, 0.0108312, 

260.837, 63, 0, 0.0102957, 

260.837, 64, 0, 0.0103504, 

260.837, 65, 0, 0.010994, 

260.837, 66, 0, 0.0122838, 

260.837, 67, 0, 0.0143345, 

260.837, 68, 0, 0.0173166, 

260.837, 69, 0, 0.0214499, 

260.837, 70, 0, 0.0269888, 

260.837, 71, 0, 0.0341948, 

260.837, 72, 0, 0.0432951, 

260.837, 73, 0, 0.0544308, 

260.837, 74, 0, 0.0676027, 

260.837, 75, 0, 0.0826298, 

260.837, 76, 0, 0.0991342, 

260.837, 77, 0, 0.116563, 

260.837, 78, 0, 0.134247, 

260.837, 79, 0, 0.151488, 

260.837, 80, 0, 0.167649, 

260.837, 81, 0, 0.182234, 

260.837, 82, 0, 0.194934, 

260.837, 83, 0, 0.205637, 

260.837, 84, 0, 0.214406, 

260.837, 85, 0, 0.221434, 

260.837, 86, 0, 0.226986, 

260.837, 87, 0, 0.231353, 

260.837, 88, 0, 0.234806, 

260.837, 89, 0, 0.237574, 

260.837, 90, 0, 0.23983, 

260.837, 91, 0, 0.241692, 

260.837, 92, 0, 0.243236, 

260.837, 93, 0, 0.244511, 

260.837, 94, 0, 0.245554, 

260.837, 95, 0, 0.246412, 

260.837, 96, 0, 0.247151, 

260.837, 97, 0, 0.247862, 

260.837, 98, 0, 0.248663, 

260.837, 99, 0, 0.249694, 

260.837, 100, 0, 0.251106, 

260.837, 101, 0, 0.253048, 

260.837, 102, 0, 0.255656, 

260.837, 103, 0, 0.259038, 

260.837, 104, 0, 0.263268, 

260.837, 105, 0, 0.268373, 

260.837, 106, 0, 0.274336, 

260.837, 107, 0, 0.281087, 

260.837, 108, 0, 0.28851, 

260.837, 109, 0, 0.296449, 

260.837, 110, 0, 0.304714, 

260.837, 111, 0, 0.313095, 

260.837, 112, 0, 0.321371, 

260.837, 113, 0, 0.32932, 

260.837, 114, 0, 0.336724, 

260.837, 115, 0, 0.343365, 

260.837, 116, 0, 0.348997, 

260.837, 117, 0, 0.353307, 

260.837, 118, 0, 0.355831, 

260.837, 119, 0, 0.355831, 

263.472, 0, 0, 0.340805, 

263.472, 1, 0, 0.340805, 

263.472, 2, 0, 0.336792, 

263.472, 3, 0, 0.329853, 

263.472, 4, 0, 0.320596, 

263.472, 5, 0, 0.309374, 

263.472, 6, 0, 0.296412, 

263.472, 7, 0, 0.281888, 

263.472, 8, 0, 0.26598, 

263.472, 9, 0, 0.248902, 

263.472, 10, 0, 0.230912, 

263.472, 11, 0, 0.212321, 

263.472, 12, 0, 0.193487, 

263.472, 13, 0, 0.1748, 

263.472, 14, 0, 0.156656, 

263.472, 15, 0, 0.139434, 

263.472, 16, 0, 0.123463, 

263.472, 17, 0, 0.109005, 

263.472, 18, 0, 0.096239, 

263.472, 19, 0, 0.0852588, 

263.472, 20, 0, 0.076083, 

263.472, 21, 0, 0.0686723, 

263.472, 22, 0, 0.0629508, 

263.472, 23, 0, 0.0588291, 

263.472, 24, 0, 0.0562237, 

263.472, 25, 0, 0.0550727, 

263.472, 26, 0, 0.0553458, 

263.472, 27, 0, 0.0570483, 

263.472, 28, 0, 0.0602197, 

263.472, 29, 0, 0.064926, 

263.472, 30, 0, 0.0712466, 

263.472, 31, 0, 0.0792546, 

263.472, 32, 0, 0.0889931, 

263.472, 33, 0, 0.100449, 

263.472, 34, 0, 0.113526, 

263.472, 35, 0, 0.128026, 

263.472, 36, 0, 0.143632, 

263.472, 37, 0, 0.15991, 

263.472, 38, 0, 0.176314, 

263.472, 39, 0, 0.192206, 

263.472, 40, 0, 0.206885, 

263.472, 41, 0, 0.219614, 

263.472, 42, 0, 0.229671, 

263.472, 43, 0, 0.236388, 

263.472, 44, 0, 0.239212, 

263.472, 45, 0, 0.237762, 

263.472, 46, 0, 0.231893, 

263.472, 47, 0, 0.221739, 

263.472, 48, 0, 0.207735, 

263.472, 49, 0, 0.190602, 

263.472, 50, 0, 0.171284, 

263.472, 51, 0, 0.15085, 

263.472, 52, 0, 0.130371, 

263.472, 53, 0, 0.110802, 

263.472, 54, 0, 0.0928902, 

263.472, 55, 0, 0.0771267, 

263.472, 56, 0, 0.0637441, 

263.472, 57, 0, 0.0527561, 

263.472, 58, 0, 0.0440191, 

263.472, 59, 0, 0.0372997, 

263.472, 60, 0, 0.0323342, 

263.472, 61, 0, 0.0288744, 

263.472, 62, 0, 0.0267172, 

263.472, 63, 0, 0.0257209, 

263.472, 64, 0, 0.0258134, 

263.472, 65, 0, 0.0269938, 

263.472, 66, 0, 0.0293313, 

263.472, 67, 0, 0.0329594, 

263.472, 68, 0, 0.0380659, 

263.472, 69, 0, 0.0448746, 

263.472, 70, 0, 0.0536158, 

263.472, 71, 0, 0.0644854, 

263.472, 72, 0, 0.0775962, 

263.472, 73, 0, 0.0929265, 

263.472, 74, 0, 0.11028, 

263.472, 75, 0, 0.129269, 

263.472, 76, 0, 0.149332, 

263.472, 77, 0, 0.169779, 

263.472, 78, 0, 0.189876, 

263.472, 79, 0, 0.208926, 

263.472, 80, 0, 0.226355, 

263.472, 81, 0, 0.241764, 

263.472, 82, 0, 0.25495, 

263.472, 83, 0, 0.265899, 

263.472, 84, 0, 0.274751, 

263.472, 85, 0, 0.281749, 

263.472, 86, 0, 0.28719, 

263.472, 87, 0, 0.291381, 

263.472, 88, 0, 0.294604, 

263.472, 89, 0, 0.297097, 

263.472, 90, 0, 0.299044, 

263.472, 91, 0, 0.300582, 

263.472, 92, 0, 0.301801, 

263.472, 93, 0, 0.302768, 

263.472, 94, 0, 0.30353, 

263.472, 95, 0, 0.304135, 

263.472, 96, 0, 0.304636, 

263.472, 97, 0, 0.305102, 

263.472, 98, 0, 0.305613, 

263.472, 99, 0, 0.306262, 

263.472, 100, 0, 0.307148, 

263.472, 101, 0, 0.308363, 

263.472, 102, 0, 0.309992, 

263.472, 103, 0, 0.312097, 

263.472, 104, 0, 0.314714, 

263.472, 105, 0, 0.31785, 

263.472, 106, 0, 0.321477, 

263.472, 107, 0, 0.32554, 

263.472, 108, 0, 0.329954, 

263.472, 109, 0, 0.334614, 

263.472, 110, 0, 0.339399, 

263.472, 111, 0, 0.344184, 

263.472, 112, 0, 0.348845, 

263.472, 113, 0, 0.353263, 

263.472, 114, 0, 0.357328, 

263.472, 115, 0, 0.360934, 

263.472, 116, 0, 0.363964, 

263.472, 117, 0, 0.366268, 

263.472, 118, 0, 0.367612, 

263.472, 119, 0, 0.367612, 

266.107, 0, 0, 0.358653, 

266.107, 1, 0, 0.358653, 

266.107, 2, 0, 0.356227, 

266.107, 3, 0, 0.351968, 

266.107, 4, 0, 0.346159, 

266.107, 5, 0, 0.338915, 

266.107, 6, 0, 0.33027, 

266.107, 7, 0, 0.320225, 

266.107, 8, 0, 0.308788, 

266.107, 9, 0, 0.296, 

266.107, 10, 0, 0.281951, 

266.107, 11, 0, 0.266797, 

266.107, 12, 0, 0.250766, 

266.107, 13, 0, 0.23415, 

266.107, 14, 0, 0.217299, 

266.107, 15, 0, 0.200594, 

266.107, 16, 0, 0.184425, 

266.107, 17, 0, 0.169161, 

266.107, 18, 0, 0.155125, 

266.107, 19, 0, 0.142577, 

266.107, 20, 0, 0.131708, 

266.107, 21, 0, 0.122641, 

266.107, 22, 0, 0.115443, 

266.107, 23, 0, 0.110139, 

266.107, 24, 0, 0.10673, 

266.107, 25, 0, 0.105208, 

266.107, 26, 0, 0.105566, 

266.107, 27, 0, 0.107805, 

266.107, 28, 0, 0.111929, 

266.107, 29, 0, 0.117939, 

266.107, 30, 0, 0.12582, 

266.107, 31, 0, 0.135521, 

266.107, 32, 0, 0.146939, 

266.107, 33, 0, 0.1599, 

266.107, 34, 0, 0.174149, 

266.107, 35, 0, 0.189344, 

266.107, 36, 0, 0.205063, 

266.107, 37, 0, 0.220821, 

266.107, 38, 0, 0.236084, 

266.107, 39, 0, 0.250299, 

266.107, 40, 0, 0.262911, 

266.107, 41, 0, 0.273388, 

266.107, 42, 0, 0.281239, 

266.107, 43, 0, 0.286031, 

266.107, 44, 0, 0.287416, 

266.107, 45, 0, 0.285153, 

266.107, 46, 0, 0.279143, 

266.107, 47, 0, 0.269455, 

266.107, 48, 0, 0.256353, 

266.107, 49, 0, 0.240298, 

266.107, 50, 0, 0.221934, 

266.107, 51, 0, 0.202043, 

266.107, 52, 0, 0.181477, 

266.107, 53, 0, 0.161078, 

266.107, 54, 0, 0.141603, 

266.107, 55, 0, 0.123661, 

266.107, 56, 0, 0.107678, 

266.107, 57, 0, 0.0938969, 

266.107, 58, 0, 0.0823996, 

266.107, 59, 0, 0.073145, 

266.107, 60, 0, 0.0660173, 

266.107, 61, 0, 0.0608702, 

266.107, 62, 0, 0.0575635, 

266.107, 63, 0, 0.0559895, 

266.107, 64, 0, 0.05609, 

266.107, 65, 0, 0.0578634, 

266.107, 66, 0, 0.061364, 

266.107, 67, 0, 0.0666925, 

266.107, 68, 0, 0.0739787, 

266.107, 69, 0, 0.0833544, 

266.107, 70, 0, 0.0949185, 

266.107, 71, 0, 0.108697, 

266.107, 72, 0, 0.124601, 

266.107, 73, 0, 0.142402, 

266.107, 74, 0, 0.161713, 

266.107, 75, 0, 0.182007, 

266.107, 76, 0, 0.202653, 

266.107, 77, 0, 0.222982, 

266.107, 78, 0, 0.242352, 

266.107, 79, 0, 0.260217, 

266.107, 80, 0, 0.27618, 

266.107, 81, 0, 0.29001, 

266.107, 82, 0, 0.301646, 

266.107, 83, 0, 0.31117, 

266.107, 84, 0, 0.318773, 

266.107, 85, 0, 0.32471, 

266.107, 86, 0, 0.329265, 

266.107, 87, 0, 0.332715, 

266.107, 88, 0, 0.33531, 

266.107, 89, 0, 0.337259, 

266.107, 90, 0, 0.338728, 

266.107, 91, 0, 0.339841, 

266.107, 92, 0, 0.340688, 

266.107, 93, 0, 0.341331, 

266.107, 94, 0, 0.341818, 

266.107, 95, 0, 0.34219, 

266.107, 96, 0, 0.342485, 

266.107, 97, 0, 0.342748, 

266.107, 98, 0, 0.343025, 

266.107, 99, 0, 0.343369, 

266.107, 100, 0, 0.343835, 

266.107, 101, 0, 0.344471, 

266.107, 102, 0, 0.345323, 

266.107, 103, 0, 0.34642, 

266.107, 104, 0, 0.34778, 

266.107, 105, 0, 0.349403, 

266.107, 106, 0, 0.351271, 

266.107, 107, 0, 0.353349, 

266.107, 108, 0, 0.355592, 

266.107, 109, 0, 0.35794, 

266.107, 110, 0, 0.360333, 

266.107, 111, 0, 0.362706, 

266.107, 112, 0, 0.364999, 

266.107, 113, 0, 0.367155, 

266.107, 114, 0, 0.369125, 

266.107, 115, 0, 0.370861, 

266.107, 116, 0, 0.372312, 

266.107, 117, 0, 0.37341, 

266.107, 118, 0, 0.37405, 

266.107, 119, 0, 0.37405, 

268.742, 0, 0, 0.369086, 

268.742, 1, 0, 0.369086, 

268.742, 2, 0, 0.367745, 

268.742, 3, 0, 0.365357, 

268.742, 4, 0, 0.362035, 

268.742, 5, 0, 0.357791, 

268.742, 6, 0, 0.352584, 

268.742, 7, 0, 0.34635, 

268.742, 8, 0, 0.339026, 

268.742, 9, 0, 0.330564, 

268.742, 10, 0, 0.320954, 

268.742, 11, 0, 0.310232, 

268.742, 12, 0, 0.298493, 

268.742, 13, 0, 0.2859, 

268.742, 14, 0, 0.272676, 

268.742, 15, 0, 0.259104, 

268.742, 16, 0, 0.245504, 

268.742, 17, 0, 0.232221, 

268.742, 18, 0, 0.219594, 

268.742, 19, 0, 0.207943, 

268.742, 20, 0, 0.197549, 

268.742, 21, 0, 0.188644, 

268.742, 22, 0, 0.18141, 

268.742, 23, 0, 0.175979, 

268.742, 24, 0, 0.172441, 

268.742, 25, 0, 0.170847, 

268.742, 26, 0, 0.171221, 

268.742, 27, 0, 0.173554, 

268.742, 28, 0, 0.177813, 

268.742, 29, 0, 0.183927, 

268.742, 30, 0, 0.191787, 

268.742, 31, 0, 0.201235, 

268.742, 32, 0, 0.212058, 

268.742, 33, 0, 0.223986, 

268.742, 34, 0, 0.236697, 

268.742, 35, 0, 0.249822, 

268.742, 36, 0, 0.262966, 

268.742, 37, 0, 0.275719, 

268.742, 38, 0, 0.287677, 

268.742, 39, 0, 0.298458, 

268.742, 40, 0, 0.307709, 

268.742, 41, 0, 0.315112, 

268.742, 42, 0, 0.320388, 

268.742, 43, 0, 0.323297, 

268.742, 44, 0, 0.323641, 

268.742, 45, 0, 0.321275, 

268.742, 46, 0, 0.316114, 

268.742, 47, 0, 0.308163, 

268.742, 48, 0, 0.297524, 

268.742, 49, 0, 0.284424, 

268.742, 50, 0, 0.269213, 

268.742, 51, 0, 0.252361, 

268.742, 52, 0, 0.23443, 

268.742, 53, 0, 0.216038, 

268.742, 54, 0, 0.197808, 

268.742, 55, 0, 0.180322, 

268.742, 56, 0, 0.164078, 

268.742, 57, 0, 0.149466, 

268.742, 58, 0, 0.136759, 

268.742, 59, 0, 0.126122, 

268.742, 60, 0, 0.117633, 

268.742, 61, 0, 0.111308, 

268.742, 62, 0, 0.107131, 

268.742, 63, 0, 0.105076, 

268.742, 64, 0, 0.105124, 

268.742, 65, 0, 0.107275, 

268.742, 66, 0, 0.111542, 

268.742, 67, 0, 0.117948, 

268.742, 68, 0, 0.126506, 

268.742, 69, 0, 0.137193, 

268.742, 70, 0, 0.149931, 

268.742, 71, 0, 0.164553, 

268.742, 72, 0, 0.180794, 

268.742, 73, 0, 0.19828, 

268.742, 74, 0, 0.216546, 

268.742, 75, 0, 0.23506, 

268.742, 76, 0, 0.25327, 

268.742, 77, 0, 0.270653, 

268.742, 78, 0, 0.28676, 

268.742, 79, 0, 0.301257, 

268.742, 80, 0, 0.313935, 

268.742, 81, 0, 0.324722, 

268.742, 82, 0, 0.333659, 

268.742, 83, 0, 0.34088, 

268.742, 84, 0, 0.346579, 

268.742, 85, 0, 0.350985, 

268.742, 86, 0, 0.354328, 

268.742, 87, 0, 0.356827, 

268.742, 88, 0, 0.358675, 

268.742, 89, 0, 0.360033, 

268.742, 90, 0, 0.361028, 

268.742, 91, 0, 0.361757, 

268.742, 92, 0, 0.36229, 

268.742, 93, 0, 0.36268, 

268.742, 94, 0, 0.362965, 

268.742, 95, 0, 0.363173, 

268.742, 96, 0, 0.363331, 

268.742, 97, 0, 0.363463, 

268.742, 98, 0, 0.363596, 

268.742, 99, 0, 0.363756, 

268.742, 100, 0, 0.363967, 

268.742, 101, 0, 0.364254, 

268.742, 102, 0, 0.364637, 

268.742, 103, 0, 0.36513, 

268.742, 104, 0, 0.365739, 

268.742, 105, 0, 0.366465, 

268.742, 106, 0, 0.367297, 

268.742, 107, 0, 0.36822, 

268.742, 108, 0, 0.369212, 

268.742, 109, 0, 0.370247, 

268.742, 110, 0, 0.371297, 

268.742, 111, 0, 0.372334, 

268.742, 112, 0, 0.373331, 

268.742, 113, 0, 0.374265, 

268.742, 114, 0, 0.375115, 

268.742, 115, 0, 0.375861, 

268.742, 116, 0, 0.376483, 

268.742, 117, 0, 0.376953, 

268.742, 118, 0, 0.377226, 

268.742, 119, 0, 0.377226, 

271.376, 0, 0, 0.374653, 

271.376, 1, 0, 0.374653, 

271.376, 2, 0, 0.373969, 

271.376, 3, 0, 0.372734, 

271.376, 4, 0, 0.370987, 

271.376, 5, 0, 0.368707, 

271.376, 6, 0, 0.365847, 

271.376, 7, 0, 0.36234, 

271.376, 8, 0, 0.358117, 

271.376, 9, 0, 0.353115, 

271.376, 10, 0, 0.347289, 

271.376, 11, 0, 0.340623, 

271.376, 12, 0, 0.333136, 

271.376, 13, 0, 0.324895, 

271.376, 14, 0, 0.316014, 

271.376, 15, 0, 0.306659, 

271.376, 16, 0, 0.297039, 

271.376, 17, 0, 0.287398, 

271.376, 18, 0, 0.278002, 

271.376, 19, 0, 0.269121, 

271.376, 20, 0, 0.261019, 

271.376, 21, 0, 0.253936, 

271.376, 22, 0, 0.248082, 

271.376, 23, 0, 0.243624, 

271.376, 24, 0, 0.240689, 

271.376, 25, 0, 0.239358, 

271.376, 26, 0, 0.239668, 

271.376, 27, 0, 0.241608, 

271.376, 28, 0, 0.245125, 

271.376, 29, 0, 0.250118, 

271.376, 30, 0, 0.256441, 

271.376, 31, 0, 0.263906, 

271.376, 32, 0, 0.272282, 

271.376, 33, 0, 0.281309, 

271.376, 34, 0, 0.290702, 

271.376, 35, 0, 0.300168, 

271.376, 36, 0, 0.309414, 

271.376, 37, 0, 0.318166, 

271.376, 38, 0, 0.326171, 

271.376, 39, 0, 0.333208, 

271.376, 40, 0, 0.339086, 

271.376, 41, 0, 0.343643, 

271.376, 42, 0, 0.34674, 

271.376, 43, 0, 0.348254, 

271.376, 44, 0, 0.34808, 

271.376, 45, 0, 0.346127, 

271.376, 46, 0, 0.342326, 

271.376, 47, 0, 0.33664, 

271.376, 48, 0, 0.329078, 

271.376, 49, 0, 0.319713, 

271.376, 50, 0, 0.308692, 

271.376, 51, 0, 0.296243, 

271.376, 52, 0, 0.282675, 

271.376, 53, 0, 0.268366, 

271.376, 54, 0, 0.253741, 

271.376, 55, 0, 0.239243, 

271.376, 56, 0, 0.225309, 

271.376, 57, 0, 0.212338, 

271.376, 58, 0, 0.200674, 

271.376, 59, 0, 0.190598, 

271.376, 60, 0, 0.182319, 

271.376, 61, 0, 0.17599, 

271.376, 62, 0, 0.171708, 

271.376, 63, 0, 0.169531, 

271.376, 64, 0, 0.169487, 

271.376, 65, 0, 0.171576, 

271.376, 66, 0, 0.175775, 

271.376, 67, 0, 0.182026, 

271.376, 68, 0, 0.190235, 

271.376, 69, 0, 0.200256, 

271.376, 70, 0, 0.211882, 

271.376, 71, 0, 0.224839, 

271.376, 72, 0, 0.238792, 

271.376, 73, 0, 0.253352, 

271.376, 74, 0, 0.268099, 

271.376, 75, 0, 0.282612, 

271.376, 76, 0, 0.296497, 

271.376, 77, 0, 0.309419, 

271.376, 78, 0, 0.321122, 

271.376, 79, 0, 0.331442, 

271.376, 80, 0, 0.340311, 

271.376, 81, 0, 0.347744, 

271.376, 82, 0, 0.353825, 

271.376, 83, 0, 0.358686, 

271.376, 84, 0, 0.362488, 

271.376, 85, 0, 0.365402, 

271.376, 86, 0, 0.367595, 

271.376, 87, 0, 0.369219, 

271.376, 88, 0, 0.370405, 

271.376, 89, 0, 0.371263, 

271.376, 90, 0, 0.371878, 

271.376, 91, 0, 0.372318, 

271.376, 92, 0, 0.37263, 

271.376, 93, 0, 0.37285, 

271.376, 94, 0, 0.373006, 

271.376, 95, 0, 0.373115, 

271.376, 96, 0, 0.373195, 

271.376, 97, 0, 0.373257, 

271.376, 98, 0, 0.373316, 

271.376, 99, 0, 0.373382, 

271.376, 100, 0, 0.373468, 

271.376, 101, 0, 0.373582, 

271.376, 102, 0, 0.373734, 

271.376, 103, 0, 0.373928, 

271.376, 104, 0, 0.374168, 

271.376, 105, 0, 0.374454, 

271.376, 106, 0, 0.374781, 

271.376, 107, 0, 0.375143, 

271.376, 108, 0, 0.375531, 

271.376, 109, 0, 0.375936, 

271.376, 110, 0, 0.376345, 

271.376, 111, 0, 0.376749, 

271.376, 112, 0, 0.377136, 

271.376, 113, 0, 0.377498, 

271.376, 114, 0, 0.377826, 

271.376, 115, 0, 0.378114, 

271.376, 116, 0, 0.378354, 

271.376, 117, 0, 0.378535, 

271.376, 118, 0, 0.37864, 

271.376, 119, 0, 0.37864, 

274.011, 0, 0, 0.377391, 

274.011, 1, 0, 0.377391, 

274.011, 2, 0, 0.377067, 

274.011, 3, 0, 0.376475, 

274.011, 4, 0, 0.375624, 

274.011, 5, 0, 0.374496, 

274.011, 6, 0, 0.373054, 

274.011, 7, 0, 0.371253, 

274.011, 8, 0, 0.369044, 

274.011, 9, 0, 0.36638, 

274.011, 10, 0, 0.363219, 

274.011, 11, 0, 0.359538, 

274.011, 12, 0, 0.355328, 

274.011, 13, 0, 0.350609, 

274.011, 14, 0, 0.345432, 

274.011, 15, 0, 0.339879, 

274.011, 16, 0, 0.334065, 

274.011, 17, 0, 0.328132, 

274.011, 18, 0, 0.322248, 

274.011, 19, 0, 0.316594, 

274.011, 20, 0, 0.311355, 

274.011, 21, 0, 0.30671, 

274.011, 22, 0, 0.302823, 

274.011, 23, 0, 0.299835, 

274.011, 24, 0, 0.297852, 

274.011, 25, 0, 0.296949, 

274.011, 26, 0, 0.297157, 

274.011, 27, 0, 0.298469, 

274.011, 28, 0, 0.300835, 

274.011, 29, 0, 0.304169, 

274.011, 30, 0, 0.308348, 

274.011, 31, 0, 0.313219, 

274.011, 32, 0, 0.318608, 

274.011, 33, 0, 0.324325, 

274.011, 34, 0, 0.330176, 

274.011, 35, 0, 0.335972, 

274.011, 36, 0, 0.341535, 

274.011, 37, 0, 0.346709, 

274.011, 38, 0, 0.351357, 

274.011, 39, 0, 0.355368, 

274.011, 40, 0, 0.358648, 

274.011, 41, 0, 0.361123, 

274.011, 42, 0, 0.362727, 

274.011, 43, 0, 0.363402, 

274.011, 44, 0, 0.363091, 

274.011, 45, 0, 0.361739, 

274.011, 46, 0, 0.359293, 

274.011, 47, 0, 0.35571, 

274.011, 48, 0, 0.350965, 

274.011, 49, 0, 0.34506, 

274.011, 50, 0, 0.338037, 

274.011, 51, 0, 0.329986, 

274.011, 52, 0, 0.321048, 

274.011, 53, 0, 0.311421, 

274.011, 54, 0, 0.30135, 

274.011, 55, 0, 0.291116, 

274.011, 56, 0, 0.281025, 

274.011, 57, 0, 0.271386, 

274.011, 58, 0, 0.262499, 

274.011, 59, 0, 0.254635, 

274.011, 60, 0, 0.248031, 

274.011, 61, 0, 0.242878, 

274.011, 62, 0, 0.239321, 

274.011, 63, 0, 0.237459, 

274.011, 64, 0, 0.237342, 

274.011, 65, 0, 0.238976, 

274.011, 66, 0, 0.242318, 

274.011, 67, 0, 0.24728, 

274.011, 68, 0, 0.253724, 

274.011, 69, 0, 0.261467, 

274.011, 70, 0, 0.270279, 

274.011, 71, 0, 0.279893, 

274.011, 72, 0, 0.290014, 

274.011, 73, 0, 0.300333, 

274.011, 74, 0, 0.31055, 

274.011, 75, 0, 0.320386, 

274.011, 76, 0, 0.329604, 

274.011, 77, 0, 0.338021, 

274.011, 78, 0, 0.345514, 

274.011, 79, 0, 0.352023, 

274.011, 80, 0, 0.357543, 

274.011, 81, 0, 0.362117, 

274.011, 82, 0, 0.365823, 

274.011, 83, 0, 0.368762, 

274.011, 84, 0, 0.371045, 

274.011, 85, 0, 0.372784, 

274.011, 86, 0, 0.374085, 

274.011, 87, 0, 0.375042, 

274.011, 88, 0, 0.375735, 

274.011, 89, 0, 0.37623, 

274.011, 90, 0, 0.376581, 

274.011, 91, 0, 0.376826, 

274.011, 92, 0, 0.376997, 

274.011, 93, 0, 0.377115, 

274.011, 94, 0, 0.377195, 

274.011, 95, 0, 0.37725, 

274.011, 96, 0, 0.377289, 

274.011, 97, 0, 0.377317, 

274.011, 98, 0, 0.377341, 

274.011, 99, 0, 0.377367, 

274.011, 100, 0, 0.377398, 

274.011, 101, 0, 0.377439, 

274.011, 102, 0, 0.377493, 

274.011, 103, 0, 0.377561, 

274.011, 104, 0, 0.377646, 

274.011, 105, 0, 0.377746, 

274.011, 106, 0, 0.377861, 

274.011, 107, 0, 0.377988, 

274.011, 108, 0, 0.378124, 

274.011, 109, 0, 0.378265, 

274.011, 110, 0, 0.378408, 

274.011, 111, 0, 0.378549, 

274.011, 112, 0, 0.378684, 

274.011, 113, 0, 0.378811, 

274.011, 114, 0, 0.378925, 

274.011, 115, 0, 0.379025, 

274.011, 116, 0, 0.379108, 

274.011, 117, 0, 0.379171, 

274.011, 118, 0, 0.379208, 

274.011, 119, 0, 0.379208, 

276.646, 0, 0, 0.378642, 

276.646, 1, 0, 0.378642, 

276.646, 2, 0, 0.378499, 

276.646, 3, 0, 0.378235, 

276.646, 4, 0, 0.377851, 

276.646, 5, 0, 0.377335, 

276.646, 6, 0, 0.376667, 

276.646, 7, 0, 0.37582, 

276.646, 8, 0, 0.374767, 

276.646, 9, 0, 0.373481, 

276.646, 10, 0, 0.371936, 

276.646, 11, 0, 0.370114, 

276.646, 12, 0, 0.368006, 

276.646, 13, 0, 0.365614, 

276.646, 14, 0, 0.362959, 

276.646, 15, 0, 0.360078, 

276.646, 16, 0, 0.357025, 

276.646, 17, 0, 0.353874, 

276.646, 18, 0, 0.350714, 

276.646, 19, 0, 0.347644, 

276.646, 20, 0, 0.344772, 

276.646, 21, 0, 0.342202, 

276.646, 22, 0, 0.340034, 

276.646, 23, 0, 0.338357, 

276.646, 24, 0, 0.33724, 

276.646, 25, 0, 0.336728, 

276.646, 26, 0, 0.336845, 

276.646, 27, 0, 0.337584, 

276.646, 28, 0, 0.338914, 

276.646, 29, 0, 0.340779, 

276.646, 30, 0, 0.343102, 

276.646, 31, 0, 0.345788, 

276.646, 32, 0, 0.348732, 

276.646, 33, 0, 0.351825, 

276.646, 34, 0, 0.354956, 

276.646, 35, 0, 0.358023, 

276.646, 36, 0, 0.360934, 

276.646, 37, 0, 0.363609, 

276.646, 38, 0, 0.365983, 

276.646, 39, 0, 0.368003, 

276.646, 40, 0, 0.369628, 

276.646, 41, 0, 0.370824, 

276.646, 42, 0, 0.371563, 

276.646, 43, 0, 0.371816, 

276.646, 44, 0, 0.371552, 

276.646, 45, 0, 0.370741, 

276.646, 46, 0, 0.369347, 

276.646, 47, 0, 0.367339, 

276.646, 48, 0, 0.36469, 

276.646, 49, 0, 0.361383, 

276.646, 50, 0, 0.357422, 

276.646, 51, 0, 0.352833, 

276.646, 52, 0, 0.347673, 

276.646, 53, 0, 0.342032, 

276.646, 54, 0, 0.336035, 

276.646, 55, 0, 0.329834, 

276.646, 56, 0, 0.323611, 

276.646, 57, 0, 0.317558, 

276.646, 58, 0, 0.311878, 

276.646, 59, 0, 0.306767, 

276.646, 60, 0, 0.302405, 

276.646, 61, 0, 0.298951, 

276.646, 62, 0, 0.296529, 

276.646, 63, 0, 0.295228, 

276.646, 64, 0, 0.295097, 

276.646, 65, 0, 0.296141, 

276.646, 66, 0, 0.298326, 

276.646, 67, 0, 0.301572, 

276.646, 68, 0, 0.305763, 

276.646, 69, 0, 0.310751, 

276.646, 70, 0, 0.316358, 

276.646, 71, 0, 0.32239, 

276.646, 72, 0, 0.328645, 

276.646, 73, 0, 0.334926, 

276.646, 74, 0, 0.341049, 

276.646, 75, 0, 0.346858, 

276.646, 76, 0, 0.352225, 

276.646, 77, 0, 0.357064, 

276.646, 78, 0, 0.361321, 

276.646, 79, 0, 0.364981, 

276.646, 80, 0, 0.368057, 

276.646, 81, 0, 0.370587, 

276.646, 82, 0, 0.372623, 

276.646, 83, 0, 0.374229, 

276.646, 84, 0, 0.37547, 

276.646, 85, 0, 0.376412, 

276.646, 86, 0, 0.377113, 

276.646, 87, 0, 0.377627, 

276.646, 88, 0, 0.377997, 

276.646, 89, 0, 0.378259, 

276.646, 90, 0, 0.378443, 

276.646, 91, 0, 0.378571, 

276.646, 92, 0, 0.378658, 

276.646, 93, 0, 0.378717, 

276.646, 94, 0, 0.378756, 

276.646, 95, 0, 0.378783, 

276.646, 96, 0, 0.3788, 

276.646, 97, 0, 0.378813, 

276.646, 98, 0, 0.378823, 

276.646, 99, 0, 0.378832, 

276.646, 100, 0, 0.378843, 

276.646, 101, 0, 0.378856, 

276.646, 102, 0, 0.378873, 

276.646, 103, 0, 0.378895, 

276.646, 104, 0, 0.378922, 

276.646, 105, 0, 0.378953, 

276.646, 106, 0, 0.37899, 

276.646, 107, 0, 0.37903, 

276.646, 108, 0, 0.379073, 

276.646, 109, 0, 0.379117, 

276.646, 110, 0, 0.379162, 

276.646, 111, 0, 0.379207, 

276.646, 112, 0, 0.379249, 

276.646, 113, 0, 0.379289, 

276.646, 114, 0, 0.379325, 

276.646, 115, 0, 0.379356, 

276.646, 116, 0, 0.379382, 

276.646, 117, 0, 0.379402, 

276.646, 118, 0, 0.379414, 

276.646, 119, 0, 0.379414, 

279.281, 0, 0, 0.379175, 

279.281, 1, 0, 0.379175, 

279.281, 2, 0, 0.379117, 

279.281, 3, 0, 0.379008, 

279.281, 4, 0, 0.378847, 

279.281, 5, 0, 0.37863, 

279.281, 6, 0, 0.378345, 

279.281, 7, 0, 0.37798, 

279.281, 8, 0, 0.377522, 

279.281, 9, 0, 0.376958, 

279.281, 10, 0, 0.376274, 

279.281, 11, 0, 0.375462, 

279.281, 12, 0, 0.374514, 

279.281, 13, 0, 0.373431, 

279.281, 14, 0, 0.37222, 

279.281, 15, 0, 0.370896, 

279.281, 16, 0, 0.369484, 

279.281, 17, 0, 0.368016, 

279.281, 18, 0, 0.366533, 

279.281, 19, 0, 0.365084, 

279.281, 20, 0, 0.36372, 

279.281, 21, 0, 0.362494, 

279.281, 22, 0, 0.361454, 

279.281, 23, 0, 0.360647, 

279.281, 24, 0, 0.360107, 

279.281, 25, 0, 0.35986, 

279.281, 26, 0, 0.359915, 

279.281, 27, 0, 0.360272, 

279.281, 28, 0, 0.360913, 

279.281, 29, 0, 0.361808, 

279.281, 30, 0, 0.36292, 

279.281, 31, 0, 0.364199, 

279.281, 32, 0, 0.365594, 

279.281, 33, 0, 0.36705, 

279.281, 34, 0, 0.368515, 

279.281, 35, 0, 0.369941, 

279.281, 36, 0, 0.371284, 

279.281, 37, 0, 0.372509, 

279.281, 38, 0, 0.373586, 

279.281, 39, 0, 0.374494, 

279.281, 40, 0, 0.375214, 

279.281, 41, 0, 0.375732, 

279.281, 42, 0, 0.376035, 

279.281, 43, 0, 0.376109, 

279.281, 44, 0, 0.37594, 

279.281, 45, 0, 0.37551, 

279.281, 46, 0, 0.374801, 

279.281, 47, 0, 0.373793, 

279.281, 48, 0, 0.372467, 

279.281, 49, 0, 0.370812, 

279.281, 50, 0, 0.368819, 

279.281, 51, 0, 0.366496, 

279.281, 52, 0, 0.363863, 

279.281, 53, 0, 0.360956, 

279.281, 54, 0, 0.357834, 

279.281, 55, 0, 0.354569, 

279.281, 56, 0, 0.351254, 

279.281, 57, 0, 0.347991, 

279.281, 58, 0, 0.344894, 

279.281, 59, 0, 0.342076, 

279.281, 60, 0, 0.339645, 

279.281, 61, 0, 0.337699, 

279.281, 62, 0, 0.336318, 

279.281, 63, 0, 0.335561, 

279.281, 64, 0, 0.335459, 

279.281, 65, 0, 0.336019, 

279.281, 66, 0, 0.337218, 

279.281, 67, 0, 0.339005, 

279.281, 68, 0, 0.341309, 

279.281, 69, 0, 0.344037, 

279.281, 70, 0, 0.347082, 

279.281, 71, 0, 0.350331, 

279.281, 72, 0, 0.35367, 

279.281, 73, 0, 0.356992, 

279.281, 74, 0, 0.360201, 

279.281, 75, 0, 0.363217, 

279.281, 76, 0, 0.36598, 

279.281, 77, 0, 0.368452, 

279.281, 78, 0, 0.370611, 

279.281, 79, 0, 0.372456, 

279.281, 80, 0, 0.373997, 

279.281, 81, 0, 0.375259, 

279.281, 82, 0, 0.37627, 

279.281, 83, 0, 0.377065, 

279.281, 84, 0, 0.377678, 

279.281, 85, 0, 0.378142, 

279.281, 86, 0, 0.378486, 

279.281, 87, 0, 0.378737, 

279.281, 88, 0, 0.378918, 

279.281, 89, 0, 0.379045, 

279.281, 90, 0, 0.379134, 

279.281, 91, 0, 0.379195, 

279.281, 92, 0, 0.379236, 

279.281, 93, 0, 0.379264, 

279.281, 94, 0, 0.379282, 

279.281, 95, 0, 0.379294, 

279.281, 96, 0, 0.379302, 

279.281, 97, 0, 0.379307, 

279.281, 98, 0, 0.379311, 

279.281, 99, 0, 0.379314, 

279.281, 100, 0, 0.379318, 

279.281, 101, 0, 0.379322, 

279.281, 102, 0, 0.379327, 

279.281, 103, 0, 0.379333, 

279.281, 104, 0, 0.379341, 

279.281, 105, 0, 0.37935, 

279.281, 106, 0, 0.37936, 

279.281, 107, 0, 0.379372, 

279.281, 108, 0, 0.379384, 

279.281, 109, 0, 0.379397, 

279.281, 110, 0, 0.379409, 

279.281, 111, 0, 0.379422, 

279.281, 112, 0, 0.379434, 

279.281, 113, 0, 0.379446, 

279.281, 114, 0, 0.379456, 

279.281, 115, 0, 0.379465, 

279.281, 116, 0, 0.379472, 

279.281, 117, 0, 0.379478, 

279.281, 118, 0, 0.379481, 

279.281, 119, 0, 0.379481, 

281.915, 0, 0, 0.379388, 

281.915, 1, 0, 0.379388, 

281.915, 2, 0, 0.379366, 

281.915, 3, 0, 0.379324, 

281.915, 4, 0, 0.379263, 

281.915, 5, 0, 0.379178, 

281.915, 6, 0, 0.379067, 

281.915, 7, 0, 0.378923, 

281.915, 8, 0, 0.378741, 

281.915, 9, 0, 0.378516, 

281.915, 10, 0, 0.378242, 

281.915, 11, 0, 0.377914, 

281.915, 12, 0, 0.37753, 

281.915, 13, 0, 0.377089, 

281.915, 14, 0, 0.376594, 

281.915, 15, 0, 0.37605, 

281.915, 16, 0, 0.375468, 

281.915, 17, 0, 0.37486, 

281.915, 18, 0, 0.374244, 

281.915, 19, 0, 0.37364, 

281.915, 20, 0, 0.37307, 

281.915, 21, 0, 0.372555, 

281.915, 22, 0, 0.372118, 

281.915, 23, 0, 0.371778, 

281.915, 24, 0, 0.37155, 

281.915, 25, 0, 0.371445, 

281.915, 26, 0, 0.371469, 

281.915, 27, 0, 0.371619, 

281.915, 28, 0, 0.371889, 

281.915, 29, 0, 0.372266, 

281.915, 30, 0, 0.372732, 

281.915, 31, 0, 0.373268, 

281.915, 32, 0, 0.373851, 

281.915, 33, 0, 0.374457, 

281.915, 34, 0, 0.375065, 

281.915, 35, 0, 0.375653, 

281.915, 36, 0, 0.376206, 

281.915, 37, 0, 0.376707, 

281.915, 38, 0, 0.377145, 

281.915, 39, 0, 0.377511, 

281.915, 40, 0, 0.377798, 

281.915, 41, 0, 0.377999, 

281.915, 42, 0, 0.378109, 

281.915, 43, 0, 0.378123, 

281.915, 44, 0, 0.378032, 

281.915, 45, 0, 0.377829, 

281.915, 46, 0, 0.377504, 

281.915, 47, 0, 0.377048, 

281.915, 48, 0, 0.376451, 

281.915, 49, 0, 0.375706, 

281.915, 50, 0, 0.374807, 

281.915, 51, 0, 0.373755, 

281.915, 52, 0, 0.372556, 

281.915, 53, 0, 0.371226, 

281.915, 54, 0, 0.369788, 

281.915, 55, 0, 0.368274, 

281.915, 56, 0, 0.366726, 

281.915, 57, 0, 0.365192, 

281.915, 58, 0, 0.363724, 

281.915, 59, 0, 0.36238, 

281.915, 60, 0, 0.361212, 

281.915, 61, 0, 0.36027, 

281.915, 62, 0, 0.359595, 

281.915, 63, 0, 0.359219, 

281.915, 64, 0, 0.359158, 

281.915, 65, 0, 0.359416, 

281.915, 66, 0, 0.359981, 

281.915, 67, 0, 0.360829, 

281.915, 68, 0, 0.361922, 

281.915, 69, 0, 0.363213, 

281.915, 70, 0, 0.364651, 

281.915, 71, 0, 0.366178, 

281.915, 72, 0, 0.36774, 

281.915, 73, 0, 0.369286, 

281.915, 74, 0, 0.370773, 

281.915, 75, 0, 0.372163, 

281.915, 76, 0, 0.373431, 

281.915, 77, 0, 0.37456, 

281.915, 78, 0, 0.375542, 

281.915, 79, 0, 0.376378, 

281.915, 80, 0, 0.377075, 

281.915, 81, 0, 0.377644, 

281.915, 82, 0, 0.378099, 

281.915, 83, 0, 0.378456, 

281.915, 84, 0, 0.37873, 

281.915, 85, 0, 0.378938, 

281.915, 86, 0, 0.379092, 

281.915, 87, 0, 0.379204, 

281.915, 88, 0, 0.379284, 

281.915, 89, 0, 0.379341, 

281.915, 90, 0, 0.37938, 

281.915, 91, 0, 0.379407, 

281.915, 92, 0, 0.379425, 

281.915, 93, 0, 0.379437, 

281.915, 94, 0, 0.379444, 

281.915, 95, 0, 0.37945, 

281.915, 96, 0, 0.379453, 

281.915, 97, 0, 0.379455, 

281.915, 98, 0, 0.379456, 

281.915, 99, 0, 0.379458, 

281.915, 100, 0, 0.379459, 

281.915, 101, 0, 0.37946, 

281.915, 102, 0, 0.379461, 

281.915, 103, 0, 0.379463, 

281.915, 104, 0, 0.379465, 

281.915, 105, 0, 0.379467, 

281.915, 106, 0, 0.37947, 

281.915, 107, 0, 0.379473, 

281.915, 108, 0, 0.379476, 

281.915, 109, 0, 0.379479, 

281.915, 110, 0, 0.379483, 

281.915, 111, 0, 0.379486, 

281.915, 112, 0, 0.379489, 

281.915, 113, 0, 0.379492, 

281.915, 114, 0, 0.379494, 

281.915, 115, 0, 0.379497, 

281.915, 116, 0, 0.379499, 

281.915, 117, 0, 0.3795, 

281.915, 118, 0, 0.379501, 

281.915, 119, 0, 0.379501, 

284.55, 0, 0, 0.379468, 

284.55, 1, 0, 0.379468, 

284.55, 2, 0, 0.37946, 

284.55, 3, 0, 0.379445, 

284.55, 4, 0, 0.379423, 

284.55, 5, 0, 0.379393, 

284.55, 6, 0, 0.379353, 

284.55, 7, 0, 0.379302, 

284.55, 8, 0, 0.379236, 

284.55, 9, 0, 0.379154, 

284.55, 10, 0, 0.379054, 

284.55, 11, 0, 0.378935, 

284.55, 12, 0, 0.378794, 

284.55, 13, 0, 0.378632, 

284.55, 14, 0, 0.378449, 

284.55, 15, 0, 0.378249, 

284.55, 16, 0, 0.378033, 

284.55, 17, 0, 0.377808, 

284.55, 18, 0, 0.377579, 

284.55, 19, 0, 0.377354, 

284.55, 20, 0, 0.377142, 

284.55, 21, 0, 0.37695, 

284.55, 22, 0, 0.376786, 

284.55, 23, 0, 0.376659, 

284.55, 24, 0, 0.376573, 

284.55, 25, 0, 0.376534, 

284.55, 26, 0, 0.376543, 

284.55, 27, 0, 0.376599, 

284.55, 28, 0, 0.3767, 

284.55, 29, 0, 0.376841, 

284.55, 30, 0, 0.377015, 

284.55, 31, 0, 0.377215, 

284.55, 32, 0, 0.377432, 

284.55, 33, 0, 0.377657, 

284.55, 34, 0, 0.377883, 

284.55, 35, 0, 0.378101, 

284.55, 36, 0, 0.378304, 

284.55, 37, 0, 0.378489, 

284.55, 38, 0, 0.378649, 

284.55, 39, 0, 0.378782, 

284.55, 40, 0, 0.378885, 

284.55, 41, 0, 0.378955, 

284.55, 42, 0, 0.378991, 

284.55, 43, 0, 0.378989, 

284.55, 44, 0, 0.378946, 

284.55, 45, 0, 0.37886, 

284.55, 46, 0, 0.378726, 

284.55, 47, 0, 0.37854, 

284.55, 48, 0, 0.378297, 

284.55, 49, 0, 0.377994, 

284.55, 50, 0, 0.377628, 

284.55, 51, 0, 0.3772, 

284.55, 52, 0, 0.37671, 

284.55, 53, 0, 0.376165, 

284.55, 54, 0, 0.375574, 

284.55, 55, 0, 0.374949, 

284.55, 56, 0, 0.374307, 

284.55, 57, 0, 0.373668, 

284.55, 58, 0, 0.373054, 

284.55, 59, 0, 0.37249, 

284.55, 60, 0, 0.371997, 

284.55, 61, 0, 0.371598, 

284.55, 62, 0, 0.37131, 

284.55, 63, 0, 0.371147, 

284.55, 64, 0, 0.371117, 

284.55, 65, 0, 0.371221, 

284.55, 66, 0, 0.371455, 

284.55, 67, 0, 0.371808, 

284.55, 68, 0, 0.372264, 

284.55, 69, 0, 0.372803, 

284.55, 70, 0, 0.373402, 

284.55, 71, 0, 0.374037, 

284.55, 72, 0, 0.374685, 

284.55, 73, 0, 0.375326, 

284.55, 74, 0, 0.37594, 

284.55, 75, 0, 0.376513, 

284.55, 76, 0, 0.377035, 

284.55, 77, 0, 0.377498, 

284.55, 78, 0, 0.377901, 

284.55, 79, 0, 0.378243, 

284.55, 80, 0, 0.378527, 

284.55, 81, 0, 0.378759, 

284.55, 82, 0, 0.378945, 

284.55, 83, 0, 0.37909, 

284.55, 84, 0, 0.379202, 

284.55, 85, 0, 0.379286, 

284.55, 86, 0, 0.379348, 

284.55, 87, 0, 0.379394, 

284.55, 88, 0, 0.379426, 

284.55, 89, 0, 0.379449, 

284.55, 90, 0, 0.379465, 

284.55, 91, 0, 0.379476, 

284.55, 92, 0, 0.379483, 

284.55, 93, 0, 0.379488, 

284.55, 94, 0, 0.379491, 

284.55, 95, 0, 0.379493, 

284.55, 96, 0, 0.379494, 

284.55, 97, 0, 0.379495, 

284.55, 98, 0, 0.379496, 

284.55, 99, 0, 0.379496, 

284.55, 100, 0, 0.379496, 

284.55, 101, 0, 0.379497, 

284.55, 102, 0, 0.379497, 

284.55, 103, 0, 0.379497, 

284.55, 104, 0, 0.379498, 

284.55, 105, 0, 0.379498, 

284.55, 106, 0, 0.379499, 

284.55, 107, 0, 0.3795, 

284.55, 108, 0, 0.3795, 

284.55, 109, 0, 0.379501, 

284.55, 110, 0, 0.379502, 

284.55, 111, 0, 0.379503, 

284.55, 112, 0, 0.379504, 

284.55, 113, 0, 0.379504, 

284.55, 114, 0, 0.379505, 

284.55, 115, 0, 0.379505, 

284.55, 116, 0, 0.379506, 

284.55, 117, 0, 0.379506, 

284.55, 118, 0, 0.379506, 

284.55, 119, 0, 0.379506, 

287.185, 0, 0, 0.379495, 

287.185, 1, 0, 0.379495, 

287.185, 2, 0, 0.379493, 

287.185, 3, 0, 0.379488, 

287.185, 4, 0, 0.379481, 

287.185, 5, 0, 0.379471, 

287.185, 6, 0, 0.379458, 

287.185, 7, 0, 0.379441, 

287.185, 8, 0, 0.37942, 

287.185, 9, 0, 0.379393, 

287.185, 10, 0, 0.37936, 

287.185, 11, 0, 0.37932, 

287.185, 12, 0, 0.379273, 

287.185, 13, 0, 0.37922, 

287.185, 14, 0, 0.379159, 

287.185, 15, 0, 0.379092, 

287.185, 16, 0, 0.37902, 

287.185, 17, 0, 0.378945, 

287.185, 18, 0, 0.378868, 

287.185, 19, 0, 0.378793, 

287.185, 20, 0, 0.378722, 

287.185, 21, 0, 0.378658, 

287.185, 22, 0, 0.378603, 

287.185, 23, 0, 0.37856, 

287.185, 24, 0, 0.378532, 

287.185, 25, 0, 0.378518, 

287.185, 26, 0, 0.378521, 

287.185, 27, 0, 0.37854, 

287.185, 28, 0, 0.378574, 

287.185, 29, 0, 0.378621, 

287.185, 30, 0, 0.37868, 

287.185, 31, 0, 0.378746, 

287.185, 32, 0, 0.378819, 

287.185, 33, 0, 0.378894, 

287.185, 34, 0, 0.37897, 

287.185, 35, 0, 0.379042, 

287.185, 36, 0, 0.37911, 

287.185, 37, 0, 0.379171, 

287.185, 38, 0, 0.379224, 

287.185, 39, 0, 0.379267, 

287.185, 40, 0, 0.379301, 

287.185, 41, 0, 0.379323, 

287.185, 42, 0, 0.379333, 

287.185, 43, 0, 0.379329, 

287.185, 44, 0, 0.379312, 

287.185, 45, 0, 0.379279, 

287.185, 46, 0, 0.379229, 

287.185, 47, 0, 0.37916, 

287.185, 48, 0, 0.37907, 

287.185, 49, 0, 0.378959, 

287.185, 50, 0, 0.378825, 

287.185, 51, 0, 0.378667, 

287.185, 52, 0, 0.378487, 

287.185, 53, 0, 0.378286, 

287.185, 54, 0, 0.378067, 

287.185, 55, 0, 0.377835, 

287.185, 56, 0, 0.377597, 

287.185, 57, 0, 0.377359, 

287.185, 58, 0, 0.37713, 

287.185, 59, 0, 0.376919, 

287.185, 60, 0, 0.376734, 

287.185, 61, 0, 0.376584, 

287.185, 62, 0, 0.376475, 

287.185, 63, 0, 0.376413, 

287.185, 64, 0, 0.3764, 

287.185, 65, 0, 0.376438, 

287.185, 66, 0, 0.376524, 

287.185, 67, 0, 0.376655, 

287.185, 68, 0, 0.376825, 

287.185, 69, 0, 0.377025, 

287.185, 70, 0, 0.377248, 

287.185, 71, 0, 0.377484, 

287.185, 72, 0, 0.377725, 

287.185, 73, 0, 0.377963, 

287.185, 74, 0, 0.378191, 

287.185, 75, 0, 0.378403, 

287.185, 76, 0, 0.378596, 

287.185, 77, 0, 0.378768, 

287.185, 78, 0, 0.378917, 

287.185, 79, 0, 0.379043, 

287.185, 80, 0, 0.379148, 

287.185, 81, 0, 0.379234, 

287.185, 82, 0, 0.379302, 

287.185, 83, 0, 0.379356, 

287.185, 84, 0, 0.379397, 

287.185, 85, 0, 0.379428, 

287.185, 86, 0, 0.379451, 

287.185, 87, 0, 0.379468, 

287.185, 88, 0, 0.37948, 

287.185, 89, 0, 0.379488, 

287.185, 90, 0, 0.379494, 

287.185, 91, 0, 0.379498, 

287.185, 92, 0, 0.379501, 

287.185, 93, 0, 0.379502, 

287.185, 94, 0, 0.379504, 

287.185, 95, 0, 0.379504, 

287.185, 96, 0, 0.379505, 

287.185, 97, 0, 0.379505, 

287.185, 98, 0, 0.379505, 

287.185, 99, 0, 0.379505, 

287.185, 100, 0, 0.379505, 

287.185, 101, 0, 0.379506, 

287.185, 102, 0, 0.379506, 

287.185, 103, 0, 0.379506, 

287.185, 104, 0, 0.379506, 

287.185, 105, 0, 0.379506, 

287.185, 106, 0, 0.379506, 

287.185, 107, 0, 0.379506, 

287.185, 108, 0, 0.379506, 

287.185, 109, 0, 0.379507, 

287.185, 110, 0, 0.379507, 

287.185, 111, 0, 0.379507, 

287.185, 112, 0, 0.379507, 

287.185, 113, 0, 0.379507, 

287.185, 114, 0, 0.379507, 

287.185, 115, 0, 0.379507, 

287.185, 116, 0, 0.379508, 

287.185, 117, 0, 0.379508, 

287.185, 118, 0, 0.379508, 

287.185, 119, 0, 0.379508, 

289.819, 0, 0, 0.379504, 

289.819, 1, 0, 0.379504, 

289.819, 2, 0, 0.379504, 

289.819, 3, 0, 0.379502, 

289.819, 4, 0, 0.3795, 

289.819, 5, 0, 0.379497, 

289.819, 6, 0, 0.379493, 

289.819, 7, 0, 0.379488, 

289.819, 8, 0, 0.379482, 

289.819, 9, 0, 0.379474, 

289.819, 10, 0, 0.379464, 

289.819, 11, 0, 0.379452, 

289.819, 12, 0, 0.379438, 

289.819, 13, 0, 0.379422, 

289.819, 14, 0, 0.379403, 

289.819, 15, 0, 0.379383, 

289.819, 16, 0, 0.379362, 

289.819, 17, 0, 0.379339, 

289.819, 18, 0, 0.379316, 

289.819, 19, 0, 0.379293, 

289.819, 20, 0, 0.379272, 

289.819, 21, 0, 0.379252, 

289.819, 22, 0, 0.379236, 

289.819, 23, 0, 0.379223, 

289.819, 24, 0, 0.379214, 

289.819, 25, 0, 0.37921, 

289.819, 26, 0, 0.379211, 

289.819, 27, 0, 0.379217, 

289.819, 28, 0, 0.379227, 

289.819, 29, 0, 0.379241, 

289.819, 30, 0, 0.379259, 

289.819, 31, 0, 0.379279, 

289.819, 32, 0, 0.379301, 

289.819, 33, 0, 0.379324, 

289.819, 34, 0, 0.379346, 

289.819, 35, 0, 0.379368, 

289.819, 36, 0, 0.379388, 

289.819, 37, 0, 0.379407, 

289.819, 38, 0, 0.379423, 

289.819, 39, 0, 0.379435, 

289.819, 40, 0, 0.379445, 

289.819, 41, 0, 0.379451, 

289.819, 42, 0, 0.379454, 

289.819, 43, 0, 0.379452, 

289.819, 44, 0, 0.379445, 

289.819, 45, 0, 0.379434, 

289.819, 46, 0, 0.379417, 

289.819, 47, 0, 0.379394, 

289.819, 48, 0, 0.379364, 

289.819, 49, 0, 0.379327, 

289.819, 50, 0, 0.379282, 

289.819, 51, 0, 0.37923, 

289.819, 52, 0, 0.37917, 

289.819, 53, 0, 0.379103, 

289.819, 54, 0, 0.37903, 

289.819, 55, 0, 0.378952, 

289.819, 56, 0, 0.378873, 

289.819, 57, 0, 0.378793, 

289.819, 58, 0, 0.378716, 

289.819, 59, 0, 0.378645, 

289.819, 60, 0, 0.378583, 

289.819, 61, 0, 0.378532, 

289.819, 62, 0, 0.378496, 

289.819, 63, 0, 0.378474, 

289.819, 64, 0, 0.37847, 

289.819, 65, 0, 0.378482, 

289.819, 66, 0, 0.378511, 

289.819, 67, 0, 0.378554, 

289.819, 68, 0, 0.378611, 

289.819, 69, 0, 0.378678, 

289.819, 70, 0, 0.378752, 

289.819, 71, 0, 0.378831, 

289.819, 72, 0, 0.378912, 

289.819, 73, 0, 0.378992, 

289.819, 74, 0, 0.379068, 

289.819, 75, 0, 0.379139, 

289.819, 76, 0, 0.379204, 

289.819, 77, 0, 0.379261, 

289.819, 78, 0, 0.379311, 

289.819, 79, 0, 0.379353, 

289.819, 80, 0, 0.379388, 

289.819, 81, 0, 0.379417, 

289.819, 82, 0, 0.37944, 

289.819, 83, 0, 0.379458, 

289.819, 84, 0, 0.379471, 

289.819, 85, 0, 0.379482, 

289.819, 86, 0, 0.379489, 

289.819, 87, 0, 0.379495, 

289.819, 88, 0, 0.379499, 

289.819, 89, 0, 0.379502, 

289.819, 90, 0, 0.379504, 

289.819, 91, 0, 0.379505, 

289.819, 92, 0, 0.379506, 

289.819, 93, 0, 0.379507, 

289.819, 94, 0, 0.379507, 

289.819, 95, 0, 0.379507, 

289.819, 96, 0, 0.379507, 

289.819, 97, 0, 0.379507, 

289.819, 98, 0, 0.379507, 

289.819, 99, 0, 0.379507, 

289.819, 100, 0, 0.379507, 

289.819, 101, 0, 0.379508, 

289.819, 102, 0, 0.379508, 

289.819, 103, 0, 0.379508, 

289.819, 104, 0, 0.379508, 

289.819, 105, 0, 0.379508, 

289.819, 106, 0, 0.379508, 

289.819, 107, 0, 0.379508, 

289.819, 108, 0, 0.379508, 

289.819, 109, 0, 0.379508, 

289.819, 110, 0, 0.379508, 

289.819, 111, 0, 0.379508, 

289.819, 112, 0, 0.379508, 

289.819, 113, 0, 0.379508, 

289.819, 114, 0, 0.379508, 

289.819, 115, 0, 0.379508, 

289.819, 116, 0, 0.379508, 

289.819, 117, 0, 0.379508, 

289.819, 118, 0, 0.379508, 

289.819, 119, 0, 0.379508, 

292.454, 0, 0, 0.379507, 

292.454, 1, 0, 0.379507, 

292.454, 2, 0, 0.379507, 

292.454, 3, 0, 0.379506, 

292.454, 4, 0, 0.379506, 

292.454, 5, 0, 0.379505, 

292.454, 6, 0, 0.379504, 

292.454, 7, 0, 0.379503, 

292.454, 8, 0, 0.379501, 

292.454, 9, 0, 0.379499, 

292.454, 10, 0, 0.379496, 

292.454, 11, 0, 0.379493, 

292.454, 12, 0, 0.379489, 

292.454, 13, 0, 0.379485, 

292.454, 14, 0, 0.37948, 

292.454, 15, 0, 0.379474, 

292.454, 16, 0, 0.379468, 

292.454, 17, 0, 0.379462, 

292.454, 18, 0, 0.379456, 

292.454, 19, 0, 0.37945, 

292.454, 20, 0, 0.379444, 

292.454, 21, 0, 0.379438, 

292.454, 22, 0, 0.379434, 

292.454, 23, 0, 0.37943, 

292.454, 24, 0, 0.379428, 

292.454, 25, 0, 0.379427, 

292.454, 26, 0, 0.379427, 

292.454, 27, 0, 0.379429, 

292.454, 28, 0, 0.379432, 

292.454, 29, 0, 0.379435, 

292.454, 30, 0, 0.37944, 

292.454, 31, 0, 0.379446, 

292.454, 32, 0, 0.379452, 

292.454, 33, 0, 0.379458, 

292.454, 34, 0, 0.379464, 

292.454, 35, 0, 0.37947, 

292.454, 36, 0, 0.379475, 

292.454, 37, 0, 0.37948, 

292.454, 38, 0, 0.379485, 

292.454, 39, 0, 0.379488, 

292.454, 40, 0, 0.379491, 

292.454, 41, 0, 0.379492, 

292.454, 42, 0, 0.379493, 

292.454, 43, 0, 0.379492, 

292.454, 44, 0, 0.37949, 

292.454, 45, 0, 0.379486, 

292.454, 46, 0, 0.379481, 

292.454, 47, 0, 0.379474, 

292.454, 48, 0, 0.379465, 

292.454, 49, 0, 0.379454, 

292.454, 50, 0, 0.37944, 

292.454, 51, 0, 0.379424, 

292.454, 52, 0, 0.379406, 

292.454, 53, 0, 0.379386, 

292.454, 54, 0, 0.379364, 

292.454, 55, 0, 0.379341, 

292.454, 56, 0, 0.379317, 

292.454, 57, 0, 0.379292, 

292.454, 58, 0, 0.379269, 

292.454, 59, 0, 0.379248, 

292.454, 60, 0, 0.379229, 

292.454, 61, 0, 0.379214, 

292.454, 62, 0, 0.379202, 

292.454, 63, 0, 0.379196, 

292.454, 64, 0, 0.379194, 

292.454, 65, 0, 0.379198, 

292.454, 66, 0, 0.379207, 

292.454, 67, 0, 0.37922, 

292.454, 68, 0, 0.379237, 

292.454, 69, 0, 0.379257, 

292.454, 70, 0, 0.37928, 

292.454, 71, 0, 0.379303, 

292.454, 72, 0, 0.379328, 

292.454, 73, 0, 0.379352, 

292.454, 74, 0, 0.379375, 

292.454, 75, 0, 0.379396, 

292.454, 76, 0, 0.379416, 

292.454, 77, 0, 0.379433, 

292.454, 78, 0, 0.379448, 

292.454, 79, 0, 0.379461, 

292.454, 80, 0, 0.379472, 

292.454, 81, 0, 0.37948, 

292.454, 82, 0, 0.379487, 

292.454, 83, 0, 0.379493, 

292.454, 84, 0, 0.379497, 

292.454, 85, 0, 0.3795, 

292.454, 86, 0, 0.379502, 

292.454, 87, 0, 0.379504, 

292.454, 88, 0, 0.379505, 

292.454, 89, 0, 0.379506, 

292.454, 90, 0, 0.379507, 

292.454, 91, 0, 0.379507, 

292.454, 92, 0, 0.379507, 

292.454, 93, 0, 0.379508, 

292.454, 94, 0, 0.379508, 

292.454, 95, 0, 0.379508, 

292.454, 96, 0, 0.379508, 

292.454, 97, 0, 0.379508, 

292.454, 98, 0, 0.379508, 

292.454, 99, 0, 0.379508, 

292.454, 100, 0, 0.379508, 

292.454, 101, 0, 0.379508, 

292.454, 102, 0, 0.379508, 

292.454, 103, 0, 0.379508, 

292.454, 104, 0, 0.379508, 

292.454, 105, 0, 0.379508, 

292.454, 106, 0, 0.379508, 

292.454, 107, 0, 0.379508, 

292.454, 108, 0, 0.379508, 

292.454, 109, 0, 0.379508, 

292.454, 110, 0, 0.379508, 

292.454, 111, 0, 0.379508, 

292.454, 112, 0, 0.379508, 

292.454, 113, 0, 0.379508, 

292.454, 114, 0, 0.379508, 

292.454, 115, 0, 0.379508, 

292.454, 116, 0, 0.379508, 

292.454, 117, 0, 0.379508, 

292.454, 118, 0, 0.379508, 

292.454, 119, 0, 0.379508, 

295.089, 0, 0, 0.379508, 

295.089, 1, 0, 0.379508, 

295.089, 2, 0, 0.379508, 

295.089, 3, 0, 0.379508, 

295.089, 4, 0, 0.379507, 

295.089, 5, 0, 0.379507, 

295.089, 6, 0, 0.379507, 

295.089, 7, 0, 0.379507, 

295.089, 8, 0, 0.379506, 

295.089, 9, 0, 0.379506, 

295.089, 10, 0, 0.379505, 

295.089, 11, 0, 0.379504, 

295.089, 12, 0, 0.379503, 

295.089, 13, 0, 0.379502, 

295.089, 14, 0, 0.379501, 

295.089, 15, 0, 0.3795, 

295.089, 16, 0, 0.379498, 

295.089, 17, 0, 0.379497, 

295.089, 18, 0, 0.379495, 

295.089, 19, 0, 0.379494, 

295.089, 20, 0, 0.379492, 

295.089, 21, 0, 0.379491, 

295.089, 22, 0, 0.37949, 

295.089, 23, 0, 0.379489, 

295.089, 24, 0, 0.379488, 

295.089, 25, 0, 0.379488, 

295.089, 26, 0, 0.379488, 

295.089, 27, 0, 0.379488, 

295.089, 28, 0, 0.379489, 

295.089, 29, 0, 0.37949, 

295.089, 30, 0, 0.379491, 

295.089, 31, 0, 0.379493, 

295.089, 32, 0, 0.379494, 

295.089, 33, 0, 0.379496, 

295.089, 34, 0, 0.379497, 

295.089, 35, 0, 0.379499, 

295.089, 36, 0, 0.3795, 

295.089, 37, 0, 0.379501, 

295.089, 38, 0, 0.379502, 

295.089, 39, 0, 0.379503, 

295.089, 40, 0, 0.379504, 

295.089, 41, 0, 0.379504, 

295.089, 42, 0, 0.379504, 

295.089, 43, 0, 0.379504, 

295.089, 44, 0, 0.379503, 

295.089, 45, 0, 0.379502, 

295.089, 46, 0, 0.379501, 

295.089, 47, 0, 0.379499, 

295.089, 48, 0, 0.379496, 

295.089, 49, 0, 0.379493, 

295.089, 50, 0, 0.379489, 

295.089, 51, 0, 0.379485, 

295.089, 52, 0, 0.37948, 

295.089, 53, 0, 0.379475, 

295.089, 54, 0, 0.379469, 

295.089, 55, 0, 0.379462, 

295.089, 56, 0, 0.379456, 

295.089, 57, 0, 0.379449, 

295.089, 58, 0, 0.379443, 

295.089, 59, 0, 0.379437, 

295.089, 60, 0, 0.379432, 

295.089, 61, 0, 0.379427, 

295.089, 62, 0, 0.379424, 

295.089, 63, 0, 0.379423, 

295.089, 64, 0, 0.379422, 

295.089, 65, 0, 0.379423, 

295.089, 66, 0, 0.379426, 

295.089, 67, 0, 0.379429, 

295.089, 68, 0, 0.379434, 

295.089, 69, 0, 0.379439, 

295.089, 70, 0, 0.379445, 

295.089, 71, 0, 0.379452, 

295.089, 72, 0, 0.379459, 

295.089, 73, 0, 0.379465, 

295.089, 74, 0, 0.379472, 

295.089, 75, 0, 0.379477, 

295.089, 76, 0, 0.379483, 

295.089, 77, 0, 0.379488, 

295.089, 78, 0, 0.379492, 

295.089, 79, 0, 0.379495, 

295.089, 80, 0, 0.379498, 

295.089, 81, 0, 0.3795, 

295.089, 82, 0, 0.379502, 

295.089, 83, 0, 0.379504, 

295.089, 84, 0, 0.379505, 

295.089, 85, 0, 0.379506, 

295.089, 86, 0, 0.379506, 

295.089, 87, 0, 0.379507, 

295.089, 88, 0, 0.379507, 

295.089, 89, 0, 0.379508, 

295.089, 90, 0, 0.379508, 

295.089, 91, 0, 0.379508, 

295.089, 92, 0, 0.379508, 

295.089, 93, 0, 0.379508, 

295.089, 94, 0, 0.379508, 

295.089, 95, 0, 0.379508, 

295.089, 96, 0, 0.379508, 

295.089, 97, 0, 0.379508, 

295.089, 98, 0, 0.379508, 

295.089, 99, 0, 0.379508, 

295.089, 100, 0, 0.379508, 

295.089, 101, 0, 0.379508, 

295.089, 102, 0, 0.379508, 

295.089, 103, 0, 0.379508, 

295.089, 104, 0, 0.379508, 

295.089, 105, 0, 0.379508, 

295.089, 106, 0, 0.379508, 

295.089, 107, 0, 0.379508, 

295.089, 108, 0, 0.379508, 

295.089, 109, 0, 0.379508, 

295.089, 110, 0, 0.379508, 

295.089, 111, 0, 0.379508, 

295.089, 112, 0, 0.379508, 

295.089, 113, 0, 0.379508, 

295.089, 114, 0, 0.379508, 

295.089, 115, 0, 0.379508, 

295.089, 116, 0, 0.379508, 

295.089, 117, 0, 0.379508, 

295.089, 118, 0, 0.379508, 

295.089, 119, 0, 0.379508, 

297.724, 0, 0, 0.379508, 

297.724, 1, 0, 0.379508, 

297.724, 2, 0, 0.379508, 

297.724, 3, 0, 0.379508, 

297.724, 4, 0, 0.379508, 

297.724, 5, 0, 0.379508, 

297.724, 6, 0, 0.379508, 

297.724, 7, 0, 0.379508, 

297.724, 8, 0, 0.379508, 

297.724, 9, 0, 0.379507, 

297.724, 10, 0, 0.379507, 

297.724, 11, 0, 0.379507, 

297.724, 12, 0, 0.379507, 

297.724, 13, 0, 0.379507, 

297.724, 14, 0, 0.379506, 

297.724, 15, 0, 0.379506, 

297.724, 16, 0, 0.379506, 

297.724, 17, 0, 0.379505, 

297.724, 18, 0, 0.379505, 

297.724, 19, 0, 0.379505, 

297.724, 20, 0, 0.379504, 

297.724, 21, 0, 0.379504, 

297.724, 22, 0, 0.379504, 

297.724, 23, 0, 0.379504, 

297.724, 24, 0, 0.379504, 

297.724, 25, 0, 0.379504, 

297.724, 26, 0, 0.379504, 

297.724, 27, 0, 0.379504, 

297.724, 28, 0, 0.379504, 

297.724, 29, 0, 0.379504, 

297.724, 30, 0, 0.379504, 

297.724, 31, 0, 0.379505, 

297.724, 32, 0, 0.379505, 

297.724, 33, 0, 0.379505, 

297.724, 34, 0, 0.379506, 

297.724, 35, 0, 0.379506, 

297.724, 36, 0, 0.379506, 

297.724, 37, 0, 0.379506, 

297.724, 38, 0, 0.379507, 

297.724, 39, 0, 0.379507, 

297.724, 40, 0, 0.379507, 

297.724, 41, 0, 0.379507, 

297.724, 42, 0, 0.379507, 

297.724, 43, 0, 0.379507, 

297.724, 44, 0, 0.379507, 

297.724, 45, 0, 0.379507, 

297.724, 46, 0, 0.379506, 

297.724, 47, 0, 0.379506, 

297.724, 48, 0, 0.379505, 

297.724, 49, 0, 0.379504, 

297.724, 50, 0, 0.379503, 

297.724, 51, 0, 0.379502, 

297.724, 52, 0, 0.379501, 

297.724, 53, 0, 0.3795, 

297.724, 54, 0, 0.379498, 

297.724, 55, 0, 0.379497, 

297.724, 56, 0, 0.379495, 

297.724, 57, 0, 0.379493, 

297.724, 58, 0, 0.379492, 

297.724, 59, 0, 0.37949, 

297.724, 60, 0, 0.379489, 

297.724, 61, 0, 0.379488, 

297.724, 62, 0, 0.379487, 

297.724, 63, 0, 0.379487, 

297.724, 64, 0, 0.379487, 

297.724, 65, 0, 0.379487, 

297.724, 66, 0, 0.379488, 

297.724, 67, 0, 0.379488, 

297.724, 68, 0, 0.37949, 

297.724, 69, 0, 0.379491, 

297.724, 70, 0, 0.379492, 

297.724, 71, 0, 0.379494, 

297.724, 72, 0, 0.379496, 

297.724, 73, 0, 0.379497, 

297.724, 74, 0, 0.379499, 

297.724, 75, 0, 0.3795, 

297.724, 76, 0, 0.379502, 

297.724, 77, 0, 0.379503, 

297.724, 78, 0, 0.379504, 

297.724, 79, 0, 0.379505, 

297.724, 80, 0, 0.379506, 

297.724, 81, 0, 0.379506, 

297.724, 82, 0, 0.379507, 

297.724, 83, 0, 0.379507, 

297.724, 84, 0, 0.379507, 

297.724, 85, 0, 0.379507, 

297.724, 86, 0, 0.379508, 

297.724, 87, 0, 0.379508, 

297.724, 88, 0, 0.379508, 

297.724, 89, 0, 0.379508, 

297.724, 90, 0, 0.379508, 

297.724, 91, 0, 0.379508, 

297.724, 92, 0, 0.379508, 

297.724, 93, 0, 0.379508, 

297.724, 94, 0, 0.379508, 

297.724, 95, 0, 0.379508, 

297.724, 96, 0, 0.379508, 

297.724, 97, 0, 0.379508, 

297.724, 98, 0, 0.379508, 

297.724, 99, 0, 0.379508, 

297.724, 100, 0, 0.379508, 

297.724, 101, 0, 0.379508, 

297.724, 102, 0, 0.379508, 

297.724, 103, 0, 0.379508, 

297.724, 104, 0, 0.379508, 

297.724, 105, 0, 0.379508, 

297.724, 106, 0, 0.379508, 

297.724, 107, 0, 0.379508, 

297.724, 108, 0, 0.379508, 

297.724, 109, 0, 0.379508, 

297.724, 110, 0, 0.379508, 

297.724, 111, 0, 0.379508, 

297.724, 112, 0, 0.379508, 

297.724, 113, 0, 0.379508, 

297.724, 114, 0, 0.379508, 

297.724, 115, 0, 0.379508, 

297.724, 116, 0, 0.379508, 

297.724, 117, 0, 0.379508, 

297.724, 118, 0, 0.379508, 

297.724, 119, 0, 0.379508, 

300.358, 0, 0, 0.379508, 

300.358, 1, 0, 0.379508, 

300.358, 2, 0, 0.379508, 

300.358, 3, 0, 0.379508, 

300.358, 4, 0, 0.379508, 

300.358, 5, 0, 0.379508, 

300.358, 6, 0, 0.379508, 

300.358, 7, 0, 0.379508, 

300.358, 8, 0, 0.379508, 

300.358, 9, 0, 0.379508, 

300.358, 10, 0, 0.379508, 

300.358, 11, 0, 0.379508, 

300.358, 12, 0, 0.379508, 

300.358, 13, 0, 0.379508, 

300.358, 14, 0, 0.379508, 

300.358, 15, 0, 0.379508, 

300.358, 16, 0, 0.379508, 

300.358, 17, 0, 0.379507, 

300.358, 18, 0, 0.379507, 

300.358, 19, 0, 0.379507, 

300.358, 20, 0, 0.379507, 

300.358, 21, 0, 0.379507, 

300.358, 22, 0, 0.379507, 

300.358, 23, 0, 0.379507, 

300.358, 24, 0, 0.379507, 

300.358, 25, 0, 0.379507, 

300.358, 26, 0, 0.379507, 

300.358, 27, 0, 0.379507, 

300.358, 28, 0, 0.379507, 

300.358, 29, 0, 0.379507, 

300.358, 30, 0, 0.379507, 

300.358, 31, 0, 0.379507, 

300.358, 32, 0, 0.379507, 

300.358, 33, 0, 0.379507, 

300.358, 34, 0, 0.379508, 

300.358, 35, 0, 0.379508, 

300.358, 36, 0, 0.379508, 

300.358, 37, 0, 0.379508, 

300.358, 38, 0, 0.379508, 

300.358, 39, 0, 0.379508, 

300.358, 40, 0, 0.379508, 

300.358, 41, 0, 0.379508, 

300.358, 42, 0, 0.379508, 

300.358, 43, 0, 0.379508, 

300.358, 44, 0, 0.379508, 

300.358, 45, 0, 0.379508, 

300.358, 46, 0, 0.379508, 

300.358, 47, 0, 0.379507, 

300.358, 48, 0, 0.379507, 

300.358, 49, 0, 0.379507, 

300.358, 50, 0, 0.379507, 

300.358, 51, 0, 0.379507, 

300.358, 52, 0, 0.379506, 

300.358, 53, 0, 0.379506, 

300.358, 54, 0, 0.379506, 

300.358, 55, 0, 0.379505, 

300.358, 56, 0, 0.379505, 

300.358, 57, 0, 0.379505, 

300.358, 58, 0, 0.379504, 

300.358, 59, 0, 0.379504, 

300.358, 60, 0, 0.379504, 

300.358, 61, 0, 0.379503, 

300.358, 62, 0, 0.379503, 

300.358, 63, 0, 0.379503, 

300.358, 64, 0, 0.379503, 

300.358, 65, 0, 0.379503, 

300.358, 66, 0, 0.379503, 

300.358, 67, 0, 0.379504, 

300.358, 68, 0, 0.379504, 

300.358, 69, 0, 0.379504, 

300.358, 70, 0, 0.379505, 

300.358, 71, 0, 0.379505, 

300.358, 72, 0, 0.379505, 

300.358, 73, 0, 0.379506, 

300.358, 74, 0, 0.379506, 

300.358, 75, 0, 0.379506, 

300.358, 76, 0, 0.379507, 

300.358, 77, 0, 0.379507, 

300.358, 78, 0, 0.379507, 

300.358, 79, 0, 0.379507, 

300.358, 80, 0, 0.379507, 

300.358, 81, 0, 0.379508, 

300.358, 82, 0, 0.379508, 

300.358, 83, 0, 0.379508, 

300.358, 84, 0, 0.379508, 

300.358, 85, 0, 0.379508, 

300.358, 86, 0, 0.379508, 

300.358, 87, 0, 0.379508, 

300.358, 88, 0, 0.379508, 

300.358, 89, 0, 0.379508, 

300.358, 90, 0, 0.379508, 

300.358, 91, 0, 0.379508, 

300.358, 92, 0, 0.379508, 

300.358, 93, 0, 0.379508, 

300.358, 94, 0, 0.379508, 

300.358, 95, 0, 0.379508, 

300.358, 96, 0, 0.379508, 

300.358, 97, 0, 0.379508, 

300.358, 98, 0, 0.379508, 

300.358, 99, 0, 0.379508, 

300.358, 100, 0, 0.379508, 

300.358, 101, 0, 0.379508, 

300.358, 102, 0, 0.379508, 

300.358, 103, 0, 0.379508, 

300.358, 104, 0, 0.379508, 

300.358, 105, 0, 0.379508, 

300.358, 106, 0, 0.379508, 

300.358, 107, 0, 0.379508, 

300.358, 108, 0, 0.379508, 

300.358, 109, 0, 0.379508, 

300.358, 110, 0, 0.379508, 

300.358, 111, 0, 0.379508, 

300.358, 112, 0, 0.379508, 

300.358, 113, 0, 0.379508, 

300.358, 114, 0, 0.379508, 

300.358, 115, 0, 0.379508, 

300.358, 116, 0, 0.379508, 

300.358, 117, 0, 0.379508, 

300.358, 118, 0, 0.379508, 

300.358, 119, 0, 0.379508, 

302.993, 0, 0, 0.379508, 

302.993, 1, 0, 0.379508, 

302.993, 2, 0, 0.379508, 

302.993, 3, 0, 0.379508, 

302.993, 4, 0, 0.379508, 

302.993, 5, 0, 0.379508, 

302.993, 6, 0, 0.379508, 

302.993, 7, 0, 0.379508, 

302.993, 8, 0, 0.379508, 

302.993, 9, 0, 0.379508, 

302.993, 10, 0, 0.379508, 

302.993, 11, 0, 0.379508, 

302.993, 12, 0, 0.379508, 

302.993, 13, 0, 0.379508, 

302.993, 14, 0, 0.379508, 

302.993, 15, 0, 0.379508, 

302.993, 16, 0, 0.379508, 

302.993, 17, 0, 0.379508, 

302.993, 18, 0, 0.379508, 

302.993, 19, 0, 0.379508, 

302.993, 20, 0, 0.379508, 

302.993, 21, 0, 0.379508, 

302.993, 22, 0, 0.379508, 

302.993, 23, 0, 0.379508, 

302.993, 24, 0, 0.379508, 

302.993, 25, 0, 0.379508, 

302.993, 26, 0, 0.379508, 

302.993, 27, 0, 0.379508, 

302.993, 28, 0, 0.379508, 

302.993, 29, 0, 0.379508, 

302.993, 30, 0, 0.379508, 

302.993, 31, 0, 0.379508, 

302.993, 32, 0, 0.379508, 

302.993, 33, 0, 0.379508, 

302.993, 34, 0, 0.379508, 

302.993, 35, 0, 0.379508, 

302.993, 36, 0, 0.379508, 

302.993, 37, 0, 0.379508, 

302.993, 38, 0, 0.379508, 

302.993, 39, 0, 0.379508, 

302.993, 40, 0, 0.379508, 

302.993, 41, 0, 0.379508, 

302.993, 42, 0, 0.379508, 

302.993, 43, 0, 0.379508, 

302.993, 44, 0, 0.379508, 

302.993, 45, 0, 0.379508, 

302.993, 46, 0, 0.379508, 

302.993, 47, 0, 0.379508, 

302.993, 48, 0, 0.379508, 

302.993, 49, 0, 0.379508, 

302.993, 50, 0, 0.379508, 

302.993, 51, 0, 0.379508, 

302.993, 52, 0, 0.379508, 

302.993, 53, 0, 0.379508, 

302.993, 54, 0, 0.379508, 

302.993, 55, 0, 0.379507, 

302.993, 56, 0, 0.379507, 

302.993, 57, 0, 0.379507, 

302.993, 58, 0, 0.379507, 

302.993, 59, 0, 0.379507, 

302.993, 60, 0, 0.379507, 

302.993, 61, 0, 0.379507, 

302.993, 62, 0, 0.379507, 

302.993, 63, 0, 0.379507, 

302.993, 64, 0, 0.379507, 

302.993, 65, 0, 0.379507, 

302.993, 66, 0, 0.379507, 

302.993, 67, 0, 0.379507, 

302.993, 68, 0, 0.379507, 

302.993, 69, 0, 0.379507, 

302.993, 70, 0, 0.379507, 

302.993, 71, 0, 0.379507, 

302.993, 72, 0, 0.379507, 

302.993, 73, 0, 0.379508, 

302.993, 74, 0, 0.379508, 

302.993, 75, 0, 0.379508, 

302.993, 76, 0, 0.379508, 

302.993, 77, 0, 0.379508, 

302.993, 78, 0, 0.379508, 

302.993, 79, 0, 0.379508, 

302.993, 80, 0, 0.379508, 

302.993, 81, 0, 0.379508, 

302.993, 82, 0, 0.379508, 

302.993, 83, 0, 0.379508, 

302.993, 84, 0, 0.379508, 

302.993, 85, 0, 0.379508, 

302.993, 86, 0, 0.379508, 

302.993, 87, 0, 0.379508, 

302.993, 88, 0, 0.379508, 

302.993, 89, 0, 0.379508, 

302.993, 90, 0, 0.379508, 

302.993, 91, 0, 0.379508, 

302.993, 92, 0, 0.379508, 

302.993, 93, 0, 0.379508, 

302.993, 94, 0, 0.379508, 

302.993, 95, 0, 0.379508, 

302.993, 96, 0, 0.379508, 

302.993, 97, 0, 0.379508, 

302.993, 98, 0, 0.379508, 

302.993, 99, 0, 0.379508, 

302.993, 100, 0, 0.379508, 

302.993, 101, 0, 0.379508, 

302.993, 102, 0, 0.379508, 

302.993, 103, 0, 0.379508, 

302.993, 104, 0, 0.379508, 

302.993, 105, 0, 0.379508, 

302.993, 106, 0, 0.379508, 

302.993, 107, 0, 0.379508, 

302.993, 108, 0, 0.379508, 

302.993, 109, 0, 0.379508, 

302.993, 110, 0, 0.379508, 

302.993, 111, 0, 0.379508, 

302.993, 112, 0, 0.379508, 

302.993, 113, 0, 0.379508, 

302.993, 114, 0, 0.379508, 

302.993, 115, 0, 0.379508, 

302.993, 116, 0, 0.379508, 

302.993, 117, 0, 0.379508, 

302.993, 118, 0, 0.379508, 

302.993, 119, 0, 0.379508, 

305.628, 0, 0, 0.379508, 

305.628, 1, 0, 0.379508, 

305.628, 2, 0, 0.379508, 

305.628, 3, 0, 0.379508, 

305.628, 4, 0, 0.379508, 

305.628, 5, 0, 0.379508, 

305.628, 6, 0, 0.379508, 

305.628, 7, 0, 0.379508, 

305.628, 8, 0, 0.379508, 

305.628, 9, 0, 0.379508, 

305.628, 10, 0, 0.379508, 

305.628, 11, 0, 0.379508, 

305.628, 12, 0, 0.379508, 

305.628, 13, 0, 0.379508, 

305.628, 14, 0, 0.379508, 

305.628, 15, 0, 0.379508, 

305.628, 16, 0, 0.379508, 

305.628, 17, 0, 0.379508, 

305.628, 18, 0, 0.379508, 

305.628, 19, 0, 0.379508, 

305.628, 20, 0, 0.379508, 

305.628, 21, 0, 0.379508, 

305.628, 22, 0, 0.379508, 

305.628, 23, 0, 0.379508, 

305.628, 24, 0, 0.379508, 

305.628, 25, 0, 0.379508, 

305.628, 26, 0, 0.379508, 

305.628, 27, 0, 0.379508, 

305.628, 28, 0, 0.379508, 

305.628, 29, 0, 0.379508, 

305.628, 30, 0, 0.379508, 

305.628, 31, 0, 0.379508, 

305.628, 32, 0, 0.379508, 

305.628, 33, 0, 0.379508, 

305.628, 34, 0, 0.379508, 

305.628, 35, 0, 0.379508, 

305.628, 36, 0, 0.379508, 

305.628, 37, 0, 0.379508, 

305.628, 38, 0, 0.379508, 

305.628, 39, 0, 0.379508, 

305.628, 40, 0, 0.379508, 

305.628, 41, 0, 0.379508, 

305.628, 42, 0, 0.379508, 

305.628, 43, 0, 0.379508, 

305.628, 44, 0, 0.379508, 

305.628, 45, 0, 0.379508, 

305.628, 46, 0, 0.379508, 

305.628, 47, 0, 0.379508, 

305.628, 48, 0, 0.379508, 

305.628, 49, 0, 0.379508, 

305.628, 50, 0, 0.379508, 

305.628, 51, 0, 0.379508, 

305.628, 52, 0, 0.379508, 

305.628, 53, 0, 0.379508, 

305.628, 54, 0, 0.379508, 

305.628, 55, 0, 0.379508, 

305.628, 56, 0, 0.379508, 

305.628, 57, 0, 0.379508, 

305.628, 58, 0, 0.379508, 

305.628, 59, 0, 0.379508, 

305.628, 60, 0, 0.379508, 

305.628, 61, 0, 0.379508, 

305.628, 62, 0, 0.379508, 

305.628, 63, 0, 0.379508, 

305.628, 64, 0, 0.379508, 

305.628, 65, 0, 0.379508, 

305.628, 66, 0, 0.379508, 

305.628, 67, 0, 0.379508, 

305.628, 68, 0, 0.379508, 

305.628, 69, 0, 0.379508, 

305.628, 70, 0, 0.379508, 

305.628, 71, 0, 0.379508, 

305.628, 72, 0, 0.379508, 

305.628, 73, 0, 0.379508, 

305.628, 74, 0, 0.379508, 

305.628, 75, 0, 0.379508, 

305.628, 76, 0, 0.379508, 

305.628, 77, 0, 0.379508, 

305.628, 78, 0, 0.379508, 

305.628, 79, 0, 0.379508, 

305.628, 80, 0, 0.379508, 

305.628, 81, 0, 0.379508, 

305.628, 82, 0, 0.379508, 

305.628, 83, 0, 0.379508, 

305.628, 84, 0, 0.379508, 

305.628, 85, 0, 0.379508, 

305.628, 86, 0, 0.379508, 

305.628, 87, 0, 0.379508, 

305.628, 88, 0, 0.379508, 

305.628, 89, 0, 0.379508, 

305.628, 90, 0, 0.379508, 

305.628, 91, 0, 0.379508, 

305.628, 92, 0, 0.379508, 

305.628, 93, 0, 0.379508, 

305.628, 94, 0, 0.379508, 

305.628, 95, 0, 0.379508, 

305.628, 96, 0, 0.379508, 

305.628, 97, 0, 0.379508, 

305.628, 98, 0, 0.379508, 

305.628, 99, 0, 0.379508, 

305.628, 100, 0, 0.379508, 

305.628, 101, 0, 0.379508, 

305.628, 102, 0, 0.379508, 

305.628, 103, 0, 0.379508, 

305.628, 104, 0, 0.379508, 

305.628, 105, 0, 0.379508, 

305.628, 106, 0, 0.379508, 

305.628, 107, 0, 0.379508, 

305.628, 108, 0, 0.379508, 

305.628, 109, 0, 0.379508, 

305.628, 110, 0, 0.379508, 

305.628, 111, 0, 0.379508, 

305.628, 112, 0, 0.379508, 

305.628, 113, 0, 0.379508, 

305.628, 114, 0, 0.379508, 

305.628, 115, 0, 0.379508, 

305.628, 116, 0, 0.379508, 

305.628, 117, 0, 0.379508, 

305.628, 118, 0, 0.379508, 

305.628, 119, 0, 0.379508, 

308.262, 0, 0, 0.379508, 

308.262, 1, 0, 0.379508, 

308.262, 2, 0, 0.379508, 

308.262, 3, 0, 0.379508, 

308.262, 4, 0, 0.379508, 

308.262, 5, 0, 0.379508, 

308.262, 6, 0, 0.379508, 

308.262, 7, 0, 0.379508, 

308.262, 8, 0, 0.379508, 

308.262, 9, 0, 0.379508, 

308.262, 10, 0, 0.379508, 

308.262, 11, 0, 0.379508, 

308.262, 12, 0, 0.379508, 

308.262, 13, 0, 0.379508, 

308.262, 14, 0, 0.379508, 

308.262, 15, 0, 0.379508, 

308.262, 16, 0, 0.379508, 

308.262, 17, 0, 0.379508, 

308.262, 18, 0, 0.379508, 

308.262, 19, 0, 0.379508, 

308.262, 20, 0, 0.379508, 

308.262, 21, 0, 0.379508, 

308.262, 22, 0, 0.379508, 

308.262, 23, 0, 0.379508, 

308.262, 24, 0, 0.379508, 

308.262, 25, 0, 0.379508, 

308.262, 26, 0, 0.379508, 

308.262, 27, 0, 0.379508, 

308.262, 28, 0, 0.379508, 

308.262, 29, 0, 0.379508, 

308.262, 30, 0, 0.379508, 

308.262, 31, 0, 0.379508, 

308.262, 32, 0, 0.379508, 

308.262, 33, 0, 0.379508, 

308.262, 34, 0, 0.379508, 

308.262, 35, 0, 0.379508, 

308.262, 36, 0, 0.379508, 

308.262, 37, 0, 0.379508, 

308.262, 38, 0, 0.379508, 

308.262, 39, 0, 0.379508, 

308.262, 40, 0, 0.379508, 

308.262, 41, 0, 0.379508, 

308.262, 42, 0, 0.379508, 

308.262, 43, 0, 0.379508, 

308.262, 44, 0, 0.379508, 

308.262, 45, 0, 0.379508, 

308.262, 46, 0, 0.379508, 

308.262, 47, 0, 0.379508, 

308.262, 48, 0, 0.379508, 

308.262, 49, 0, 0.379508, 

308.262, 50, 0, 0.379508, 

308.262, 51, 0, 0.379508, 

308.262, 52, 0, 0.379508, 

308.262, 53, 0, 0.379508, 

308.262, 54, 0, 0.379508, 

308.262, 55, 0, 0.379508, 

308.262, 56, 0, 0.379508, 

308.262, 57, 0, 0.379508, 

308.262, 58, 0, 0.379508, 

308.262, 59, 0, 0.379508, 

308.262, 60, 0, 0.379508, 

308.262, 61, 0, 0.379508, 

308.262, 62, 0, 0.379508, 

308.262, 63, 0, 0.379508, 

308.262, 64, 0, 0.379508, 

308.262, 65, 0, 0.379508, 

308.262, 66, 0, 0.379508, 

308.262, 67, 0, 0.379508, 

308.262, 68, 0, 0.379508, 

308.262, 69, 0, 0.379508, 

308.262, 70, 0, 0.379508, 

308.262, 71, 0, 0.379508, 

308.262, 72, 0, 0.379508, 

308.262, 73, 0, 0.379508, 

308.262, 74, 0, 0.379508, 

308.262, 75, 0, 0.379508, 

308.262, 76, 0, 0.379508, 

308.262, 77, 0, 0.379508, 

308.262, 78, 0, 0.379508, 

308.262, 79, 0, 0.379508, 

308.262, 80, 0, 0.379508, 

308.262, 81, 0, 0.379508, 

308.262, 82, 0, 0.379508, 

308.262, 83, 0, 0.379508, 

308.262, 84, 0, 0.379508, 

308.262, 85, 0, 0.379508, 

308.262, 86, 0, 0.379508, 

308.262, 87, 0, 0.379508, 

308.262, 88, 0, 0.379508, 

308.262, 89, 0, 0.379508, 

308.262, 90, 0, 0.379508, 

308.262, 91, 0, 0.379508, 

308.262, 92, 0, 0.379508, 

308.262, 93, 0, 0.379508, 

308.262, 94, 0, 0.379508, 

308.262, 95, 0, 0.379508, 

308.262, 96, 0, 0.379508, 

308.262, 97, 0, 0.379508, 

308.262, 98, 0, 0.379508, 

308.262, 99, 0, 0.379508, 

308.262, 100, 0, 0.379508, 

308.262, 101, 0, 0.379508, 

308.262, 102, 0, 0.379508, 

308.262, 103, 0, 0.379508, 

308.262, 104, 0, 0.379508, 

308.262, 105, 0, 0.379508, 

308.262, 106, 0, 0.379508, 

308.262, 107, 0, 0.379508, 

308.262, 108, 0, 0.379508, 

308.262, 109, 0, 0.379508, 

308.262, 110, 0, 0.379508, 

308.262, 111, 0, 0.379508, 

308.262, 112, 0, 0.379508, 

308.262, 113, 0, 0.379508, 

308.262, 114, 0, 0.379508, 

308.262, 115, 0, 0.379508, 

308.262, 116, 0, 0.379508, 

308.262, 117, 0, 0.379508, 

308.262, 118, 0, 0.379508, 

308.262, 119, 0, 0.379508, 

310.897, 0, 0, 0.379508, 

310.897, 1, 0, 0.379508, 

310.897, 2, 0, 0.379508, 

310.897, 3, 0, 0.379508, 

310.897, 4, 0, 0.379508, 

310.897, 5, 0, 0.379508, 

310.897, 6, 0, 0.379508, 

310.897, 7, 0, 0.379508, 

310.897, 8, 0, 0.379508, 

310.897, 9, 0, 0.379508, 

310.897, 10, 0, 0.379508, 

310.897, 11, 0, 0.379508, 

310.897, 12, 0, 0.379508, 

310.897, 13, 0, 0.379508, 

310.897, 14, 0, 0.379508, 

310.897, 15, 0, 0.379508, 

310.897, 16, 0, 0.379508, 

310.897, 17, 0, 0.379508, 

310.897, 18, 0, 0.379508, 

310.897, 19, 0, 0.379508, 

310.897, 20, 0, 0.379508, 

310.897, 21, 0, 0.379508, 

310.897, 22, 0, 0.379508, 

310.897, 23, 0, 0.379508, 

310.897, 24, 0, 0.379508, 

310.897, 25, 0, 0.379508, 

310.897, 26, 0, 0.379508, 

310.897, 27, 0, 0.379508, 

310.897, 28, 0, 0.379508, 

310.897, 29, 0, 0.379508, 

310.897, 30, 0, 0.379508, 

310.897, 31, 0, 0.379508, 

310.897, 32, 0, 0.379508, 

310.897, 33, 0, 0.379508, 

310.897, 34, 0, 0.379508, 

310.897, 35, 0, 0.379508, 

310.897, 36, 0, 0.379508, 

310.897, 37, 0, 0.379508, 

310.897, 38, 0, 0.379508, 

310.897, 39, 0, 0.379508, 

310.897, 40, 0, 0.379508, 

310.897, 41, 0, 0.379508, 

310.897, 42, 0, 0.379508, 

310.897, 43, 0, 0.379508, 

310.897, 44, 0, 0.379508, 

310.897, 45, 0, 0.379508, 

310.897, 46, 0, 0.379508, 

310.897, 47, 0, 0.379508, 

310.897, 48, 0, 0.379508, 

310.897, 49, 0, 0.379508, 

310.897, 50, 0, 0.379508, 

310.897, 51, 0, 0.379508, 

310.897, 52, 0, 0.379508, 

310.897, 53, 0, 0.379508, 

310.897, 54, 0, 0.379508, 

310.897, 55, 0, 0.379508, 

310.897, 56, 0, 0.379508, 

310.897, 57, 0, 0.379508, 

310.897, 58, 0, 0.379508, 

310.897, 59, 0, 0.379508, 

310.897, 60, 0, 0.379508, 

310.897, 61, 0, 0.379508, 

310.897, 62, 0, 0.379508, 

310.897, 63, 0, 0.379508, 

310.897, 64, 0, 0.379508, 

310.897, 65, 0, 0.379508, 

310.897, 66, 0, 0.379508, 

310.897, 67, 0, 0.379508, 

310.897, 68, 0, 0.379508, 

310.897, 69, 0, 0.379508, 

310.897, 70, 0, 0.379508, 

310.897, 71, 0, 0.379508, 

310.897, 72, 0, 0.379508, 

310.897, 73, 0, 0.379508, 

310.897, 74, 0, 0.379508, 

310.897, 75, 0, 0.379508, 

310.897, 76, 0, 0.379508, 

310.897, 77, 0, 0.379508, 

310.897, 78, 0, 0.379508, 

310.897, 79, 0, 0.379508, 

310.897, 80, 0, 0.379508, 

310.897, 81, 0, 0.379508, 

310.897, 82, 0, 0.379508, 

310.897, 83, 0, 0.379508, 

310.897, 84, 0, 0.379508, 

310.897, 85, 0, 0.379508, 

310.897, 86, 0, 0.379508, 

310.897, 87, 0, 0.379508, 

310.897, 88, 0, 0.379508, 

310.897, 89, 0, 0.379508, 

310.897, 90, 0, 0.379508, 

310.897, 91, 0, 0.379508, 

310.897, 92, 0, 0.379508, 

310.897, 93, 0, 0.379508, 

310.897, 94, 0, 0.379508, 

310.897, 95, 0, 0.379508, 

310.897, 96, 0, 0.379508, 

310.897, 97, 0, 0.379508, 

310.897, 98, 0, 0.379508, 

310.897, 99, 0, 0.379508, 

310.897, 100, 0, 0.379508, 

310.897, 101, 0, 0.379508, 

310.897, 102, 0, 0.379508, 

310.897, 103, 0, 0.379508, 

310.897, 104, 0, 0.379508, 

310.897, 105, 0, 0.379508, 

310.897, 106, 0, 0.379508, 

310.897, 107, 0, 0.379508, 

310.897, 108, 0, 0.379508, 

310.897, 109, 0, 0.379508, 

310.897, 110, 0, 0.379508, 

310.897, 111, 0, 0.379508, 

310.897, 112, 0, 0.379508, 

310.897, 113, 0, 0.379508, 

310.897, 114, 0, 0.379508, 

310.897, 115, 0, 0.379508, 

310.897, 116, 0, 0.379508, 

310.897, 117, 0, 0.379508, 

310.897, 118, 0, 0.379508, 

310.897, 119, 0, 0.379508, 

313.532, 0, 0, 0.379508, 

313.532, 1, 0, 0.379508, 

313.532, 2, 0, 0.379508, 

313.532, 3, 0, 0.379508, 

313.532, 4, 0, 0.379508, 

313.532, 5, 0, 0.379508, 

313.532, 6, 0, 0.379508, 

313.532, 7, 0, 0.379508, 

313.532, 8, 0, 0.379508, 

313.532, 9, 0, 0.379508, 

313.532, 10, 0, 0.379508, 

313.532, 11, 0, 0.379508, 

313.532, 12, 0, 0.379508, 

313.532, 13, 0, 0.379508, 

313.532, 14, 0, 0.379508, 

313.532, 15, 0, 0.379508, 

313.532, 16, 0, 0.379508, 

313.532, 17, 0, 0.379508, 

313.532, 18, 0, 0.379508, 

313.532, 19, 0, 0.379508, 

313.532, 20, 0, 0.379508, 

313.532, 21, 0, 0.379508, 

313.532, 22, 0, 0.379508, 

313.532, 23, 0, 0.379508, 

313.532, 24, 0, 0.379508, 

313.532, 25, 0, 0.379508, 

313.532, 26, 0, 0.379508, 

313.532, 27, 0, 0.379508, 

313.532, 28, 0, 0.379508, 

313.532, 29, 0, 0.379508, 

313.532, 30, 0, 0.379508, 

313.532, 31, 0, 0.379508, 

313.532, 32, 0, 0.379508, 

313.532, 33, 0, 0.379508, 

313.532, 34, 0, 0.379508, 

313.532, 35, 0, 0.379508, 

313.532, 36, 0, 0.379508, 

313.532, 37, 0, 0.379508, 

313.532, 38, 0, 0.379508, 

313.532, 39, 0, 0.379508, 

313.532, 40, 0, 0.379508, 

313.532, 41, 0, 0.379508, 

313.532, 42, 0, 0.379508, 

313.532, 43, 0, 0.379508, 

313.532, 44, 0, 0.379508, 

313.532, 45, 0, 0.379508, 

313.532, 46, 0, 0.379508, 

313.532, 47, 0, 0.379508, 

313.532, 48, 0, 0.379508, 

313.532, 49, 0, 0.379508, 

313.532, 50, 0, 0.379508, 

313.532, 51, 0, 0.379508, 

313.532, 52, 0, 0.379508, 

313.532, 53, 0, 0.379508, 

313.532, 54, 0, 0.379508, 

313.532, 55, 0, 0.379508, 

313.532, 56, 0, 0.379508, 

313.532, 57, 0, 0.379508, 

313.532, 58, 0, 0.379508, 

313.532, 59, 0, 0.379508, 

313.532, 60, 0, 0.379508, 

313.532, 61, 0, 0.379508, 

313.532, 62, 0, 0.379508, 

313.532, 63, 0, 0.379508, 

313.532, 64, 0, 0.379508, 

313.532, 65, 0, 0.379508, 

313.532, 66, 0, 0.379508, 

313.532, 67, 0, 0.379508, 

313.532, 68, 0, 0.379508, 

313.532, 69, 0, 0.379508, 

313.532, 70, 0, 0.379508, 

313.532, 71, 0, 0.379508, 

313.532, 72, 0, 0.379508, 

313.532, 73, 0, 0.379508, 

313.532, 74, 0, 0.379508, 

313.532, 75, 0, 0.379508, 

313.532, 76, 0, 0.379508, 

313.532, 77, 0, 0.379508, 

313.532, 78, 0, 0.379508, 

313.532, 79, 0, 0.379508, 

313.532, 80, 0, 0.379508, 

313.532, 81, 0, 0.379508, 

313.532, 82, 0, 0.379508, 

313.532, 83, 0, 0.379508, 

313.532, 84, 0, 0.379508, 

313.532, 85, 0, 0.379508, 

313.532, 86, 0, 0.379508, 

313.532, 87, 0, 0.379508, 

313.532, 88, 0, 0.379508, 

313.532, 89, 0, 0.379508, 

313.532, 90, 0, 0.379508, 

313.532, 91, 0, 0.379508, 

313.532, 92, 0, 0.379508, 

313.532, 93, 0, 0.379508, 

313.532, 94, 0, 0.379508, 

313.532, 95, 0, 0.379508, 

313.532, 96, 0, 0.379508, 

313.532, 97, 0, 0.379508, 

313.532, 98, 0, 0.379508, 

313.532, 99, 0, 0.379508, 

313.532, 100, 0, 0.379508, 

313.532, 101, 0, 0.379508, 

313.532, 102, 0, 0.379508, 

313.532, 103, 0, 0.379508, 

313.532, 104, 0, 0.379508, 

313.532, 105, 0, 0.379508, 

313.532, 106, 0, 0.379508, 

313.532, 107, 0, 0.379508, 

313.532, 108, 0, 0.379508, 

313.532, 109, 0, 0.379508, 

313.532, 110, 0, 0.379508, 

313.532, 111, 0, 0.379508, 

313.532, 112, 0, 0.379508, 

313.532, 113, 0, 0.379508, 

313.532, 114, 0, 0.379508, 

313.532, 115, 0, 0.379508, 

313.532, 116, 0, 0.379508, 

313.532, 117, 0, 0.379508, 

313.532, 118, 0, 0.379508, 

313.532, 119, 0, 0.379508, 

316.167, 0, 0, 0.379508, 

316.167, 1, 0, 0.379508, 

316.167, 2, 0, 0.379508, 

316.167, 3, 0, 0.379508, 

316.167, 4, 0, 0.379508, 

316.167, 5, 0, 0.379508, 

316.167, 6, 0, 0.379508, 

316.167, 7, 0, 0.379508, 

316.167, 8, 0, 0.379508, 

316.167, 9, 0, 0.379508, 

316.167, 10, 0, 0.379508, 

316.167, 11, 0, 0.379508, 

316.167, 12, 0, 0.379508, 

316.167, 13, 0, 0.379508, 

316.167, 14, 0, 0.379508, 

316.167, 15, 0, 0.379508, 

316.167, 16, 0, 0.379508, 

316.167, 17, 0, 0.379508, 

316.167, 18, 0, 0.379508, 

316.167, 19, 0, 0.379508, 

316.167, 20, 0, 0.379508, 

316.167, 21, 0, 0.379508, 

316.167, 22, 0, 0.379508, 

316.167, 23, 0, 0.379508, 

316.167, 24, 0, 0.379508, 

316.167, 25, 0, 0.379508, 

316.167, 26, 0, 0.379508, 

316.167, 27, 0, 0.379508, 

316.167, 28, 0, 0.379508, 

316.167, 29, 0, 0.379508, 

316.167, 30, 0, 0.379508, 

316.167, 31, 0, 0.379508, 

316.167, 32, 0, 0.379508, 

316.167, 33, 0, 0.379508, 

316.167, 34, 0, 0.379508, 

316.167, 35, 0, 0.379508, 

316.167, 36, 0, 0.379508, 

316.167, 37, 0, 0.379508, 

316.167, 38, 0, 0.379508, 

316.167, 39, 0, 0.379508, 

316.167, 40, 0, 0.379508, 

316.167, 41, 0, 0.379508, 

316.167, 42, 0, 0.379508, 

316.167, 43, 0, 0.379508, 

316.167, 44, 0, 0.379508, 

316.167, 45, 0, 0.379508, 

316.167, 46, 0, 0.379508, 

316.167, 47, 0, 0.379508, 

316.167, 48, 0, 0.379508, 

316.167, 49, 0, 0.379508, 

316.167, 50, 0, 0.379508, 

316.167, 51, 0, 0.379508, 

316.167, 52, 0, 0.379508, 

316.167, 53, 0, 0.379508, 

316.167, 54, 0, 0.379508, 

316.167, 55, 0, 0.379508, 

316.167, 56, 0, 0.379508, 

316.167, 57, 0, 0.379508, 

316.167, 58, 0, 0.379508, 

316.167, 59, 0, 0.379508, 

316.167, 60, 0, 0.379508, 

316.167, 61, 0, 0.379508, 

316.167, 62, 0, 0.379508, 

316.167, 63, 0, 0.379508, 

316.167, 64, 0, 0.379508, 

316.167, 65, 0, 0.379508, 

316.167, 66, 0, 0.379508, 

316.167, 67, 0, 0.379508, 

316.167, 68, 0, 0.379508, 

316.167, 69, 0, 0.379508, 

316.167, 70, 0, 0.379508, 

316.167, 71, 0, 0.379508, 

316.167, 72, 0, 0.379508, 

316.167, 73, 0, 0.379508, 

316.167, 74, 0, 0.379508, 

316.167, 75, 0, 0.379508, 

316.167, 76, 0, 0.379508, 

316.167, 77, 0, 0.379508, 

316.167, 78, 0, 0.379508, 

316.167, 79, 0, 0.379508, 

316.167, 80, 0, 0.379508, 

316.167, 81, 0, 0.379508, 

316.167, 82, 0, 0.379508, 

316.167, 83, 0, 0.379508, 

316.167, 84, 0, 0.379508, 

316.167, 85, 0, 0.379508, 

316.167, 86, 0, 0.379508, 

316.167, 87, 0, 0.379508, 

316.167, 88, 0, 0.379508, 

316.167, 89, 0, 0.379508, 

316.167, 90, 0, 0.379508, 

316.167, 91, 0, 0.379508, 

316.167, 92, 0, 0.379508, 

316.167, 93, 0, 0.379508, 

316.167, 94, 0, 0.379508, 

316.167, 95, 0, 0.379508, 

316.167, 96, 0, 0.379508, 

316.167, 97, 0, 0.379508, 

316.167, 98, 0, 0.379508, 

316.167, 99, 0, 0.379508, 

316.167, 100, 0, 0.379508, 

316.167, 101, 0, 0.379508, 

316.167, 102, 0, 0.379508, 

316.167, 103, 0, 0.379508, 

316.167, 104, 0, 0.379508, 

316.167, 105, 0, 0.379508, 

316.167, 106, 0, 0.379508, 

316.167, 107, 0, 0.379508, 

316.167, 108, 0, 0.379508, 

316.167, 109, 0, 0.379508, 

316.167, 110, 0, 0.379508, 

316.167, 111, 0, 0.379508, 

316.167, 112, 0, 0.379508, 

316.167, 113, 0, 0.379508, 

316.167, 114, 0, 0.379508, 

316.167, 115, 0, 0.379508, 

316.167, 116, 0, 0.379508, 

316.167, 117, 0, 0.379508, 

316.167, 118, 0, 0.379508, 

316.167, 119, 0, 0.379508, 

318.801, 0, 0, 0.379508, 

318.801, 1, 0, 0.379508, 

318.801, 2, 0, 0.379508, 

318.801, 3, 0, 0.379508, 

318.801, 4, 0, 0.379508, 

318.801, 5, 0, 0.379508, 

318.801, 6, 0, 0.379508, 

318.801, 7, 0, 0.379508, 

318.801, 8, 0, 0.379508, 

318.801, 9, 0, 0.379508, 

318.801, 10, 0, 0.379508, 

318.801, 11, 0, 0.379508, 

318.801, 12, 0, 0.379508, 

318.801, 13, 0, 0.379508, 

318.801, 14, 0, 0.379508, 

318.801, 15, 0, 0.379508, 

318.801, 16, 0, 0.379508, 

318.801, 17, 0, 0.379508, 

318.801, 18, 0, 0.379508, 

318.801, 19, 0, 0.379508, 

318.801, 20, 0, 0.379508, 

318.801, 21, 0, 0.379508, 

318.801, 22, 0, 0.379508, 

318.801, 23, 0, 0.379508, 

318.801, 24, 0, 0.379508, 

318.801, 25, 0, 0.379508, 

318.801, 26, 0, 0.379508, 

318.801, 27, 0, 0.379508, 

318.801, 28, 0, 0.379508, 

318.801, 29, 0, 0.379508, 

318.801, 30, 0, 0.379508, 

318.801, 31, 0, 0.379508, 

318.801, 32, 0, 0.379508, 

318.801, 33, 0, 0.379508, 

318.801, 34, 0, 0.379508, 

318.801, 35, 0, 0.379508, 

318.801, 36, 0, 0.379508, 

318.801, 37, 0, 0.379508, 

318.801, 38, 0, 0.379508, 

318.801, 39, 0, 0.379508, 

318.801, 40, 0, 0.379508, 

318.801, 41, 0, 0.379508, 

318.801, 42, 0, 0.379508, 

318.801, 43, 0, 0.379508, 

318.801, 44, 0, 0.379508, 

318.801, 45, 0, 0.379508, 

318.801, 46, 0, 0.379508, 

318.801, 47, 0, 0.379508, 

318.801, 48, 0, 0.379508, 

318.801, 49, 0, 0.379508, 

318.801, 50, 0, 0.379508, 

318.801, 51, 0, 0.379508, 

318.801, 52, 0, 0.379508, 

318.801, 53, 0, 0.379508, 

318.801, 54, 0, 0.379508, 

318.801, 55, 0, 0.379508, 

318.801, 56, 0, 0.379508, 

318.801, 57, 0, 0.379508, 

318.801, 58, 0, 0.379508, 

318.801, 59, 0, 0.379508, 

318.801, 60, 0, 0.379508, 

318.801, 61, 0, 0.379508, 

318.801, 62, 0, 0.379508, 

318.801, 63, 0, 0.379508, 

318.801, 64, 0, 0.379508, 

318.801, 65, 0, 0.379508, 

318.801, 66, 0, 0.379508, 

318.801, 67, 0, 0.379508, 

318.801, 68, 0, 0.379508, 

318.801, 69, 0, 0.379508, 

318.801, 70, 0, 0.379508, 

318.801, 71, 0, 0.379508, 

318.801, 72, 0, 0.379508, 

318.801, 73, 0, 0.379508, 

318.801, 74, 0, 0.379508, 

318.801, 75, 0, 0.379508, 

318.801, 76, 0, 0.379508, 

318.801, 77, 0, 0.379508, 

318.801, 78, 0, 0.379508, 

318.801, 79, 0, 0.379508, 

318.801, 80, 0, 0.379508, 

318.801, 81, 0, 0.379508, 

318.801, 82, 0, 0.379508, 

318.801, 83, 0, 0.379508, 

318.801, 84, 0, 0.379508, 

318.801, 85, 0, 0.379508, 

318.801, 86, 0, 0.379508, 

318.801, 87, 0, 0.379508, 

318.801, 88, 0, 0.379508, 

318.801, 89, 0, 0.379508, 

318.801, 90, 0, 0.379508, 

318.801, 91, 0, 0.379508, 

318.801, 92, 0, 0.379508, 

318.801, 93, 0, 0.379508, 

318.801, 94, 0, 0.379508, 

318.801, 95, 0, 0.379508, 

318.801, 96, 0, 0.379508, 

318.801, 97, 0, 0.379508, 

318.801, 98, 0, 0.379508, 

318.801, 99, 0, 0.379508, 

318.801, 100, 0, 0.379508, 

318.801, 101, 0, 0.379508, 

318.801, 102, 0, 0.379508, 

318.801, 103, 0, 0.379508, 

318.801, 104, 0, 0.379508, 

318.801, 105, 0, 0.379508, 

318.801, 106, 0, 0.379508, 

318.801, 107, 0, 0.379508, 

318.801, 108, 0, 0.379508, 

318.801, 109, 0, 0.379508, 

318.801, 110, 0, 0.379508, 

318.801, 111, 0, 0.379508, 

318.801, 112, 0, 0.379508, 

318.801, 113, 0, 0.379508, 

318.801, 114, 0, 0.379508, 

318.801, 115, 0, 0.379508, 

318.801, 116, 0, 0.379508, 

318.801, 117, 0, 0.379508, 

318.801, 118, 0, 0.379508, 

318.801, 119, 0, 0.379508, 

321.436, 0, 0, 0.379508, 

321.436, 1, 0, 0.379508, 

321.436, 2, 0, 0.379508, 

321.436, 3, 0, 0.379508, 

321.436, 4, 0, 0.379508, 

321.436, 5, 0, 0.379508, 

321.436, 6, 0, 0.379508, 

321.436, 7, 0, 0.379508, 

321.436, 8, 0, 0.379508, 

321.436, 9, 0, 0.379508, 

321.436, 10, 0, 0.379508, 

321.436, 11, 0, 0.379508, 

321.436, 12, 0, 0.379508, 

321.436, 13, 0, 0.379508, 

321.436, 14, 0, 0.379508, 

321.436, 15, 0, 0.379508, 

321.436, 16, 0, 0.379508, 

321.436, 17, 0, 0.379508, 

321.436, 18, 0, 0.379508, 

321.436, 19, 0, 0.379508, 

321.436, 20, 0, 0.379508, 

321.436, 21, 0, 0.379508, 

321.436, 22, 0, 0.379508, 

321.436, 23, 0, 0.379508, 

321.436, 24, 0, 0.379508, 

321.436, 25, 0, 0.379508, 

321.436, 26, 0, 0.379508, 

321.436, 27, 0, 0.379508, 

321.436, 28, 0, 0.379508, 

321.436, 29, 0, 0.379508, 

321.436, 30, 0, 0.379508, 

321.436, 31, 0, 0.379508, 

321.436, 32, 0, 0.379508, 

321.436, 33, 0, 0.379508, 

321.436, 34, 0, 0.379508, 

321.436, 35, 0, 0.379508, 

321.436, 36, 0, 0.379508, 

321.436, 37, 0, 0.379508, 

321.436, 38, 0, 0.379508, 

321.436, 39, 0, 0.379508, 

321.436, 40, 0, 0.379508, 

321.436, 41, 0, 0.379508, 

321.436, 42, 0, 0.379508, 

321.436, 43, 0, 0.379508, 

321.436, 44, 0, 0.379508, 

321.436, 45, 0, 0.379508, 

321.436, 46, 0, 0.379508, 

321.436, 47, 0, 0.379508, 

321.436, 48, 0, 0.379508, 

321.436, 49, 0, 0.379508, 

321.436, 50, 0, 0.379508, 

321.436, 51, 0, 0.379508, 

321.436, 52, 0, 0.379508, 

321.436, 53, 0, 0.379508, 

321.436, 54, 0, 0.379508, 

321.436, 55, 0, 0.379508, 

321.436, 56, 0, 0.379508, 

321.436, 57, 0, 0.379508, 

321.436, 58, 0, 0.379508, 

321.436, 59, 0, 0.379508, 

321.436, 60, 0, 0.379508, 

321.436, 61, 0, 0.379508, 

321.436, 62, 0, 0.379508, 

321.436, 63, 0, 0.379508, 

321.436, 64, 0, 0.379508, 

321.436, 65, 0, 0.379508, 

321.436, 66, 0, 0.379508, 

321.436, 67, 0, 0.379508, 

321.436, 68, 0, 0.379508, 

321.436, 69, 0, 0.379508, 

321.436, 70, 0, 0.379508, 

321.436, 71, 0, 0.379508, 

321.436, 72, 0, 0.379508, 

321.436, 73, 0, 0.379508, 

321.436, 74, 0, 0.379508, 

321.436, 75, 0, 0.379508, 

321.436, 76, 0, 0.379508, 

321.436, 77, 0, 0.379508, 

321.436, 78, 0, 0.379508, 

321.436, 79, 0, 0.379508, 

321.436, 80, 0, 0.379508, 

321.436, 81, 0, 0.379508, 

321.436, 82, 0, 0.379508, 

321.436, 83, 0, 0.379508, 

321.436, 84, 0, 0.379508, 

321.436, 85, 0, 0.379508, 

321.436, 86, 0, 0.379508, 

321.436, 87, 0, 0.379508, 

321.436, 88, 0, 0.379508, 

321.436, 89, 0, 0.379508, 

321.436, 90, 0, 0.379508, 

321.436, 91, 0, 0.379508, 

321.436, 92, 0, 0.379508, 

321.436, 93, 0, 0.379508, 

321.436, 94, 0, 0.379508, 

321.436, 95, 0, 0.379508, 

321.436, 96, 0, 0.379508, 

321.436, 97, 0, 0.379508, 

321.436, 98, 0, 0.379508, 

321.436, 99, 0, 0.379508, 

321.436, 100, 0, 0.379508, 

321.436, 101, 0, 0.379508, 

321.436, 102, 0, 0.379508, 

321.436, 103, 0, 0.379508, 

321.436, 104, 0, 0.379508, 

321.436, 105, 0, 0.379508, 

321.436, 106, 0, 0.379508, 

321.436, 107, 0, 0.379508, 

321.436, 108, 0, 0.379508, 

321.436, 109, 0, 0.379508, 

321.436, 110, 0, 0.379508, 

321.436, 111, 0, 0.379508, 

321.436, 112, 0, 0.379508, 

321.436, 113, 0, 0.379508, 

321.436, 114, 0, 0.379508, 

321.436, 115, 0, 0.379508, 

321.436, 116, 0, 0.379508, 

321.436, 117, 0, 0.379508, 

321.436, 118, 0, 0.379508, 

321.436, 119, 0, 0.379508, 

324.071, 0, 0, 0.379508, 

324.071, 1, 0, 0.379508, 

324.071, 2, 0, 0.379508, 

324.071, 3, 0, 0.379508, 

324.071, 4, 0, 0.379508, 

324.071, 5, 0, 0.379508, 

324.071, 6, 0, 0.379508, 

324.071, 7, 0, 0.379508, 

324.071, 8, 0, 0.379508, 

324.071, 9, 0, 0.379508, 

324.071, 10, 0, 0.379508, 

324.071, 11, 0, 0.379508, 

324.071, 12, 0, 0.379508, 

324.071, 13, 0, 0.379508, 

324.071, 14, 0, 0.379508, 

324.071, 15, 0, 0.379508, 

324.071, 16, 0, 0.379508, 

324.071, 17, 0, 0.379508, 

324.071, 18, 0, 0.379508, 

324.071, 19, 0, 0.379508, 

324.071, 20, 0, 0.379508, 

324.071, 21, 0, 0.379508, 

324.071, 22, 0, 0.379508, 

324.071, 23, 0, 0.379508, 

324.071, 24, 0, 0.379508, 

324.071, 25, 0, 0.379508, 

324.071, 26, 0, 0.379508, 

324.071, 27, 0, 0.379508, 

324.071, 28, 0, 0.379508, 

324.071, 29, 0, 0.379508, 

324.071, 30, 0, 0.379508, 

324.071, 31, 0, 0.379508, 

324.071, 32, 0, 0.379508, 

324.071, 33, 0, 0.379508, 

324.071, 34, 0, 0.379508, 

324.071, 35, 0, 0.379508, 

324.071, 36, 0, 0.379508, 

324.071, 37, 0, 0.379508, 

324.071, 38, 0, 0.379508, 

324.071, 39, 0, 0.379508, 

324.071, 40, 0, 0.379508, 

324.071, 41, 0, 0.379508, 

324.071, 42, 0, 0.379508, 

324.071, 43, 0, 0.379508, 

324.071, 44, 0, 0.379508, 

324.071, 45, 0, 0.379508, 

324.071, 46, 0, 0.379508, 

324.071, 47, 0, 0.379508, 

324.071, 48, 0, 0.379508, 

324.071, 49, 0, 0.379508, 

324.071, 50, 0, 0.379508, 

324.071, 51, 0, 0.379508, 

324.071, 52, 0, 0.379508, 

324.071, 53, 0, 0.379508, 

324.071, 54, 0, 0.379508, 

324.071, 55, 0, 0.379508, 

324.071, 56, 0, 0.379508, 

324.071, 57, 0, 0.379508, 

324.071, 58, 0, 0.379508, 

324.071, 59, 0, 0.379508, 

324.071, 60, 0, 0.379508, 

324.071, 61, 0, 0.379508, 

324.071, 62, 0, 0.379508, 

324.071, 63, 0, 0.379508, 

324.071, 64, 0, 0.379508, 

324.071, 65, 0, 0.379508, 

324.071, 66, 0, 0.379508, 

324.071, 67, 0, 0.379508, 

324.071, 68, 0, 0.379508, 

324.071, 69, 0, 0.379508, 

324.071, 70, 0, 0.379508, 

324.071, 71, 0, 0.379508, 

324.071, 72, 0, 0.379508, 

324.071, 73, 0, 0.379508, 

324.071, 74, 0, 0.379508, 

324.071, 75, 0, 0.379508, 

324.071, 76, 0, 0.379508, 

324.071, 77, 0, 0.379508, 

324.071, 78, 0, 0.379508, 

324.071, 79, 0, 0.379508, 

324.071, 80, 0, 0.379508, 

324.071, 81, 0, 0.379508, 

324.071, 82, 0, 0.379508, 

324.071, 83, 0, 0.379508, 

324.071, 84, 0, 0.379508, 

324.071, 85, 0, 0.379508, 

324.071, 86, 0, 0.379508, 

324.071, 87, 0, 0.379508, 

324.071, 88, 0, 0.379508, 

324.071, 89, 0, 0.379508, 

324.071, 90, 0, 0.379508, 

324.071, 91, 0, 0.379508, 

324.071, 92, 0, 0.379508, 

324.071, 93, 0, 0.379508, 

324.071, 94, 0, 0.379508, 

324.071, 95, 0, 0.379508, 

324.071, 96, 0, 0.379508, 

324.071, 97, 0, 0.379508, 

324.071, 98, 0, 0.379508, 

324.071, 99, 0, 0.379508, 

324.071, 100, 0, 0.379508, 

324.071, 101, 0, 0.379508, 

324.071, 102, 0, 0.379508, 

324.071, 103, 0, 0.379508, 

324.071, 104, 0, 0.379508, 

324.071, 105, 0, 0.379508, 

324.071, 106, 0, 0.379508, 

324.071, 107, 0, 0.379508, 

324.071, 108, 0, 0.379508, 

324.071, 109, 0, 0.379508, 

324.071, 110, 0, 0.379508, 

324.071, 111, 0, 0.379508, 

324.071, 112, 0, 0.379508, 

324.071, 113, 0, 0.379508, 

324.071, 114, 0, 0.379508, 

324.071, 115, 0, 0.379508, 

324.071, 116, 0, 0.379508, 

324.071, 117, 0, 0.379508, 

324.071, 118, 0, 0.379508, 

324.071, 119, 0, 0.379508, 

326.705, 0, 0, 0.379508, 

326.705, 1, 0, 0.379508, 

326.705, 2, 0, 0.379508, 

326.705, 3, 0, 0.379508, 

326.705, 4, 0, 0.379508, 

326.705, 5, 0, 0.379508, 

326.705, 6, 0, 0.379508, 

326.705, 7, 0, 0.379508, 

326.705, 8, 0, 0.379508, 

326.705, 9, 0, 0.379508, 

326.705, 10, 0, 0.379508, 

326.705, 11, 0, 0.379508, 

326.705, 12, 0, 0.379508, 

326.705, 13, 0, 0.379508, 

326.705, 14, 0, 0.379508, 

326.705, 15, 0, 0.379508, 

326.705, 16, 0, 0.379508, 

326.705, 17, 0, 0.379508, 

326.705, 18, 0, 0.379508, 

326.705, 19, 0, 0.379508, 

326.705, 20, 0, 0.379508, 

326.705, 21, 0, 0.379508, 

326.705, 22, 0, 0.379508, 

326.705, 23, 0, 0.379508, 

326.705, 24, 0, 0.379508, 

326.705, 25, 0, 0.379508, 

326.705, 26, 0, 0.379508, 

326.705, 27, 0, 0.379508, 

326.705, 28, 0, 0.379508, 

326.705, 29, 0, 0.379508, 

326.705, 30, 0, 0.379508, 

326.705, 31, 0, 0.379508, 

326.705, 32, 0, 0.379508, 

326.705, 33, 0, 0.379508, 

326.705, 34, 0, 0.379508, 

326.705, 35, 0, 0.379508, 

326.705, 36, 0, 0.379508, 

326.705, 37, 0, 0.379508, 

326.705, 38, 0, 0.379508, 

326.705, 39, 0, 0.379508, 

326.705, 40, 0, 0.379508, 

326.705, 41, 0, 0.379508, 

326.705, 42, 0, 0.379508, 

326.705, 43, 0, 0.379508, 

326.705, 44, 0, 0.379508, 

326.705, 45, 0, 0.379508, 

326.705, 46, 0, 0.379508, 

326.705, 47, 0, 0.379508, 

326.705, 48, 0, 0.379508, 

326.705, 49, 0, 0.379508, 

326.705, 50, 0, 0.379508, 

326.705, 51, 0, 0.379508, 

326.705, 52, 0, 0.379508, 

326.705, 53, 0, 0.379508, 

326.705, 54, 0, 0.379508, 

326.705, 55, 0, 0.379508, 

326.705, 56, 0, 0.379508, 

326.705, 57, 0, 0.379508, 

326.705, 58, 0, 0.379508, 

326.705, 59, 0, 0.379508, 

326.705, 60, 0, 0.379508, 

326.705, 61, 0, 0.379508, 

326.705, 62, 0, 0.379508, 

326.705, 63, 0, 0.379508, 

326.705, 64, 0, 0.379508, 

326.705, 65, 0, 0.379508, 

326.705, 66, 0, 0.379508, 

326.705, 67, 0, 0.379508, 

326.705, 68, 0, 0.379508, 

326.705, 69, 0, 0.379508, 

326.705, 70, 0, 0.379508, 

326.705, 71, 0, 0.379508, 

326.705, 72, 0, 0.379508, 

326.705, 73, 0, 0.379508, 

326.705, 74, 0, 0.379508, 

326.705, 75, 0, 0.379508, 

326.705, 76, 0, 0.379508, 

326.705, 77, 0, 0.379508, 

326.705, 78, 0, 0.379508, 

326.705, 79, 0, 0.379508, 

326.705, 80, 0, 0.379508, 

326.705, 81, 0, 0.379508, 

326.705, 82, 0, 0.379508, 

326.705, 83, 0, 0.379508, 

326.705, 84, 0, 0.379508, 

326.705, 85, 0, 0.379508, 

326.705, 86, 0, 0.379508, 

326.705, 87, 0, 0.379508, 

326.705, 88, 0, 0.379508, 

326.705, 89, 0, 0.379508, 

326.705, 90, 0, 0.379508, 

326.705, 91, 0, 0.379508, 

326.705, 92, 0, 0.379508, 

326.705, 93, 0, 0.379508, 

326.705, 94, 0, 0.379508, 

326.705, 95, 0, 0.379508, 

326.705, 96, 0, 0.379508, 

326.705, 97, 0, 0.379508, 

326.705, 98, 0, 0.379508, 

326.705, 99, 0, 0.379508, 

326.705, 100, 0, 0.379508, 

326.705, 101, 0, 0.379508, 

326.705, 102, 0, 0.379508, 

326.705, 103, 0, 0.379508, 

326.705, 104, 0, 0.379508, 

326.705, 105, 0, 0.379508, 

326.705, 106, 0, 0.379508, 

326.705, 107, 0, 0.379508, 

326.705, 108, 0, 0.379508, 

326.705, 109, 0, 0.379508, 

326.705, 110, 0, 0.379508, 

326.705, 111, 0, 0.379508, 

326.705, 112, 0, 0.379508, 

326.705, 113, 0, 0.379508, 

326.705, 114, 0, 0.379508, 

326.705, 115, 0, 0.379508, 

326.705, 116, 0, 0.379508, 

326.705, 117, 0, 0.379508, 

326.705, 118, 0, 0.379508, 

326.705, 119, 0, 0.379508, 

329.34, 0, 0, 0.379508, 

329.34, 1, 0, 0.379508, 

329.34, 2, 0, 0.379508, 

329.34, 3, 0, 0.379508, 

329.34, 4, 0, 0.379508, 

329.34, 5, 0, 0.379508, 

329.34, 6, 0, 0.379508, 

329.34, 7, 0, 0.379508, 

329.34, 8, 0, 0.379508, 

329.34, 9, 0, 0.379508, 

329.34, 10, 0, 0.379508, 

329.34, 11, 0, 0.379508, 

329.34, 12, 0, 0.379508, 

329.34, 13, 0, 0.379508, 

329.34, 14, 0, 0.379508, 

329.34, 15, 0, 0.379508, 

329.34, 16, 0, 0.379508, 

329.34, 17, 0, 0.379508, 

329.34, 18, 0, 0.379508, 

329.34, 19, 0, 0.379508, 

329.34, 20, 0, 0.379508, 

329.34, 21, 0, 0.379508, 

329.34, 22, 0, 0.379508, 

329.34, 23, 0, 0.379508, 

329.34, 24, 0, 0.379508, 

329.34, 25, 0, 0.379508, 

329.34, 26, 0, 0.379508, 

329.34, 27, 0, 0.379508, 

329.34, 28, 0, 0.379508, 

329.34, 29, 0, 0.379508, 

329.34, 30, 0, 0.379508, 

329.34, 31, 0, 0.379508, 

329.34, 32, 0, 0.379508, 

329.34, 33, 0, 0.379508, 

329.34, 34, 0, 0.379508, 

329.34, 35, 0, 0.379508, 

329.34, 36, 0, 0.379508, 

329.34, 37, 0, 0.379508, 

329.34, 38, 0, 0.379508, 

329.34, 39, 0, 0.379508, 

329.34, 40, 0, 0.379508, 

329.34, 41, 0, 0.379508, 

329.34, 42, 0, 0.379508, 

329.34, 43, 0, 0.379508, 

329.34, 44, 0, 0.379508, 

329.34, 45, 0, 0.379508, 

329.34, 46, 0, 0.379508, 

329.34, 47, 0, 0.379508, 

329.34, 48, 0, 0.379508, 

329.34, 49, 0, 0.379508, 

329.34, 50, 0, 0.379508, 

329.34, 51, 0, 0.379508, 

329.34, 52, 0, 0.379508, 

329.34, 53, 0, 0.379508, 

329.34, 54, 0, 0.379508, 

329.34, 55, 0, 0.379508, 

329.34, 56, 0, 0.379508, 

329.34, 57, 0, 0.379508, 

329.34, 58, 0, 0.379508, 

329.34, 59, 0, 0.379508, 

329.34, 60, 0, 0.379508, 

329.34, 61, 0, 0.379508, 

329.34, 62, 0, 0.379508, 

329.34, 63, 0, 0.379508, 

329.34, 64, 0, 0.379508, 

329.34, 65, 0, 0.379508, 

329.34, 66, 0, 0.379508, 

329.34, 67, 0, 0.379508, 

329.34, 68, 0, 0.379508, 

329.34, 69, 0, 0.379508, 

329.34, 70, 0, 0.379508, 

329.34, 71, 0, 0.379508, 

329.34, 72, 0, 0.379508, 

329.34, 73, 0, 0.379508, 

329.34, 74, 0, 0.379508, 

329.34, 75, 0, 0.379508, 

329.34, 76, 0, 0.379508, 

329.34, 77, 0, 0.379508, 

329.34, 78, 0, 0.379508, 

329.34, 79, 0, 0.379508, 

329.34, 80, 0, 0.379508, 

329.34, 81, 0, 0.379508, 

329.34, 82, 0, 0.379508, 

329.34, 83, 0, 0.379508, 

329.34, 84, 0, 0.379508, 

329.34, 85, 0, 0.379508, 

329.34, 86, 0, 0.379508, 

329.34, 87, 0, 0.379508, 

329.34, 88, 0, 0.379508, 

329.34, 89, 0, 0.379508, 

329.34, 90, 0, 0.379508, 

329.34, 91, 0, 0.379508, 

329.34, 92, 0, 0.379508, 

329.34, 93, 0, 0.379508, 

329.34, 94, 0, 0.379508, 

329.34, 95, 0, 0.379508, 

329.34, 96, 0, 0.379508, 

329.34, 97, 0, 0.379508, 

329.34, 98, 0, 0.379508, 

329.34, 99, 0, 0.379508, 

329.34, 100, 0, 0.379508, 

329.34, 101, 0, 0.379508, 

329.34, 102, 0, 0.379508, 

329.34, 103, 0, 0.379508, 

329.34, 104, 0, 0.379508, 

329.34, 105, 0, 0.379508, 

329.34, 106, 0, 0.379508, 

329.34, 107, 0, 0.379508, 

329.34, 108, 0, 0.379508, 

329.34, 109, 0, 0.379508, 

329.34, 110, 0, 0.379508, 

329.34, 111, 0, 0.379508, 

329.34, 112, 0, 0.379508, 

329.34, 113, 0, 0.379508, 

329.34, 114, 0, 0.379508, 

329.34, 115, 0, 0.379508, 

329.34, 116, 0, 0.379508, 

329.34, 117, 0, 0.379508, 

329.34, 118, 0, 0.379508, 

329.34, 119, 0, 0.379508, 

331.975, 0, 0, 0.379508, 

331.975, 1, 0, 0.379508, 

331.975, 2, 0, 0.379508, 

331.975, 3, 0, 0.379508, 

331.975, 4, 0, 0.379508, 

331.975, 5, 0, 0.379508, 

331.975, 6, 0, 0.379508, 

331.975, 7, 0, 0.379508, 

331.975, 8, 0, 0.379508, 

331.975, 9, 0, 0.379508, 

331.975, 10, 0, 0.379508, 

331.975, 11, 0, 0.379508, 

331.975, 12, 0, 0.379508, 

331.975, 13, 0, 0.379508, 

331.975, 14, 0, 0.379508, 

331.975, 15, 0, 0.379508, 

331.975, 16, 0, 0.379508, 

331.975, 17, 0, 0.379508, 

331.975, 18, 0, 0.379508, 

331.975, 19, 0, 0.379508, 

331.975, 20, 0, 0.379508, 

331.975, 21, 0, 0.379508, 

331.975, 22, 0, 0.379508, 

331.975, 23, 0, 0.379508, 

331.975, 24, 0, 0.379508, 

331.975, 25, 0, 0.379508, 

331.975, 26, 0, 0.379508, 

331.975, 27, 0, 0.379508, 

331.975, 28, 0, 0.379508, 

331.975, 29, 0, 0.379508, 

331.975, 30, 0, 0.379508, 

331.975, 31, 0, 0.379508, 

331.975, 32, 0, 0.379508, 

331.975, 33, 0, 0.379508, 

331.975, 34, 0, 0.379508, 

331.975, 35, 0, 0.379508, 

331.975, 36, 0, 0.379508, 

331.975, 37, 0, 0.379508, 

331.975, 38, 0, 0.379508, 

331.975, 39, 0, 0.379508, 

331.975, 40, 0, 0.379508, 

331.975, 41, 0, 0.379508, 

331.975, 42, 0, 0.379508, 

331.975, 43, 0, 0.379508, 

331.975, 44, 0, 0.379508, 

331.975, 45, 0, 0.379508, 

331.975, 46, 0, 0.379508, 

331.975, 47, 0, 0.379508, 

331.975, 48, 0, 0.379508, 

331.975, 49, 0, 0.379508, 

331.975, 50, 0, 0.379508, 

331.975, 51, 0, 0.379508, 

331.975, 52, 0, 0.379508, 

331.975, 53, 0, 0.379508, 

331.975, 54, 0, 0.379508, 

331.975, 55, 0, 0.379508, 

331.975, 56, 0, 0.379508, 

331.975, 57, 0, 0.379508, 

331.975, 58, 0, 0.379508, 

331.975, 59, 0, 0.379508, 

331.975, 60, 0, 0.379508, 

331.975, 61, 0, 0.379508, 

331.975, 62, 0, 0.379508, 

331.975, 63, 0, 0.379508, 

331.975, 64, 0, 0.379508, 

331.975, 65, 0, 0.379508, 

331.975, 66, 0, 0.379508, 

331.975, 67, 0, 0.379508, 

331.975, 68, 0, 0.379508, 

331.975, 69, 0, 0.379508, 

331.975, 70, 0, 0.379508, 

331.975, 71, 0, 0.379508, 

331.975, 72, 0, 0.379508, 

331.975, 73, 0, 0.379508, 

331.975, 74, 0, 0.379508, 

331.975, 75, 0, 0.379508, 

331.975, 76, 0, 0.379508, 

331.975, 77, 0, 0.379508, 

331.975, 78, 0, 0.379508, 

331.975, 79, 0, 0.379508, 

331.975, 80, 0, 0.379508, 

331.975, 81, 0, 0.379508, 

331.975, 82, 0, 0.379508, 

331.975, 83, 0, 0.379508, 

331.975, 84, 0, 0.379508, 

331.975, 85, 0, 0.379508, 

331.975, 86, 0, 0.379508, 

331.975, 87, 0, 0.379508, 

331.975, 88, 0, 0.379508, 

331.975, 89, 0, 0.379508, 

331.975, 90, 0, 0.379508, 

331.975, 91, 0, 0.379508, 

331.975, 92, 0, 0.379508, 

331.975, 93, 0, 0.379508, 

331.975, 94, 0, 0.379508, 

331.975, 95, 0, 0.379508, 

331.975, 96, 0, 0.379508, 

331.975, 97, 0, 0.379508, 

331.975, 98, 0, 0.379508, 

331.975, 99, 0, 0.379508, 

331.975, 100, 0, 0.379508, 

331.975, 101, 0, 0.379508, 

331.975, 102, 0, 0.379508, 

331.975, 103, 0, 0.379508, 

331.975, 104, 0, 0.379508, 

331.975, 105, 0, 0.379508, 

331.975, 106, 0, 0.379508, 

331.975, 107, 0, 0.379508, 

331.975, 108, 0, 0.379508, 

331.975, 109, 0, 0.379508, 

331.975, 110, 0, 0.379508, 

331.975, 111, 0, 0.379508, 

331.975, 112, 0, 0.379508, 

331.975, 113, 0, 0.379508, 

331.975, 114, 0, 0.379508, 

331.975, 115, 0, 0.379508, 

331.975, 116, 0, 0.379508, 

331.975, 117, 0, 0.379508, 

331.975, 118, 0, 0.379508, 

331.975, 119, 0, 0.379508, 

334.61, 0, 0, 0.379508, 

334.61, 1, 0, 0.379508, 

334.61, 2, 0, 0.379508, 

334.61, 3, 0, 0.379508, 

334.61, 4, 0, 0.379508, 

334.61, 5, 0, 0.379508, 

334.61, 6, 0, 0.379508, 

334.61, 7, 0, 0.379508, 

334.61, 8, 0, 0.379508, 

334.61, 9, 0, 0.379508, 

334.61, 10, 0, 0.379508, 

334.61, 11, 0, 0.379508, 

334.61, 12, 0, 0.379508, 

334.61, 13, 0, 0.379508, 

334.61, 14, 0, 0.379508, 

334.61, 15, 0, 0.379508, 

334.61, 16, 0, 0.379508, 

334.61, 17, 0, 0.379508, 

334.61, 18, 0, 0.379508, 

334.61, 19, 0, 0.379508, 

334.61, 20, 0, 0.379508, 

334.61, 21, 0, 0.379508, 

334.61, 22, 0, 0.379508, 

334.61, 23, 0, 0.379508, 

334.61, 24, 0, 0.379508, 

334.61, 25, 0, 0.379508, 

334.61, 26, 0, 0.379508, 

334.61, 27, 0, 0.379508, 

334.61, 28, 0, 0.379508, 

334.61, 29, 0, 0.379508, 

334.61, 30, 0, 0.379508, 

334.61, 31, 0, 0.379508, 

334.61, 32, 0, 0.379508, 

334.61, 33, 0, 0.379508, 

334.61, 34, 0, 0.379508, 

334.61, 35, 0, 0.379508, 

334.61, 36, 0, 0.379508, 

334.61, 37, 0, 0.379508, 

334.61, 38, 0, 0.379508, 

334.61, 39, 0, 0.379508, 

334.61, 40, 0, 0.379508, 

334.61, 41, 0, 0.379508, 

334.61, 42, 0, 0.379508, 

334.61, 43, 0, 0.379508, 

334.61, 44, 0, 0.379508, 

334.61, 45, 0, 0.379508, 

334.61, 46, 0, 0.379508, 

334.61, 47, 0, 0.379508, 

334.61, 48, 0, 0.379508, 

334.61, 49, 0, 0.379508, 

334.61, 50, 0, 0.379508, 

334.61, 51, 0, 0.379508, 

334.61, 52, 0, 0.379508, 

334.61, 53, 0, 0.379508, 

334.61, 54, 0, 0.379508, 

334.61, 55, 0, 0.379508, 

334.61, 56, 0, 0.379508, 

334.61, 57, 0, 0.379508, 

334.61, 58, 0, 0.379508, 

334.61, 59, 0, 0.379508, 

334.61, 60, 0, 0.379508, 

334.61, 61, 0, 0.379508, 

334.61, 62, 0, 0.379508, 

334.61, 63, 0, 0.379508, 

334.61, 64, 0, 0.379508, 

334.61, 65, 0, 0.379508, 

334.61, 66, 0, 0.379508, 

334.61, 67, 0, 0.379508, 

334.61, 68, 0, 0.379508, 

334.61, 69, 0, 0.379508, 

334.61, 70, 0, 0.379508, 

334.61, 71, 0, 0.379508, 

334.61, 72, 0, 0.379508, 

334.61, 73, 0, 0.379508, 

334.61, 74, 0, 0.379508, 

334.61, 75, 0, 0.379508, 

334.61, 76, 0, 0.379508, 

334.61, 77, 0, 0.379508, 

334.61, 78, 0, 0.379508, 

334.61, 79, 0, 0.379508, 

334.61, 80, 0, 0.379508, 

334.61, 81, 0, 0.379508, 

334.61, 82, 0, 0.379508, 

334.61, 83, 0, 0.379508, 

334.61, 84, 0, 0.379508, 

334.61, 85, 0, 0.379508, 

334.61, 86, 0, 0.379508, 

334.61, 87, 0, 0.379508, 

334.61, 88, 0, 0.379508, 

334.61, 89, 0, 0.379508, 

334.61, 90, 0, 0.379508, 

334.61, 91, 0, 0.379508, 

334.61, 92, 0, 0.379508, 

334.61, 93, 0, 0.379508, 

334.61, 94, 0, 0.379508, 

334.61, 95, 0, 0.379508, 

334.61, 96, 0, 0.379508, 

334.61, 97, 0, 0.379508, 

334.61, 98, 0, 0.379508, 

334.61, 99, 0, 0.379508, 

334.61, 100, 0, 0.379508, 

334.61, 101, 0, 0.379508, 

334.61, 102, 0, 0.379508, 

334.61, 103, 0, 0.379508, 

334.61, 104, 0, 0.379508, 

334.61, 105, 0, 0.379508, 

334.61, 106, 0, 0.379508, 

334.61, 107, 0, 0.379508, 

334.61, 108, 0, 0.379508, 

334.61, 109, 0, 0.379508, 

334.61, 110, 0, 0.379508, 

334.61, 111, 0, 0.379508, 

334.61, 112, 0, 0.379508, 

334.61, 113, 0, 0.379508, 

334.61, 114, 0, 0.379508, 

334.61, 115, 0, 0.379508, 

334.61, 116, 0, 0.379508, 

334.61, 117, 0, 0.379508, 

334.61, 118, 0, 0.379508, 

334.61, 119, 0, 0.379508, 

337.244, 0, 0, 0.379508, 

337.244, 1, 0, 0.379508, 

337.244, 2, 0, 0.379508, 

337.244, 3, 0, 0.379508, 

337.244, 4, 0, 0.379508, 

337.244, 5, 0, 0.379508, 

337.244, 6, 0, 0.379508, 

337.244, 7, 0, 0.379508, 

337.244, 8, 0, 0.379508, 

337.244, 9, 0, 0.379508, 

337.244, 10, 0, 0.379508, 

337.244, 11, 0, 0.379508, 

337.244, 12, 0, 0.379508, 

337.244, 13, 0, 0.379508, 

337.244, 14, 0, 0.379508, 

337.244, 15, 0, 0.379508, 

337.244, 16, 0, 0.379508, 

337.244, 17, 0, 0.379508, 

337.244, 18, 0, 0.379508, 

337.244, 19, 0, 0.379508, 

337.244, 20, 0, 0.379508, 

337.244, 21, 0, 0.379508, 

337.244, 22, 0, 0.379508, 

337.244, 23, 0, 0.379508, 

337.244, 24, 0, 0.379508, 

337.244, 25, 0, 0.379508, 

337.244, 26, 0, 0.379508, 

337.244, 27, 0, 0.379508, 

337.244, 28, 0, 0.379508, 

337.244, 29, 0, 0.379508, 

337.244, 30, 0, 0.379508, 

337.244, 31, 0, 0.379508, 

337.244, 32, 0, 0.379508, 

337.244, 33, 0, 0.379508, 

337.244, 34, 0, 0.379508, 

337.244, 35, 0, 0.379508, 

337.244, 36, 0, 0.379508, 

337.244, 37, 0, 0.379508, 

337.244, 38, 0, 0.379508, 

337.244, 39, 0, 0.379508, 

337.244, 40, 0, 0.379508, 

337.244, 41, 0, 0.379508, 

337.244, 42, 0, 0.379508, 

337.244, 43, 0, 0.379508, 

337.244, 44, 0, 0.379508, 

337.244, 45, 0, 0.379508, 

337.244, 46, 0, 0.379508, 

337.244, 47, 0, 0.379508, 

337.244, 48, 0, 0.379508, 

337.244, 49, 0, 0.379508, 

337.244, 50, 0, 0.379508, 

337.244, 51, 0, 0.379508, 

337.244, 52, 0, 0.379508, 

337.244, 53, 0, 0.379508, 

337.244, 54, 0, 0.379508, 

337.244, 55, 0, 0.379508, 

337.244, 56, 0, 0.379508, 

337.244, 57, 0, 0.379508, 

337.244, 58, 0, 0.379508, 

337.244, 59, 0, 0.379508, 

337.244, 60, 0, 0.379508, 

337.244, 61, 0, 0.379508, 

337.244, 62, 0, 0.379508, 

337.244, 63, 0, 0.379508, 

337.244, 64, 0, 0.379508, 

337.244, 65, 0, 0.379508, 

337.244, 66, 0, 0.379508, 

337.244, 67, 0, 0.379508, 

337.244, 68, 0, 0.379508, 

337.244, 69, 0, 0.379508, 

337.244, 70, 0, 0.379508, 

337.244, 71, 0, 0.379508, 

337.244, 72, 0, 0.379508, 

337.244, 73, 0, 0.379508, 

337.244, 74, 0, 0.379508, 

337.244, 75, 0, 0.379508, 

337.244, 76, 0, 0.379508, 

337.244, 77, 0, 0.379508, 

337.244, 78, 0, 0.379508, 

337.244, 79, 0, 0.379508, 

337.244, 80, 0, 0.379508, 

337.244, 81, 0, 0.379508, 

337.244, 82, 0, 0.379508, 

337.244, 83, 0, 0.379508, 

337.244, 84, 0, 0.379508, 

337.244, 85, 0, 0.379508, 

337.244, 86, 0, 0.379508, 

337.244, 87, 0, 0.379508, 

337.244, 88, 0, 0.379508, 

337.244, 89, 0, 0.379508, 

337.244, 90, 0, 0.379508, 

337.244, 91, 0, 0.379508, 

337.244, 92, 0, 0.379508, 

337.244, 93, 0, 0.379508, 

337.244, 94, 0, 0.379508, 

337.244, 95, 0, 0.379508, 

337.244, 96, 0, 0.379508, 

337.244, 97, 0, 0.379508, 

337.244, 98, 0, 0.379508, 

337.244, 99, 0, 0.379508, 

337.244, 100, 0, 0.379508, 

337.244, 101, 0, 0.379508, 

337.244, 102, 0, 0.379508, 

337.244, 103, 0, 0.379508, 

337.244, 104, 0, 0.379508, 

337.244, 105, 0, 0.379508, 

337.244, 106, 0, 0.379508, 

337.244, 107, 0, 0.379508, 

337.244, 108, 0, 0.379508, 

337.244, 109, 0, 0.379508, 

337.244, 110, 0, 0.379508, 

337.244, 111, 0, 0.379508, 

337.244, 112, 0, 0.379508, 

337.244, 113, 0, 0.379508, 

337.244, 114, 0, 0.379508, 

337.244, 115, 0, 0.379508, 

337.244, 116, 0, 0.379508, 

337.244, 117, 0, 0.379508, 

337.244, 118, 0, 0.379508, 

337.244, 119, 0, 0.379508, 

339.879, 0, 0, 0.379508, 

339.879, 1, 0, 0.379508, 

339.879, 2, 0, 0.379508, 

339.879, 3, 0, 0.379508, 

339.879, 4, 0, 0.379508, 

339.879, 5, 0, 0.379508, 

339.879, 6, 0, 0.379508, 

339.879, 7, 0, 0.379508, 

339.879, 8, 0, 0.379508, 

339.879, 9, 0, 0.379508, 

339.879, 10, 0, 0.379508, 

339.879, 11, 0, 0.379508, 

339.879, 12, 0, 0.379508, 

339.879, 13, 0, 0.379508, 

339.879, 14, 0, 0.379508, 

339.879, 15, 0, 0.379508, 

339.879, 16, 0, 0.379508, 

339.879, 17, 0, 0.379508, 

339.879, 18, 0, 0.379508, 

339.879, 19, 0, 0.379508, 

339.879, 20, 0, 0.379508, 

339.879, 21, 0, 0.379508, 

339.879, 22, 0, 0.379508, 

339.879, 23, 0, 0.379508, 

339.879, 24, 0, 0.379508, 

339.879, 25, 0, 0.379508, 

339.879, 26, 0, 0.379508, 

339.879, 27, 0, 0.379508, 

339.879, 28, 0, 0.379508, 

339.879, 29, 0, 0.379508, 

339.879, 30, 0, 0.379508, 

339.879, 31, 0, 0.379508, 

339.879, 32, 0, 0.379508, 

339.879, 33, 0, 0.379508, 

339.879, 34, 0, 0.379508, 

339.879, 35, 0, 0.379508, 

339.879, 36, 0, 0.379508, 

339.879, 37, 0, 0.379508, 

339.879, 38, 0, 0.379508, 

339.879, 39, 0, 0.379508, 

339.879, 40, 0, 0.379508, 

339.879, 41, 0, 0.379508, 

339.879, 42, 0, 0.379508, 

339.879, 43, 0, 0.379508, 

339.879, 44, 0, 0.379508, 

339.879, 45, 0, 0.379508, 

339.879, 46, 0, 0.379508, 

339.879, 47, 0, 0.379508, 

339.879, 48, 0, 0.379508, 

339.879, 49, 0, 0.379508, 

339.879, 50, 0, 0.379508, 

339.879, 51, 0, 0.379508, 

339.879, 52, 0, 0.379508, 

339.879, 53, 0, 0.379508, 

339.879, 54, 0, 0.379508, 

339.879, 55, 0, 0.379508, 

339.879, 56, 0, 0.379508, 

339.879, 57, 0, 0.379508, 

339.879, 58, 0, 0.379508, 

339.879, 59, 0, 0.379508, 

339.879, 60, 0, 0.379508, 

339.879, 61, 0, 0.379508, 

339.879, 62, 0, 0.379508, 

339.879, 63, 0, 0.379508, 

339.879, 64, 0, 0.379508, 

339.879, 65, 0, 0.379508, 

339.879, 66, 0, 0.379508, 

339.879, 67, 0, 0.379508, 

339.879, 68, 0, 0.379508, 

339.879, 69, 0, 0.379508, 

339.879, 70, 0, 0.379508, 

339.879, 71, 0, 0.379508, 

339.879, 72, 0, 0.379508, 

339.879, 73, 0, 0.379508, 

339.879, 74, 0, 0.379508, 

339.879, 75, 0, 0.379508, 

339.879, 76, 0, 0.379508, 

339.879, 77, 0, 0.379508, 

339.879, 78, 0, 0.379508, 

339.879, 79, 0, 0.379508, 

339.879, 80, 0, 0.379508, 

339.879, 81, 0, 0.379508, 

339.879, 82, 0, 0.379508, 

339.879, 83, 0, 0.379508, 

339.879, 84, 0, 0.379508, 

339.879, 85, 0, 0.379508, 

339.879, 86, 0, 0.379508, 

339.879, 87, 0, 0.379508, 

339.879, 88, 0, 0.379508, 

339.879, 89, 0, 0.379508, 

339.879, 90, 0, 0.379508, 

339.879, 91, 0, 0.379508, 

339.879, 92, 0, 0.379508, 

339.879, 93, 0, 0.379508, 

339.879, 94, 0, 0.379508, 

339.879, 95, 0, 0.379508, 

339.879, 96, 0, 0.379508, 

339.879, 97, 0, 0.379508, 

339.879, 98, 0, 0.379508, 

339.879, 99, 0, 0.379508, 

339.879, 100, 0, 0.379508, 

339.879, 101, 0, 0.379508, 

339.879, 102, 0, 0.379508, 

339.879, 103, 0, 0.379508, 

339.879, 104, 0, 0.379508, 

339.879, 105, 0, 0.379508, 

339.879, 106, 0, 0.379508, 

339.879, 107, 0, 0.379508, 

339.879, 108, 0, 0.379508, 

339.879, 109, 0, 0.379508, 

339.879, 110, 0, 0.379508, 

339.879, 111, 0, 0.379508, 

339.879, 112, 0, 0.379508, 

339.879, 113, 0, 0.379508, 

339.879, 114, 0, 0.379508, 

339.879, 115, 0, 0.379508, 

339.879, 116, 0, 0.379508, 

339.879, 117, 0, 0.379508, 

339.879, 118, 0, 0.379508, 

339.879, 119, 0, 0.379508, 

342.514, 0, 0, 0.379508, 

342.514, 1, 0, 0.379508, 

342.514, 2, 0, 0.379508, 

342.514, 3, 0, 0.379508, 

342.514, 4, 0, 0.379508, 

342.514, 5, 0, 0.379508, 

342.514, 6, 0, 0.379508, 

342.514, 7, 0, 0.379508, 

342.514, 8, 0, 0.379508, 

342.514, 9, 0, 0.379508, 

342.514, 10, 0, 0.379508, 

342.514, 11, 0, 0.379508, 

342.514, 12, 0, 0.379508, 

342.514, 13, 0, 0.379508, 

342.514, 14, 0, 0.379508, 

342.514, 15, 0, 0.379508, 

342.514, 16, 0, 0.379508, 

342.514, 17, 0, 0.379508, 

342.514, 18, 0, 0.379508, 

342.514, 19, 0, 0.379508, 

342.514, 20, 0, 0.379508, 

342.514, 21, 0, 0.379508, 

342.514, 22, 0, 0.379508, 

342.514, 23, 0, 0.379508, 

342.514, 24, 0, 0.379508, 

342.514, 25, 0, 0.379508, 

342.514, 26, 0, 0.379508, 

342.514, 27, 0, 0.379508, 

342.514, 28, 0, 0.379508, 

342.514, 29, 0, 0.379508, 

342.514, 30, 0, 0.379508, 

342.514, 31, 0, 0.379508, 

342.514, 32, 0, 0.379508, 

342.514, 33, 0, 0.379508, 

342.514, 34, 0, 0.379508, 

342.514, 35, 0, 0.379508, 

342.514, 36, 0, 0.379508, 

342.514, 37, 0, 0.379508, 

342.514, 38, 0, 0.379508, 

342.514, 39, 0, 0.379508, 

342.514, 40, 0, 0.379508, 

342.514, 41, 0, 0.379508, 

342.514, 42, 0, 0.379508, 

342.514, 43, 0, 0.379508, 

342.514, 44, 0, 0.379508, 

342.514, 45, 0, 0.379508, 

342.514, 46, 0, 0.379508, 

342.514, 47, 0, 0.379508, 

342.514, 48, 0, 0.379508, 

342.514, 49, 0, 0.379508, 

342.514, 50, 0, 0.379508, 

342.514, 51, 0, 0.379508, 

342.514, 52, 0, 0.379508, 

342.514, 53, 0, 0.379508, 

342.514, 54, 0, 0.379508, 

342.514, 55, 0, 0.379508, 

342.514, 56, 0, 0.379508, 

342.514, 57, 0, 0.379508, 

342.514, 58, 0, 0.379508, 

342.514, 59, 0, 0.379508, 

342.514, 60, 0, 0.379508, 

342.514, 61, 0, 0.379508, 

342.514, 62, 0, 0.379508, 

342.514, 63, 0, 0.379508, 

342.514, 64, 0, 0.379508, 

342.514, 65, 0, 0.379508, 

342.514, 66, 0, 0.379508, 

342.514, 67, 0, 0.379508, 

342.514, 68, 0, 0.379508, 

342.514, 69, 0, 0.379508, 

342.514, 70, 0, 0.379508, 

342.514, 71, 0, 0.379508, 

342.514, 72, 0, 0.379508, 

342.514, 73, 0, 0.379508, 

342.514, 74, 0, 0.379508, 

342.514, 75, 0, 0.379508, 

342.514, 76, 0, 0.379508, 

342.514, 77, 0, 0.379508, 

342.514, 78, 0, 0.379508, 

342.514, 79, 0, 0.379508, 

342.514, 80, 0, 0.379508, 

342.514, 81, 0, 0.379508, 

342.514, 82, 0, 0.379508, 

342.514, 83, 0, 0.379508, 

342.514, 84, 0, 0.379508, 

342.514, 85, 0, 0.379508, 

342.514, 86, 0, 0.379508, 

342.514, 87, 0, 0.379508, 

342.514, 88, 0, 0.379508, 

342.514, 89, 0, 0.379508, 

342.514, 90, 0, 0.379508, 

342.514, 91, 0, 0.379508, 

342.514, 92, 0, 0.379508, 

342.514, 93, 0, 0.379508, 

342.514, 94, 0, 0.379508, 

342.514, 95, 0, 0.379508, 

342.514, 96, 0, 0.379508, 

342.514, 97, 0, 0.379508, 

342.514, 98, 0, 0.379508, 

342.514, 99, 0, 0.379508, 

342.514, 100, 0, 0.379508, 

342.514, 101, 0, 0.379508, 

342.514, 102, 0, 0.379508, 

342.514, 103, 0, 0.379508, 

342.514, 104, 0, 0.379508, 

342.514, 105, 0, 0.379508, 

342.514, 106, 0, 0.379508, 

342.514, 107, 0, 0.379508, 

342.514, 108, 0, 0.379508, 

342.514, 109, 0, 0.379508, 

342.514, 110, 0, 0.379508, 

342.514, 111, 0, 0.379508, 

342.514, 112, 0, 0.379508, 

342.514, 113, 0, 0.379508, 

342.514, 114, 0, 0.379508, 

342.514, 115, 0, 0.379508, 

342.514, 116, 0, 0.379508, 

342.514, 117, 0, 0.379508, 

342.514, 118, 0, 0.379508, 

342.514, 119, 0, 0.379508, 

345.149, 0, 0, 0.379508, 

345.149, 1, 0, 0.379508, 

345.149, 2, 0, 0.379508, 

345.149, 3, 0, 0.379508, 

345.149, 4, 0, 0.379508, 

345.149, 5, 0, 0.379508, 

345.149, 6, 0, 0.379508, 

345.149, 7, 0, 0.379508, 

345.149, 8, 0, 0.379508, 

345.149, 9, 0, 0.379508, 

345.149, 10, 0, 0.379508, 

345.149, 11, 0, 0.379508, 

345.149, 12, 0, 0.379508, 

345.149, 13, 0, 0.379508, 

345.149, 14, 0, 0.379508, 

345.149, 15, 0, 0.379508, 

345.149, 16, 0, 0.379508, 

345.149, 17, 0, 0.379508, 

345.149, 18, 0, 0.379508, 

345.149, 19, 0, 0.379508, 

345.149, 20, 0, 0.379508, 

345.149, 21, 0, 0.379508, 

345.149, 22, 0, 0.379508, 

345.149, 23, 0, 0.379508, 

345.149, 24, 0, 0.379508, 

345.149, 25, 0, 0.379508, 

345.149, 26, 0, 0.379508, 

345.149, 27, 0, 0.379508, 

345.149, 28, 0, 0.379508, 

345.149, 29, 0, 0.379508, 

345.149, 30, 0, 0.379508, 

345.149, 31, 0, 0.379508, 

345.149, 32, 0, 0.379508, 

345.149, 33, 0, 0.379508, 

345.149, 34, 0, 0.379508, 

345.149, 35, 0, 0.379508, 

345.149, 36, 0, 0.379508, 

345.149, 37, 0, 0.379508, 

345.149, 38, 0, 0.379508, 

345.149, 39, 0, 0.379508, 

345.149, 40, 0, 0.379508, 

345.149, 41, 0, 0.379508, 

345.149, 42, 0, 0.379508, 

345.149, 43, 0, 0.379508, 

345.149, 44, 0, 0.379508, 

345.149, 45, 0, 0.379508, 

345.149, 46, 0, 0.379508, 

345.149, 47, 0, 0.379508, 

345.149, 48, 0, 0.379508, 

345.149, 49, 0, 0.379508, 

345.149, 50, 0, 0.379508, 

345.149, 51, 0, 0.379508, 

345.149, 52, 0, 0.379508, 

345.149, 53, 0, 0.379508, 

345.149, 54, 0, 0.379508, 

345.149, 55, 0, 0.379508, 

345.149, 56, 0, 0.379508, 

345.149, 57, 0, 0.379508, 

345.149, 58, 0, 0.379508, 

345.149, 59, 0, 0.379508, 

345.149, 60, 0, 0.379508, 

345.149, 61, 0, 0.379508, 

345.149, 62, 0, 0.379508, 

345.149, 63, 0, 0.379508, 

345.149, 64, 0, 0.379508, 

345.149, 65, 0, 0.379508, 

345.149, 66, 0, 0.379508, 

345.149, 67, 0, 0.379508, 

345.149, 68, 0, 0.379508, 

345.149, 69, 0, 0.379508, 

345.149, 70, 0, 0.379508, 

345.149, 71, 0, 0.379508, 

345.149, 72, 0, 0.379508, 

345.149, 73, 0, 0.379508, 

345.149, 74, 0, 0.379508, 

345.149, 75, 0, 0.379508, 

345.149, 76, 0, 0.379508, 

345.149, 77, 0, 0.379508, 

345.149, 78, 0, 0.379508, 

345.149, 79, 0, 0.379508, 

345.149, 80, 0, 0.379508, 

345.149, 81, 0, 0.379508, 

345.149, 82, 0, 0.379508, 

345.149, 83, 0, 0.379508, 

345.149, 84, 0, 0.379508, 

345.149, 85, 0, 0.379508, 

345.149, 86, 0, 0.379508, 

345.149, 87, 0, 0.379508, 

345.149, 88, 0, 0.379508, 

345.149, 89, 0, 0.379508, 

345.149, 90, 0, 0.379508, 

345.149, 91, 0, 0.379508, 

345.149, 92, 0, 0.379508, 

345.149, 93, 0, 0.379508, 

345.149, 94, 0, 0.379508, 

345.149, 95, 0, 0.379508, 

345.149, 96, 0, 0.379508, 

345.149, 97, 0, 0.379508, 

345.149, 98, 0, 0.379508, 

345.149, 99, 0, 0.379508, 

345.149, 100, 0, 0.379508, 

345.149, 101, 0, 0.379508, 

345.149, 102, 0, 0.379508, 

345.149, 103, 0, 0.379508, 

345.149, 104, 0, 0.379508, 

345.149, 105, 0, 0.379508, 

345.149, 106, 0, 0.379508, 

345.149, 107, 0, 0.379508, 

345.149, 108, 0, 0.379508, 

345.149, 109, 0, 0.379508, 

345.149, 110, 0, 0.379508, 

345.149, 111, 0, 0.379508, 

345.149, 112, 0, 0.379508, 

345.149, 113, 0, 0.379508, 

345.149, 114, 0, 0.379508, 

345.149, 115, 0, 0.379508, 

345.149, 116, 0, 0.379508, 

345.149, 117, 0, 0.379508, 

345.149, 118, 0, 0.379508, 

345.149, 119, 0, 0.379508, 

347.783, 0, 0, 0.379508, 

347.783, 1, 0, 0.379508, 

347.783, 2, 0, 0.379508, 

347.783, 3, 0, 0.379508, 

347.783, 4, 0, 0.379508, 

347.783, 5, 0, 0.379508, 

347.783, 6, 0, 0.379508, 

347.783, 7, 0, 0.379508, 

347.783, 8, 0, 0.379508, 

347.783, 9, 0, 0.379508, 

347.783, 10, 0, 0.379508, 

347.783, 11, 0, 0.379508, 

347.783, 12, 0, 0.379508, 

347.783, 13, 0, 0.379508, 

347.783, 14, 0, 0.379508, 

347.783, 15, 0, 0.379508, 

347.783, 16, 0, 0.379508, 

347.783, 17, 0, 0.379508, 

347.783, 18, 0, 0.379508, 

347.783, 19, 0, 0.379508, 

347.783, 20, 0, 0.379508, 

347.783, 21, 0, 0.379508, 

347.783, 22, 0, 0.379508, 

347.783, 23, 0, 0.379508, 

347.783, 24, 0, 0.379508, 

347.783, 25, 0, 0.379508, 

347.783, 26, 0, 0.379508, 

347.783, 27, 0, 0.379508, 

347.783, 28, 0, 0.379508, 

347.783, 29, 0, 0.379508, 

347.783, 30, 0, 0.379508, 

347.783, 31, 0, 0.379508, 

347.783, 32, 0, 0.379508, 

347.783, 33, 0, 0.379508, 

347.783, 34, 0, 0.379508, 

347.783, 35, 0, 0.379508, 

347.783, 36, 0, 0.379508, 

347.783, 37, 0, 0.379508, 

347.783, 38, 0, 0.379508, 

347.783, 39, 0, 0.379508, 

347.783, 40, 0, 0.379508, 

347.783, 41, 0, 0.379508, 

347.783, 42, 0, 0.379508, 

347.783, 43, 0, 0.379508, 

347.783, 44, 0, 0.379508, 

347.783, 45, 0, 0.379508, 

347.783, 46, 0, 0.379508, 

347.783, 47, 0, 0.379508, 

347.783, 48, 0, 0.379508, 

347.783, 49, 0, 0.379508, 

347.783, 50, 0, 0.379508, 

347.783, 51, 0, 0.379508, 

347.783, 52, 0, 0.379508, 

347.783, 53, 0, 0.379508, 

347.783, 54, 0, 0.379508, 

347.783, 55, 0, 0.379508, 

347.783, 56, 0, 0.379508, 

347.783, 57, 0, 0.379508, 

347.783, 58, 0, 0.379508, 

347.783, 59, 0, 0.379508, 

347.783, 60, 0, 0.379508, 

347.783, 61, 0, 0.379508, 

347.783, 62, 0, 0.379508, 

347.783, 63, 0, 0.379508, 

347.783, 64, 0, 0.379508, 

347.783, 65, 0, 0.379508, 

347.783, 66, 0, 0.379508, 

347.783, 67, 0, 0.379508, 

347.783, 68, 0, 0.379508, 

347.783, 69, 0, 0.379508, 

347.783, 70, 0, 0.379508, 

347.783, 71, 0, 0.379508, 

347.783, 72, 0, 0.379508, 

347.783, 73, 0, 0.379508, 

347.783, 74, 0, 0.379508, 

347.783, 75, 0, 0.379508, 

347.783, 76, 0, 0.379508, 

347.783, 77, 0, 0.379508, 

347.783, 78, 0, 0.379508, 

347.783, 79, 0, 0.379508, 

347.783, 80, 0, 0.379508, 

347.783, 81, 0, 0.379508, 

347.783, 82, 0, 0.379508, 

347.783, 83, 0, 0.379508, 

347.783, 84, 0, 0.379508, 

347.783, 85, 0, 0.379508, 

347.783, 86, 0, 0.379508, 

347.783, 87, 0, 0.379508, 

347.783, 88, 0, 0.379508, 

347.783, 89, 0, 0.379508, 

347.783, 90, 0, 0.379508, 

347.783, 91, 0, 0.379508, 

347.783, 92, 0, 0.379508, 

347.783, 93, 0, 0.379508, 

347.783, 94, 0, 0.379508, 

347.783, 95, 0, 0.379508, 

347.783, 96, 0, 0.379508, 

347.783, 97, 0, 0.379508, 

347.783, 98, 0, 0.379508, 

347.783, 99, 0, 0.379508, 

347.783, 100, 0, 0.379508, 

347.783, 101, 0, 0.379508, 

347.783, 102, 0, 0.379508, 

347.783, 103, 0, 0.379508, 

347.783, 104, 0, 0.379508, 

347.783, 105, 0, 0.379508, 

347.783, 106, 0, 0.379508, 

347.783, 107, 0, 0.379508, 

347.783, 108, 0, 0.379508, 

347.783, 109, 0, 0.379508, 

347.783, 110, 0, 0.379508, 

347.783, 111, 0, 0.379508, 

347.783, 112, 0, 0.379508, 

347.783, 113, 0, 0.379508, 

347.783, 114, 0, 0.379508, 

347.783, 115, 0, 0.379508, 

347.783, 116, 0, 0.379508, 

347.783, 117, 0, 0.379508, 

347.783, 118, 0, 0.379508, 

347.783, 119, 0, 0.379508, 

350.418, 0, 0, 0.379508, 

350.418, 1, 0, 0.379508, 

350.418, 2, 0, 0.379508, 

350.418, 3, 0, 0.379508, 

350.418, 4, 0, 0.379508, 

350.418, 5, 0, 0.379508, 

350.418, 6, 0, 0.379508, 

350.418, 7, 0, 0.379508, 

350.418, 8, 0, 0.379508, 

350.418, 9, 0, 0.379508, 

350.418, 10, 0, 0.379508, 

350.418, 11, 0, 0.379508, 

350.418, 12, 0, 0.379508, 

350.418, 13, 0, 0.379508, 

350.418, 14, 0, 0.379508, 

350.418, 15, 0, 0.379508, 

350.418, 16, 0, 0.379508, 

350.418, 17, 0, 0.379508, 

350.418, 18, 0, 0.379508, 

350.418, 19, 0, 0.379508, 

350.418, 20, 0, 0.379508, 

350.418, 21, 0, 0.379508, 

350.418, 22, 0, 0.379508, 

350.418, 23, 0, 0.379508, 

350.418, 24, 0, 0.379508, 

350.418, 25, 0, 0.379508, 

350.418, 26, 0, 0.379508, 

350.418, 27, 0, 0.379508, 

350.418, 28, 0, 0.379508, 

350.418, 29, 0, 0.379508, 

350.418, 30, 0, 0.379508, 

350.418, 31, 0, 0.379508, 

350.418, 32, 0, 0.379508, 

350.418, 33, 0, 0.379508, 

350.418, 34, 0, 0.379508, 

350.418, 35, 0, 0.379508, 

350.418, 36, 0, 0.379508, 

350.418, 37, 0, 0.379508, 

350.418, 38, 0, 0.379508, 

350.418, 39, 0, 0.379508, 

350.418, 40, 0, 0.379508, 

350.418, 41, 0, 0.379508, 

350.418, 42, 0, 0.379508, 

350.418, 43, 0, 0.379508, 

350.418, 44, 0, 0.379508, 

350.418, 45, 0, 0.379508, 

350.418, 46, 0, 0.379508, 

350.418, 47, 0, 0.379508, 

350.418, 48, 0, 0.379508, 

350.418, 49, 0, 0.379508, 

350.418, 50, 0, 0.379508, 

350.418, 51, 0, 0.379508, 

350.418, 52, 0, 0.379508, 

350.418, 53, 0, 0.379508, 

350.418, 54, 0, 0.379508, 

350.418, 55, 0, 0.379508, 

350.418, 56, 0, 0.379508, 

350.418, 57, 0, 0.379508, 

350.418, 58, 0, 0.379508, 

350.418, 59, 0, 0.379508, 

350.418, 60, 0, 0.379508, 

350.418, 61, 0, 0.379508, 

350.418, 62, 0, 0.379508, 

350.418, 63, 0, 0.379508, 

350.418, 64, 0, 0.379508, 

350.418, 65, 0, 0.379508, 

350.418, 66, 0, 0.379508, 

350.418, 67, 0, 0.379508, 

350.418, 68, 0, 0.379508, 

350.418, 69, 0, 0.379508, 

350.418, 70, 0, 0.379508, 

350.418, 71, 0, 0.379508, 

350.418, 72, 0, 0.379508, 

350.418, 73, 0, 0.379508, 

350.418, 74, 0, 0.379508, 

350.418, 75, 0, 0.379508, 

350.418, 76, 0, 0.379508, 

350.418, 77, 0, 0.379508, 

350.418, 78, 0, 0.379508, 

350.418, 79, 0, 0.379508, 

350.418, 80, 0, 0.379508, 

350.418, 81, 0, 0.379508, 

350.418, 82, 0, 0.379508, 

350.418, 83, 0, 0.379508, 

350.418, 84, 0, 0.379508, 

350.418, 85, 0, 0.379508, 

350.418, 86, 0, 0.379508, 

350.418, 87, 0, 0.379508, 

350.418, 88, 0, 0.379508, 

350.418, 89, 0, 0.379508, 

350.418, 90, 0, 0.379508, 

350.418, 91, 0, 0.379508, 

350.418, 92, 0, 0.379508, 

350.418, 93, 0, 0.379508, 

350.418, 94, 0, 0.379508, 

350.418, 95, 0, 0.379508, 

350.418, 96, 0, 0.379508, 

350.418, 97, 0, 0.379508, 

350.418, 98, 0, 0.379508, 

350.418, 99, 0, 0.379508, 

350.418, 100, 0, 0.379508, 

350.418, 101, 0, 0.379508, 

350.418, 102, 0, 0.379508, 

350.418, 103, 0, 0.379508, 

350.418, 104, 0, 0.379508, 

350.418, 105, 0, 0.379508, 

350.418, 106, 0, 0.379508, 

350.418, 107, 0, 0.379508, 

350.418, 108, 0, 0.379508, 

350.418, 109, 0, 0.379508, 

350.418, 110, 0, 0.379508, 

350.418, 111, 0, 0.379508, 

350.418, 112, 0, 0.379508, 

350.418, 113, 0, 0.379508, 

350.418, 114, 0, 0.379508, 

350.418, 115, 0, 0.379508, 

350.418, 116, 0, 0.379508, 

350.418, 117, 0, 0.379508, 

350.418, 118, 0, 0.379508, 

350.418, 119, 0, 0.379508, 

353.053, 0, 0, 0.379508, 

353.053, 1, 0, 0.379508, 

353.053, 2, 0, 0.379508, 

353.053, 3, 0, 0.379508, 

353.053, 4, 0, 0.379508, 

353.053, 5, 0, 0.379508, 

353.053, 6, 0, 0.379508, 

353.053, 7, 0, 0.379508, 

353.053, 8, 0, 0.379508, 

353.053, 9, 0, 0.379508, 

353.053, 10, 0, 0.379508, 

353.053, 11, 0, 0.379508, 

353.053, 12, 0, 0.379508, 

353.053, 13, 0, 0.379508, 

353.053, 14, 0, 0.379508, 

353.053, 15, 0, 0.379508, 

353.053, 16, 0, 0.379508, 

353.053, 17, 0, 0.379508, 

353.053, 18, 0, 0.379508, 

353.053, 19, 0, 0.379508, 

353.053, 20, 0, 0.379508, 

353.053, 21, 0, 0.379508, 

353.053, 22, 0, 0.379508, 

353.053, 23, 0, 0.379508, 

353.053, 24, 0, 0.379508, 

353.053, 25, 0, 0.379508, 

353.053, 26, 0, 0.379508, 

353.053, 27, 0, 0.379508, 

353.053, 28, 0, 0.379508, 

353.053, 29, 0, 0.379508, 

353.053, 30, 0, 0.379508, 

353.053, 31, 0, 0.379508, 

353.053, 32, 0, 0.379508, 

353.053, 33, 0, 0.379508, 

353.053, 34, 0, 0.379508, 

353.053, 35, 0, 0.379508, 

353.053, 36, 0, 0.379508, 

353.053, 37, 0, 0.379508, 

353.053, 38, 0, 0.379508, 

353.053, 39, 0, 0.379508, 

353.053, 40, 0, 0.379508, 

353.053, 41, 0, 0.379508, 

353.053, 42, 0, 0.379508, 

353.053, 43, 0, 0.379508, 

353.053, 44, 0, 0.379508, 

353.053, 45, 0, 0.379508, 

353.053, 46, 0, 0.379508, 

353.053, 47, 0, 0.379508, 

353.053, 48, 0, 0.379508, 

353.053, 49, 0, 0.379508, 

353.053, 50, 0, 0.379508, 

353.053, 51, 0, 0.379508, 

353.053, 52, 0, 0.379508, 

353.053, 53, 0, 0.379508, 

353.053, 54, 0, 0.379508, 

353.053, 55, 0, 0.379508, 

353.053, 56, 0, 0.379508, 

353.053, 57, 0, 0.379508, 

353.053, 58, 0, 0.379508, 

353.053, 59, 0, 0.379508, 

353.053, 60, 0, 0.379508, 

353.053, 61, 0, 0.379508, 

353.053, 62, 0, 0.379508, 

353.053, 63, 0, 0.379508, 

353.053, 64, 0, 0.379508, 

353.053, 65, 0, 0.379508, 

353.053, 66, 0, 0.379508, 

353.053, 67, 0, 0.379508, 

353.053, 68, 0, 0.379508, 

353.053, 69, 0, 0.379508, 

353.053, 70, 0, 0.379508, 

353.053, 71, 0, 0.379508, 

353.053, 72, 0, 0.379508, 

353.053, 73, 0, 0.379508, 

353.053, 74, 0, 0.379508, 

353.053, 75, 0, 0.379508, 

353.053, 76, 0, 0.379508, 

353.053, 77, 0, 0.379508, 

353.053, 78, 0, 0.379508, 

353.053, 79, 0, 0.379508, 

353.053, 80, 0, 0.379508, 

353.053, 81, 0, 0.379508, 

353.053, 82, 0, 0.379508, 

353.053, 83, 0, 0.379508, 

353.053, 84, 0, 0.379508, 

353.053, 85, 0, 0.379508, 

353.053, 86, 0, 0.379508, 

353.053, 87, 0, 0.379508, 

353.053, 88, 0, 0.379508, 

353.053, 89, 0, 0.379508, 

353.053, 90, 0, 0.379508, 

353.053, 91, 0, 0.379508, 

353.053, 92, 0, 0.379508, 

353.053, 93, 0, 0.379508, 

353.053, 94, 0, 0.379508, 

353.053, 95, 0, 0.379508, 

353.053, 96, 0, 0.379508, 

353.053, 97, 0, 0.379508, 

353.053, 98, 0, 0.379508, 

353.053, 99, 0, 0.379508, 

353.053, 100, 0, 0.379508, 

353.053, 101, 0, 0.379508, 

353.053, 102, 0, 0.379508, 

353.053, 103, 0, 0.379508, 

353.053, 104, 0, 0.379508, 

353.053, 105, 0, 0.379508, 

353.053, 106, 0, 0.379508, 

353.053, 107, 0, 0.379508, 

353.053, 108, 0, 0.379508, 

353.053, 109, 0, 0.379508, 

353.053, 110, 0, 0.379508, 

353.053, 111, 0, 0.379508, 

353.053, 112, 0, 0.379508, 

353.053, 113, 0, 0.379508, 

353.053, 114, 0, 0.379508, 

353.053, 115, 0, 0.379508, 

353.053, 116, 0, 0.379508, 

353.053, 117, 0, 0.379508, 

353.053, 118, 0, 0.379508, 

353.053, 119, 0, 0.379508, 

355.687, 0, 0, 0.379508, 

355.687, 1, 0, 0.379508, 

355.687, 2, 0, 0.379508, 

355.687, 3, 0, 0.379508, 

355.687, 4, 0, 0.379508, 

355.687, 5, 0, 0.379508, 

355.687, 6, 0, 0.379508, 

355.687, 7, 0, 0.379508, 

355.687, 8, 0, 0.379508, 

355.687, 9, 0, 0.379508, 

355.687, 10, 0, 0.379508, 

355.687, 11, 0, 0.379508, 

355.687, 12, 0, 0.379508, 

355.687, 13, 0, 0.379508, 

355.687, 14, 0, 0.379508, 

355.687, 15, 0, 0.379508, 

355.687, 16, 0, 0.379508, 

355.687, 17, 0, 0.379508, 

355.687, 18, 0, 0.379508, 

355.687, 19, 0, 0.379508, 

355.687, 20, 0, 0.379508, 

355.687, 21, 0, 0.379508, 

355.687, 22, 0, 0.379508, 

355.687, 23, 0, 0.379508, 

355.687, 24, 0, 0.379508, 

355.687, 25, 0, 0.379508, 

355.687, 26, 0, 0.379508, 

355.687, 27, 0, 0.379508, 

355.687, 28, 0, 0.379508, 

355.687, 29, 0, 0.379508, 

355.687, 30, 0, 0.379508, 

355.687, 31, 0, 0.379508, 

355.687, 32, 0, 0.379508, 

355.687, 33, 0, 0.379508, 

355.687, 34, 0, 0.379508, 

355.687, 35, 0, 0.379508, 

355.687, 36, 0, 0.379508, 

355.687, 37, 0, 0.379508, 

355.687, 38, 0, 0.379508, 

355.687, 39, 0, 0.379508, 

355.687, 40, 0, 0.379508, 

355.687, 41, 0, 0.379508, 

355.687, 42, 0, 0.379508, 

355.687, 43, 0, 0.379508, 

355.687, 44, 0, 0.379508, 

355.687, 45, 0, 0.379508, 

355.687, 46, 0, 0.379508, 

355.687, 47, 0, 0.379508, 

355.687, 48, 0, 0.379508, 

355.687, 49, 0, 0.379508, 

355.687, 50, 0, 0.379508, 

355.687, 51, 0, 0.379508, 

355.687, 52, 0, 0.379508, 

355.687, 53, 0, 0.379508, 

355.687, 54, 0, 0.379508, 

355.687, 55, 0, 0.379508, 

355.687, 56, 0, 0.379508, 

355.687, 57, 0, 0.379508, 

355.687, 58, 0, 0.379508, 

355.687, 59, 0, 0.379508, 

355.687, 60, 0, 0.379508, 

355.687, 61, 0, 0.379508, 

355.687, 62, 0, 0.379508, 

355.687, 63, 0, 0.379508, 

355.687, 64, 0, 0.379508, 

355.687, 65, 0, 0.379508, 

355.687, 66, 0, 0.379508, 

355.687, 67, 0, 0.379508, 

355.687, 68, 0, 0.379508, 

355.687, 69, 0, 0.379508, 

355.687, 70, 0, 0.379508, 

355.687, 71, 0, 0.379508, 

355.687, 72, 0, 0.379508, 

355.687, 73, 0, 0.379508, 

355.687, 74, 0, 0.379508, 

355.687, 75, 0, 0.379508, 

355.687, 76, 0, 0.379508, 

355.687, 77, 0, 0.379508, 

355.687, 78, 0, 0.379508, 

355.687, 79, 0, 0.379508, 

355.687, 80, 0, 0.379508, 

355.687, 81, 0, 0.379508, 

355.687, 82, 0, 0.379508, 

355.687, 83, 0, 0.379508, 

355.687, 84, 0, 0.379508, 

355.687, 85, 0, 0.379508, 

355.687, 86, 0, 0.379508, 

355.687, 87, 0, 0.379508, 

355.687, 88, 0, 0.379508, 

355.687, 89, 0, 0.379508, 

355.687, 90, 0, 0.379508, 

355.687, 91, 0, 0.379508, 

355.687, 92, 0, 0.379508, 

355.687, 93, 0, 0.379508, 

355.687, 94, 0, 0.379508, 

355.687, 95, 0, 0.379508, 

355.687, 96, 0, 0.379508, 

355.687, 97, 0, 0.379508, 

355.687, 98, 0, 0.379508, 

355.687, 99, 0, 0.379508, 

355.687, 100, 0, 0.379508, 

355.687, 101, 0, 0.379508, 

355.687, 102, 0, 0.379508, 

355.687, 103, 0, 0.379508, 

355.687, 104, 0, 0.379508, 

355.687, 105, 0, 0.379508, 

355.687, 106, 0, 0.379508, 

355.687, 107, 0, 0.379508, 

355.687, 108, 0, 0.379508, 

355.687, 109, 0, 0.379508, 

355.687, 110, 0, 0.379508, 

355.687, 111, 0, 0.379508, 

355.687, 112, 0, 0.379508, 

355.687, 113, 0, 0.379508, 

355.687, 114, 0, 0.379508, 

355.687, 115, 0, 0.379508, 

355.687, 116, 0, 0.379508, 

355.687, 117, 0, 0.379508, 

355.687, 118, 0, 0.379508, 

355.687, 119, 0, 0.379508, 

358.322, 0, 0, 0.379508, 

358.322, 1, 0, 0.379508, 

358.322, 2, 0, 0.379508, 

358.322, 3, 0, 0.379508, 

358.322, 4, 0, 0.379508, 

358.322, 5, 0, 0.379508, 

358.322, 6, 0, 0.379508, 

358.322, 7, 0, 0.379508, 

358.322, 8, 0, 0.379508, 

358.322, 9, 0, 0.379508, 

358.322, 10, 0, 0.379508, 

358.322, 11, 0, 0.379508, 

358.322, 12, 0, 0.379508, 

358.322, 13, 0, 0.379508, 

358.322, 14, 0, 0.379508, 

358.322, 15, 0, 0.379508, 

358.322, 16, 0, 0.379508, 

358.322, 17, 0, 0.379508, 

358.322, 18, 0, 0.379508, 

358.322, 19, 0, 0.379508, 

358.322, 20, 0, 0.379508, 

358.322, 21, 0, 0.379508, 

358.322, 22, 0, 0.379508, 

358.322, 23, 0, 0.379508, 

358.322, 24, 0, 0.379508, 

358.322, 25, 0, 0.379508, 

358.322, 26, 0, 0.379508, 

358.322, 27, 0, 0.379508, 

358.322, 28, 0, 0.379508, 

358.322, 29, 0, 0.379508, 

358.322, 30, 0, 0.379508, 

358.322, 31, 0, 0.379508, 

358.322, 32, 0, 0.379508, 

358.322, 33, 0, 0.379508, 

358.322, 34, 0, 0.379508, 

358.322, 35, 0, 0.379508, 

358.322, 36, 0, 0.379508, 

358.322, 37, 0, 0.379508, 

358.322, 38, 0, 0.379508, 

358.322, 39, 0, 0.379508, 

358.322, 40, 0, 0.379508, 

358.322, 41, 0, 0.379508, 

358.322, 42, 0, 0.379508, 

358.322, 43, 0, 0.379508, 

358.322, 44, 0, 0.379508, 

358.322, 45, 0, 0.379508, 

358.322, 46, 0, 0.379508, 

358.322, 47, 0, 0.379508, 

358.322, 48, 0, 0.379508, 

358.322, 49, 0, 0.379508, 

358.322, 50, 0, 0.379508, 

358.322, 51, 0, 0.379508, 

358.322, 52, 0, 0.379508, 

358.322, 53, 0, 0.379508, 

358.322, 54, 0, 0.379508, 

358.322, 55, 0, 0.379508, 

358.322, 56, 0, 0.379508, 

358.322, 57, 0, 0.379508, 

358.322, 58, 0, 0.379508, 

358.322, 59, 0, 0.379508, 

358.322, 60, 0, 0.379508, 

358.322, 61, 0, 0.379508, 

358.322, 62, 0, 0.379508, 

358.322, 63, 0, 0.379508, 

358.322, 64, 0, 0.379508, 

358.322, 65, 0, 0.379508, 

358.322, 66, 0, 0.379508, 

358.322, 67, 0, 0.379508, 

358.322, 68, 0, 0.379508, 

358.322, 69, 0, 0.379508, 

358.322, 70, 0, 0.379508, 

358.322, 71, 0, 0.379508, 

358.322, 72, 0, 0.379508, 

358.322, 73, 0, 0.379508, 

358.322, 74, 0, 0.379508, 

358.322, 75, 0, 0.379508, 

358.322, 76, 0, 0.379508, 

358.322, 77, 0, 0.379508, 

358.322, 78, 0, 0.379508, 

358.322, 79, 0, 0.379508, 

358.322, 80, 0, 0.379508, 

358.322, 81, 0, 0.379508, 

358.322, 82, 0, 0.379508, 

358.322, 83, 0, 0.379508, 

358.322, 84, 0, 0.379508, 

358.322, 85, 0, 0.379508, 

358.322, 86, 0, 0.379508, 

358.322, 87, 0, 0.379508, 

358.322, 88, 0, 0.379508, 

358.322, 89, 0, 0.379508, 

358.322, 90, 0, 0.379508, 

358.322, 91, 0, 0.379508, 

358.322, 92, 0, 0.379508, 

358.322, 93, 0, 0.379508, 

358.322, 94, 0, 0.379508, 

358.322, 95, 0, 0.379508, 

358.322, 96, 0, 0.379508, 

358.322, 97, 0, 0.379508, 

358.322, 98, 0, 0.379508, 

358.322, 99, 0, 0.379508, 

358.322, 100, 0, 0.379508, 

358.322, 101, 0, 0.379508, 

358.322, 102, 0, 0.379508, 

358.322, 103, 0, 0.379508, 

358.322, 104, 0, 0.379508, 

358.322, 105, 0, 0.379508, 

358.322, 106, 0, 0.379508, 

358.322, 107, 0, 0.379508, 

358.322, 108, 0, 0.379508, 

358.322, 109, 0, 0.379508, 

358.322, 110, 0, 0.379508, 

358.322, 111, 0, 0.379508, 

358.322, 112, 0, 0.379508, 

358.322, 113, 0, 0.379508, 

358.322, 114, 0, 0.379508, 

358.322, 115, 0, 0.379508, 

358.322, 116, 0, 0.379508, 

358.322, 117, 0, 0.379508, 

358.322, 118, 0, 0.379508, 

358.322, 119, 0, 0.379508, 

360.957, 0, 0, 0.379508, 

360.957, 1, 0, 0.379508, 

360.957, 2, 0, 0.379508, 

360.957, 3, 0, 0.379508, 

360.957, 4, 0, 0.379508, 

360.957, 5, 0, 0.379508, 

360.957, 6, 0, 0.379508, 

360.957, 7, 0, 0.379508, 

360.957, 8, 0, 0.379508, 

360.957, 9, 0, 0.379508, 

360.957, 10, 0, 0.379508, 

360.957, 11, 0, 0.379508, 

360.957, 12, 0, 0.379508, 

360.957, 13, 0, 0.379508, 

360.957, 14, 0, 0.379508, 

360.957, 15, 0, 0.379508, 

360.957, 16, 0, 0.379508, 

360.957, 17, 0, 0.379508, 

360.957, 18, 0, 0.379508, 

360.957, 19, 0, 0.379508, 

360.957, 20, 0, 0.379508, 

360.957, 21, 0, 0.379508, 

360.957, 22, 0, 0.379508, 

360.957, 23, 0, 0.379508, 

360.957, 24, 0, 0.379508, 

360.957, 25, 0, 0.379508, 

360.957, 26, 0, 0.379508, 

360.957, 27, 0, 0.379508, 

360.957, 28, 0, 0.379508, 

360.957, 29, 0, 0.379508, 

360.957, 30, 0, 0.379508, 

360.957, 31, 0, 0.379508, 

360.957, 32, 0, 0.379508, 

360.957, 33, 0, 0.379508, 

360.957, 34, 0, 0.379508, 

360.957, 35, 0, 0.379508, 

360.957, 36, 0, 0.379508, 

360.957, 37, 0, 0.379508, 

360.957, 38, 0, 0.379508, 

360.957, 39, 0, 0.379508, 

360.957, 40, 0, 0.379508, 

360.957, 41, 0, 0.379508, 

360.957, 42, 0, 0.379508, 

360.957, 43, 0, 0.379508, 

360.957, 44, 0, 0.379508, 

360.957, 45, 0, 0.379508, 

360.957, 46, 0, 0.379508, 

360.957, 47, 0, 0.379508, 

360.957, 48, 0, 0.379508, 

360.957, 49, 0, 0.379508, 

360.957, 50, 0, 0.379508, 

360.957, 51, 0, 0.379508, 

360.957, 52, 0, 0.379508, 

360.957, 53, 0, 0.379508, 

360.957, 54, 0, 0.379508, 

360.957, 55, 0, 0.379508, 

360.957, 56, 0, 0.379508, 

360.957, 57, 0, 0.379508, 

360.957, 58, 0, 0.379508, 

360.957, 59, 0, 0.379508, 

360.957, 60, 0, 0.379508, 

360.957, 61, 0, 0.379508, 

360.957, 62, 0, 0.379508, 

360.957, 63, 0, 0.379508, 

360.957, 64, 0, 0.379508, 

360.957, 65, 0, 0.379508, 

360.957, 66, 0, 0.379508, 

360.957, 67, 0, 0.379508, 

360.957, 68, 0, 0.379508, 

360.957, 69, 0, 0.379508, 

360.957, 70, 0, 0.379508, 

360.957, 71, 0, 0.379508, 

360.957, 72, 0, 0.379508, 

360.957, 73, 0, 0.379508, 

360.957, 74, 0, 0.379508, 

360.957, 75, 0, 0.379508, 

360.957, 76, 0, 0.379508, 

360.957, 77, 0, 0.379508, 

360.957, 78, 0, 0.379508, 

360.957, 79, 0, 0.379508, 

360.957, 80, 0, 0.379508, 

360.957, 81, 0, 0.379508, 

360.957, 82, 0, 0.379508, 

360.957, 83, 0, 0.379508, 

360.957, 84, 0, 0.379508, 

360.957, 85, 0, 0.379508, 

360.957, 86, 0, 0.379508, 

360.957, 87, 0, 0.379508, 

360.957, 88, 0, 0.379508, 

360.957, 89, 0, 0.379508, 

360.957, 90, 0, 0.379508, 

360.957, 91, 0, 0.379508, 

360.957, 92, 0, 0.379508, 

360.957, 93, 0, 0.379508, 

360.957, 94, 0, 0.379508, 

360.957, 95, 0, 0.379508, 

360.957, 96, 0, 0.379508, 

360.957, 97, 0, 0.379508, 

360.957, 98, 0, 0.379508, 

360.957, 99, 0, 0.379508, 

360.957, 100, 0, 0.379508, 

360.957, 101, 0, 0.379508, 

360.957, 102, 0, 0.379508, 

360.957, 103, 0, 0.379508, 

360.957, 104, 0, 0.379508, 

360.957, 105, 0, 0.379508, 

360.957, 106, 0, 0.379508, 

360.957, 107, 0, 0.379508, 

360.957, 108, 0, 0.379508, 

360.957, 109, 0, 0.379508, 

360.957, 110, 0, 0.379508, 

360.957, 111, 0, 0.379508, 

360.957, 112, 0, 0.379508, 

360.957, 113, 0, 0.379508, 

360.957, 114, 0, 0.379508, 

360.957, 115, 0, 0.379508, 

360.957, 116, 0, 0.379508, 

360.957, 117, 0, 0.379508, 

360.957, 118, 0, 0.379508, 

360.957, 119, 0, 0.379508, 

363.592, 0, 0, 0.379508, 

363.592, 1, 0, 0.379508, 

363.592, 2, 0, 0.379508, 

363.592, 3, 0, 0.379508, 

363.592, 4, 0, 0.379508, 

363.592, 5, 0, 0.379508, 

363.592, 6, 0, 0.379508, 

363.592, 7, 0, 0.379508, 

363.592, 8, 0, 0.379508, 

363.592, 9, 0, 0.379508, 

363.592, 10, 0, 0.379508, 

363.592, 11, 0, 0.379508, 

363.592, 12, 0, 0.379508, 

363.592, 13, 0, 0.379508, 

363.592, 14, 0, 0.379508, 

363.592, 15, 0, 0.379508, 

363.592, 16, 0, 0.379508, 

363.592, 17, 0, 0.379508, 

363.592, 18, 0, 0.379508, 

363.592, 19, 0, 0.379508, 

363.592, 20, 0, 0.379508, 

363.592, 21, 0, 0.379508, 

363.592, 22, 0, 0.379508, 

363.592, 23, 0, 0.379508, 

363.592, 24, 0, 0.379508, 

363.592, 25, 0, 0.379508, 

363.592, 26, 0, 0.379508, 

363.592, 27, 0, 0.379508, 

363.592, 28, 0, 0.379508, 

363.592, 29, 0, 0.379508, 

363.592, 30, 0, 0.379508, 

363.592, 31, 0, 0.379508, 

363.592, 32, 0, 0.379508, 

363.592, 33, 0, 0.379508, 

363.592, 34, 0, 0.379508, 

363.592, 35, 0, 0.379508, 

363.592, 36, 0, 0.379508, 

363.592, 37, 0, 0.379508, 

363.592, 38, 0, 0.379508, 

363.592, 39, 0, 0.379508, 

363.592, 40, 0, 0.379508, 

363.592, 41, 0, 0.379508, 

363.592, 42, 0, 0.379508, 

363.592, 43, 0, 0.379508, 

363.592, 44, 0, 0.379508, 

363.592, 45, 0, 0.379508, 

363.592, 46, 0, 0.379508, 

363.592, 47, 0, 0.379508, 

363.592, 48, 0, 0.379508, 

363.592, 49, 0, 0.379508, 

363.592, 50, 0, 0.379508, 

363.592, 51, 0, 0.379508, 

363.592, 52, 0, 0.379508, 

363.592, 53, 0, 0.379508, 

363.592, 54, 0, 0.379508, 

363.592, 55, 0, 0.379508, 

363.592, 56, 0, 0.379508, 

363.592, 57, 0, 0.379508, 

363.592, 58, 0, 0.379508, 

363.592, 59, 0, 0.379508, 

363.592, 60, 0, 0.379508, 

363.592, 61, 0, 0.379508, 

363.592, 62, 0, 0.379508, 

363.592, 63, 0, 0.379508, 

363.592, 64, 0, 0.379508, 

363.592, 65, 0, 0.379508, 

363.592, 66, 0, 0.379508, 

363.592, 67, 0, 0.379508, 

363.592, 68, 0, 0.379508, 

363.592, 69, 0, 0.379508, 

363.592, 70, 0, 0.379508, 

363.592, 71, 0, 0.379508, 

363.592, 72, 0, 0.379508, 

363.592, 73, 0, 0.379508, 

363.592, 74, 0, 0.379508, 

363.592, 75, 0, 0.379508, 

363.592, 76, 0, 0.379508, 

363.592, 77, 0, 0.379508, 

363.592, 78, 0, 0.379508, 

363.592, 79, 0, 0.379508, 

363.592, 80, 0, 0.379508, 

363.592, 81, 0, 0.379508, 

363.592, 82, 0, 0.379508, 

363.592, 83, 0, 0.379508, 

363.592, 84, 0, 0.379508, 

363.592, 85, 0, 0.379508, 

363.592, 86, 0, 0.379508, 

363.592, 87, 0, 0.379508, 

363.592, 88, 0, 0.379508, 

363.592, 89, 0, 0.379508, 

363.592, 90, 0, 0.379508, 

363.592, 91, 0, 0.379508, 

363.592, 92, 0, 0.379508, 

363.592, 93, 0, 0.379508, 

363.592, 94, 0, 0.379508, 

363.592, 95, 0, 0.379508, 

363.592, 96, 0, 0.379508, 

363.592, 97, 0, 0.379508, 

363.592, 98, 0, 0.379508, 

363.592, 99, 0, 0.379508, 

363.592, 100, 0, 0.379508, 

363.592, 101, 0, 0.379508, 

363.592, 102, 0, 0.379508, 

363.592, 103, 0, 0.379508, 

363.592, 104, 0, 0.379508, 

363.592, 105, 0, 0.379508, 

363.592, 106, 0, 0.379508, 

363.592, 107, 0, 0.379508, 

363.592, 108, 0, 0.379508, 

363.592, 109, 0, 0.379508, 

363.592, 110, 0, 0.379508, 

363.592, 111, 0, 0.379508, 

363.592, 112, 0, 0.379508, 

363.592, 113, 0, 0.379508, 

363.592, 114, 0, 0.379508, 

363.592, 115, 0, 0.379508, 

363.592, 116, 0, 0.379508, 

363.592, 117, 0, 0.379508, 

363.592, 118, 0, 0.379508, 

363.592, 119, 0, 0.379508, 

366.226, 0, 0, 0.379508, 

366.226, 1, 0, 0.379508, 

366.226, 2, 0, 0.379508, 

366.226, 3, 0, 0.379508, 

366.226, 4, 0, 0.379508, 

366.226, 5, 0, 0.379508, 

366.226, 6, 0, 0.379508, 

366.226, 7, 0, 0.379508, 

366.226, 8, 0, 0.379508, 

366.226, 9, 0, 0.379508, 

366.226, 10, 0, 0.379508, 

366.226, 11, 0, 0.379508, 

366.226, 12, 0, 0.379508, 

366.226, 13, 0, 0.379508, 

366.226, 14, 0, 0.379508, 

366.226, 15, 0, 0.379508, 

366.226, 16, 0, 0.379508, 

366.226, 17, 0, 0.379508, 

366.226, 18, 0, 0.379508, 

366.226, 19, 0, 0.379508, 

366.226, 20, 0, 0.379508, 

366.226, 21, 0, 0.379508, 

366.226, 22, 0, 0.379508, 

366.226, 23, 0, 0.379508, 

366.226, 24, 0, 0.379508, 

366.226, 25, 0, 0.379508, 

366.226, 26, 0, 0.379508, 

366.226, 27, 0, 0.379508, 

366.226, 28, 0, 0.379508, 

366.226, 29, 0, 0.379508, 

366.226, 30, 0, 0.379508, 

366.226, 31, 0, 0.379508, 

366.226, 32, 0, 0.379508, 

366.226, 33, 0, 0.379508, 

366.226, 34, 0, 0.379508, 

366.226, 35, 0, 0.379508, 

366.226, 36, 0, 0.379508, 

366.226, 37, 0, 0.379508, 

366.226, 38, 0, 0.379508, 

366.226, 39, 0, 0.379508, 

366.226, 40, 0, 0.379508, 

366.226, 41, 0, 0.379508, 

366.226, 42, 0, 0.379508, 

366.226, 43, 0, 0.379508, 

366.226, 44, 0, 0.379508, 

366.226, 45, 0, 0.379508, 

366.226, 46, 0, 0.379508, 

366.226, 47, 0, 0.379508, 

366.226, 48, 0, 0.379508, 

366.226, 49, 0, 0.379508, 

366.226, 50, 0, 0.379508, 

366.226, 51, 0, 0.379508, 

366.226, 52, 0, 0.379508, 

366.226, 53, 0, 0.379508, 

366.226, 54, 0, 0.379508, 

366.226, 55, 0, 0.379508, 

366.226, 56, 0, 0.379508, 

366.226, 57, 0, 0.379508, 

366.226, 58, 0, 0.379508, 

366.226, 59, 0, 0.379508, 

366.226, 60, 0, 0.379508, 

366.226, 61, 0, 0.379508, 

366.226, 62, 0, 0.379508, 

366.226, 63, 0, 0.379508, 

366.226, 64, 0, 0.379508, 

366.226, 65, 0, 0.379508, 

366.226, 66, 0, 0.379508, 

366.226, 67, 0, 0.379508, 

366.226, 68, 0, 0.379508, 

366.226, 69, 0, 0.379508, 

366.226, 70, 0, 0.379508, 

366.226, 71, 0, 0.379508, 

366.226, 72, 0, 0.379508, 

366.226, 73, 0, 0.379508, 

366.226, 74, 0, 0.379508, 

366.226, 75, 0, 0.379508, 

366.226, 76, 0, 0.379508, 

366.226, 77, 0, 0.379508, 

366.226, 78, 0, 0.379508, 

366.226, 79, 0, 0.379508, 

366.226, 80, 0, 0.379508, 

366.226, 81, 0, 0.379508, 

366.226, 82, 0, 0.379508, 

366.226, 83, 0, 0.379508, 

366.226, 84, 0, 0.379508, 

366.226, 85, 0, 0.379508, 

366.226, 86, 0, 0.379508, 

366.226, 87, 0, 0.379508, 

366.226, 88, 0, 0.379508, 

366.226, 89, 0, 0.379508, 

366.226, 90, 0, 0.379508, 

366.226, 91, 0, 0.379508, 

366.226, 92, 0, 0.379508, 

366.226, 93, 0, 0.379508, 

366.226, 94, 0, 0.379508, 

366.226, 95, 0, 0.379508, 

366.226, 96, 0, 0.379508, 

366.226, 97, 0, 0.379508, 

366.226, 98, 0, 0.379508, 

366.226, 99, 0, 0.379508, 

366.226, 100, 0, 0.379508, 

366.226, 101, 0, 0.379508, 

366.226, 102, 0, 0.379508, 

366.226, 103, 0, 0.379508, 

366.226, 104, 0, 0.379508, 

366.226, 105, 0, 0.379508, 

366.226, 106, 0, 0.379508, 

366.226, 107, 0, 0.379508, 

366.226, 108, 0, 0.379508, 

366.226, 109, 0, 0.379508, 

366.226, 110, 0, 0.379508, 

366.226, 111, 0, 0.379508, 

366.226, 112, 0, 0.379508, 

366.226, 113, 0, 0.379508, 

366.226, 114, 0, 0.379508, 

366.226, 115, 0, 0.379508, 

366.226, 116, 0, 0.379508, 

366.226, 117, 0, 0.379508, 

366.226, 118, 0, 0.379508, 

366.226, 119, 0, 0.379508, 

368.861, 0, 0, 0.379508, 

368.861, 1, 0, 0.379508, 

368.861, 2, 0, 0.379508, 

368.861, 3, 0, 0.379508, 

368.861, 4, 0, 0.379508, 

368.861, 5, 0, 0.379508, 

368.861, 6, 0, 0.379508, 

368.861, 7, 0, 0.379508, 

368.861, 8, 0, 0.379508, 

368.861, 9, 0, 0.379508, 

368.861, 10, 0, 0.379508, 

368.861, 11, 0, 0.379508, 

368.861, 12, 0, 0.379508, 

368.861, 13, 0, 0.379508, 

368.861, 14, 0, 0.379508, 

368.861, 15, 0, 0.379508, 

368.861, 16, 0, 0.379508, 

368.861, 17, 0, 0.379508, 

368.861, 18, 0, 0.379508, 

368.861, 19, 0, 0.379508, 

368.861, 20, 0, 0.379508, 

368.861, 21, 0, 0.379508, 

368.861, 22, 0, 0.379508, 

368.861, 23, 0, 0.379508, 

368.861, 24, 0, 0.379508, 

368.861, 25, 0, 0.379508, 

368.861, 26, 0, 0.379508, 

368.861, 27, 0, 0.379508, 

368.861, 28, 0, 0.379508, 

368.861, 29, 0, 0.379508, 

368.861, 30, 0, 0.379508, 

368.861, 31, 0, 0.379508, 

368.861, 32, 0, 0.379508, 

368.861, 33, 0, 0.379508, 

368.861, 34, 0, 0.379508, 

368.861, 35, 0, 0.379508, 

368.861, 36, 0, 0.379508, 

368.861, 37, 0, 0.379508, 

368.861, 38, 0, 0.379508, 

368.861, 39, 0, 0.379508, 

368.861, 40, 0, 0.379508, 

368.861, 41, 0, 0.379508, 

368.861, 42, 0, 0.379508, 

368.861, 43, 0, 0.379508, 

368.861, 44, 0, 0.379508, 

368.861, 45, 0, 0.379508, 

368.861, 46, 0, 0.379508, 

368.861, 47, 0, 0.379508, 

368.861, 48, 0, 0.379508, 

368.861, 49, 0, 0.379508, 

368.861, 50, 0, 0.379508, 

368.861, 51, 0, 0.379508, 

368.861, 52, 0, 0.379508, 

368.861, 53, 0, 0.379508, 

368.861, 54, 0, 0.379508, 

368.861, 55, 0, 0.379508, 

368.861, 56, 0, 0.379508, 

368.861, 57, 0, 0.379508, 

368.861, 58, 0, 0.379508, 

368.861, 59, 0, 0.379508, 

368.861, 60, 0, 0.379508, 

368.861, 61, 0, 0.379508, 

368.861, 62, 0, 0.379508, 

368.861, 63, 0, 0.379508, 

368.861, 64, 0, 0.379508, 

368.861, 65, 0, 0.379508, 

368.861, 66, 0, 0.379508, 

368.861, 67, 0, 0.379508, 

368.861, 68, 0, 0.379508, 

368.861, 69, 0, 0.379508, 

368.861, 70, 0, 0.379508, 

368.861, 71, 0, 0.379508, 

368.861, 72, 0, 0.379508, 

368.861, 73, 0, 0.379508, 

368.861, 74, 0, 0.379508, 

368.861, 75, 0, 0.379508, 

368.861, 76, 0, 0.379508, 

368.861, 77, 0, 0.379508, 

368.861, 78, 0, 0.379508, 

368.861, 79, 0, 0.379508, 

368.861, 80, 0, 0.379508, 

368.861, 81, 0, 0.379508, 

368.861, 82, 0, 0.379508, 

368.861, 83, 0, 0.379508, 

368.861, 84, 0, 0.379508, 

368.861, 85, 0, 0.379508, 

368.861, 86, 0, 0.379508, 

368.861, 87, 0, 0.379508, 

368.861, 88, 0, 0.379508, 

368.861, 89, 0, 0.379508, 

368.861, 90, 0, 0.379508, 

368.861, 91, 0, 0.379508, 

368.861, 92, 0, 0.379508, 

368.861, 93, 0, 0.379508, 

368.861, 94, 0, 0.379508, 

368.861, 95, 0, 0.379508, 

368.861, 96, 0, 0.379508, 

368.861, 97, 0, 0.379508, 

368.861, 98, 0, 0.379508, 

368.861, 99, 0, 0.379508, 

368.861, 100, 0, 0.379508, 

368.861, 101, 0, 0.379508, 

368.861, 102, 0, 0.379508, 

368.861, 103, 0, 0.379508, 

368.861, 104, 0, 0.379508, 

368.861, 105, 0, 0.379508, 

368.861, 106, 0, 0.379508, 

368.861, 107, 0, 0.379508, 

368.861, 108, 0, 0.379508, 

368.861, 109, 0, 0.379508, 

368.861, 110, 0, 0.379508, 

368.861, 111, 0, 0.379508, 

368.861, 112, 0, 0.379508, 

368.861, 113, 0, 0.379508, 

368.861, 114, 0, 0.379508, 

368.861, 115, 0, 0.379508, 

368.861, 116, 0, 0.379508, 

368.861, 117, 0, 0.379508, 

368.861, 118, 0, 0.379508, 

368.861, 119, 0, 0.379508, 

371.496, 0, 0, 0.379508, 

371.496, 1, 0, 0.379508, 

371.496, 2, 0, 0.379508, 

371.496, 3, 0, 0.379508, 

371.496, 4, 0, 0.379508, 

371.496, 5, 0, 0.379508, 

371.496, 6, 0, 0.379508, 

371.496, 7, 0, 0.379508, 

371.496, 8, 0, 0.379508, 

371.496, 9, 0, 0.379508, 

371.496, 10, 0, 0.379508, 

371.496, 11, 0, 0.379508, 

371.496, 12, 0, 0.379508, 

371.496, 13, 0, 0.379508, 

371.496, 14, 0, 0.379508, 

371.496, 15, 0, 0.379508, 

371.496, 16, 0, 0.379508, 

371.496, 17, 0, 0.379508, 

371.496, 18, 0, 0.379508, 

371.496, 19, 0, 0.379508, 

371.496, 20, 0, 0.379508, 

371.496, 21, 0, 0.379508, 

371.496, 22, 0, 0.379508, 

371.496, 23, 0, 0.379508, 

371.496, 24, 0, 0.379508, 

371.496, 25, 0, 0.379508, 

371.496, 26, 0, 0.379508, 

371.496, 27, 0, 0.379508, 

371.496, 28, 0, 0.379508, 

371.496, 29, 0, 0.379508, 

371.496, 30, 0, 0.379508, 

371.496, 31, 0, 0.379508, 

371.496, 32, 0, 0.379508, 

371.496, 33, 0, 0.379508, 

371.496, 34, 0, 0.379508, 

371.496, 35, 0, 0.379508, 

371.496, 36, 0, 0.379508, 

371.496, 37, 0, 0.379508, 

371.496, 38, 0, 0.379508, 

371.496, 39, 0, 0.379508, 

371.496, 40, 0, 0.379508, 

371.496, 41, 0, 0.379508, 

371.496, 42, 0, 0.379508, 

371.496, 43, 0, 0.379508, 

371.496, 44, 0, 0.379508, 

371.496, 45, 0, 0.379508, 

371.496, 46, 0, 0.379508, 

371.496, 47, 0, 0.379508, 

371.496, 48, 0, 0.379508, 

371.496, 49, 0, 0.379508, 

371.496, 50, 0, 0.379508, 

371.496, 51, 0, 0.379508, 

371.496, 52, 0, 0.379508, 

371.496, 53, 0, 0.379508, 

371.496, 54, 0, 0.379508, 

371.496, 55, 0, 0.379508, 

371.496, 56, 0, 0.379508, 

371.496, 57, 0, 0.379508, 

371.496, 58, 0, 0.379508, 

371.496, 59, 0, 0.379508, 

371.496, 60, 0, 0.379508, 

371.496, 61, 0, 0.379508, 

371.496, 62, 0, 0.379508, 

371.496, 63, 0, 0.379508, 

371.496, 64, 0, 0.379508, 

371.496, 65, 0, 0.379508, 

371.496, 66, 0, 0.379508, 

371.496, 67, 0, 0.379508, 

371.496, 68, 0, 0.379508, 

371.496, 69, 0, 0.379508, 

371.496, 70, 0, 0.379508, 

371.496, 71, 0, 0.379508, 

371.496, 72, 0, 0.379508, 

371.496, 73, 0, 0.379508, 

371.496, 74, 0, 0.379508, 

371.496, 75, 0, 0.379508, 

371.496, 76, 0, 0.379508, 

371.496, 77, 0, 0.379508, 

371.496, 78, 0, 0.379508, 

371.496, 79, 0, 0.379508, 

371.496, 80, 0, 0.379508, 

371.496, 81, 0, 0.379508, 

371.496, 82, 0, 0.379508, 

371.496, 83, 0, 0.379508, 

371.496, 84, 0, 0.379508, 

371.496, 85, 0, 0.379508, 

371.496, 86, 0, 0.379508, 

371.496, 87, 0, 0.379508, 

371.496, 88, 0, 0.379508, 

371.496, 89, 0, 0.379508, 

371.496, 90, 0, 0.379508, 

371.496, 91, 0, 0.379508, 

371.496, 92, 0, 0.379508, 

371.496, 93, 0, 0.379508, 

371.496, 94, 0, 0.379508, 

371.496, 95, 0, 0.379508, 

371.496, 96, 0, 0.379508, 

371.496, 97, 0, 0.379508, 

371.496, 98, 0, 0.379508, 

371.496, 99, 0, 0.379508, 

371.496, 100, 0, 0.379508, 

371.496, 101, 0, 0.379508, 

371.496, 102, 0, 0.379508, 

371.496, 103, 0, 0.379508, 

371.496, 104, 0, 0.379508, 

371.496, 105, 0, 0.379508, 

371.496, 106, 0, 0.379508, 

371.496, 107, 0, 0.379508, 

371.496, 108, 0, 0.379508, 

371.496, 109, 0, 0.379508, 

371.496, 110, 0, 0.379508, 

371.496, 111, 0, 0.379508, 

371.496, 112, 0, 0.379508, 

371.496, 113, 0, 0.379508, 

371.496, 114, 0, 0.379508, 

371.496, 115, 0, 0.379508, 

371.496, 116, 0, 0.379508, 

371.496, 117, 0, 0.379508, 

371.496, 118, 0, 0.379508, 

371.496, 119, 0, 0.379508, 

374.13, 0, 0, 0.379508, 

374.13, 1, 0, 0.379508, 

374.13, 2, 0, 0.379508, 

374.13, 3, 0, 0.379508, 

374.13, 4, 0, 0.379508, 

374.13, 5, 0, 0.379508, 

374.13, 6, 0, 0.379508, 

374.13, 7, 0, 0.379508, 

374.13, 8, 0, 0.379508, 

374.13, 9, 0, 0.379508, 

374.13, 10, 0, 0.379508, 

374.13, 11, 0, 0.379508, 

374.13, 12, 0, 0.379508, 

374.13, 13, 0, 0.379508, 

374.13, 14, 0, 0.379508, 

374.13, 15, 0, 0.379508, 

374.13, 16, 0, 0.379508, 

374.13, 17, 0, 0.379508, 

374.13, 18, 0, 0.379508, 

374.13, 19, 0, 0.379508, 

374.13, 20, 0, 0.379508, 

374.13, 21, 0, 0.379508, 

374.13, 22, 0, 0.379508, 

374.13, 23, 0, 0.379508, 

374.13, 24, 0, 0.379508, 

374.13, 25, 0, 0.379508, 

374.13, 26, 0, 0.379508, 

374.13, 27, 0, 0.379508, 

374.13, 28, 0, 0.379508, 

374.13, 29, 0, 0.379508, 

374.13, 30, 0, 0.379508, 

374.13, 31, 0, 0.379508, 

374.13, 32, 0, 0.379508, 

374.13, 33, 0, 0.379508, 

374.13, 34, 0, 0.379508, 

374.13, 35, 0, 0.379508, 

374.13, 36, 0, 0.379508, 

374.13, 37, 0, 0.379508, 

374.13, 38, 0, 0.379508, 

374.13, 39, 0, 0.379508, 

374.13, 40, 0, 0.379508, 

374.13, 41, 0, 0.379508, 

374.13, 42, 0, 0.379508, 

374.13, 43, 0, 0.379508, 

374.13, 44, 0, 0.379508, 

374.13, 45, 0, 0.379508, 

374.13, 46, 0, 0.379508, 

374.13, 47, 0, 0.379508, 

374.13, 48, 0, 0.379508, 

374.13, 49, 0, 0.379508, 

374.13, 50, 0, 0.379508, 

374.13, 51, 0, 0.379508, 

374.13, 52, 0, 0.379508, 

374.13, 53, 0, 0.379508, 

374.13, 54, 0, 0.379508, 

374.13, 55, 0, 0.379508, 

374.13, 56, 0, 0.379508, 

374.13, 57, 0, 0.379508, 

374.13, 58, 0, 0.379508, 

374.13, 59, 0, 0.379508, 

374.13, 60, 0, 0.379508, 

374.13, 61, 0, 0.379508, 

374.13, 62, 0, 0.379508, 

374.13, 63, 0, 0.379508, 

374.13, 64, 0, 0.379508, 

374.13, 65, 0, 0.379508, 

374.13, 66, 0, 0.379508, 

374.13, 67, 0, 0.379508, 

374.13, 68, 0, 0.379508, 

374.13, 69, 0, 0.379508, 

374.13, 70, 0, 0.379508, 

374.13, 71, 0, 0.379508, 

374.13, 72, 0, 0.379508, 

374.13, 73, 0, 0.379508, 

374.13, 74, 0, 0.379508, 

374.13, 75, 0, 0.379508, 

374.13, 76, 0, 0.379508, 

374.13, 77, 0, 0.379508, 

374.13, 78, 0, 0.379508, 

374.13, 79, 0, 0.379508, 

374.13, 80, 0, 0.379508, 

374.13, 81, 0, 0.379508, 

374.13, 82, 0, 0.379508, 

374.13, 83, 0, 0.379508, 

374.13, 84, 0, 0.379508, 

374.13, 85, 0, 0.379508, 

374.13, 86, 0, 0.379508, 

374.13, 87, 0, 0.379508, 

374.13, 88, 0, 0.379508, 

374.13, 89, 0, 0.379508, 

374.13, 90, 0, 0.379508, 

374.13, 91, 0, 0.379508, 

374.13, 92, 0, 0.379508, 

374.13, 93, 0, 0.379508, 

374.13, 94, 0, 0.379508, 

374.13, 95, 0, 0.379508, 

374.13, 96, 0, 0.379508, 

374.13, 97, 0, 0.379508, 

374.13, 98, 0, 0.379508, 

374.13, 99, 0, 0.379508, 

374.13, 100, 0, 0.379508, 

374.13, 101, 0, 0.379508, 

374.13, 102, 0, 0.379508, 

374.13, 103, 0, 0.379508, 

374.13, 104, 0, 0.379508, 

374.13, 105, 0, 0.379508, 

374.13, 106, 0, 0.379508, 

374.13, 107, 0, 0.379508, 

374.13, 108, 0, 0.379508, 

374.13, 109, 0, 0.379508, 

374.13, 110, 0, 0.379508, 

374.13, 111, 0, 0.379508, 

374.13, 112, 0, 0.379508, 

374.13, 113, 0, 0.379508, 

374.13, 114, 0, 0.379508, 

374.13, 115, 0, 0.379508, 

374.13, 116, 0, 0.379508, 

374.13, 117, 0, 0.379508, 

374.13, 118, 0, 0.379508, 

374.13, 119, 0, 0.379508, 

376.765, 0, 0, 0.379508, 

376.765, 1, 0, 0.379508, 

376.765, 2, 0, 0.379508, 

376.765, 3, 0, 0.379508, 

376.765, 4, 0, 0.379508, 

376.765, 5, 0, 0.379508, 

376.765, 6, 0, 0.379508, 

376.765, 7, 0, 0.379508, 

376.765, 8, 0, 0.379508, 

376.765, 9, 0, 0.379508, 

376.765, 10, 0, 0.379508, 

376.765, 11, 0, 0.379508, 

376.765, 12, 0, 0.379508, 

376.765, 13, 0, 0.379508, 

376.765, 14, 0, 0.379508, 

376.765, 15, 0, 0.379508, 

376.765, 16, 0, 0.379508, 

376.765, 17, 0, 0.379508, 

376.765, 18, 0, 0.379508, 

376.765, 19, 0, 0.379508, 

376.765, 20, 0, 0.379508, 

376.765, 21, 0, 0.379508, 

376.765, 22, 0, 0.379508, 

376.765, 23, 0, 0.379508, 

376.765, 24, 0, 0.379508, 

376.765, 25, 0, 0.379508, 

376.765, 26, 0, 0.379508, 

376.765, 27, 0, 0.379508, 

376.765, 28, 0, 0.379508, 

376.765, 29, 0, 0.379508, 

376.765, 30, 0, 0.379508, 

376.765, 31, 0, 0.379508, 

376.765, 32, 0, 0.379508, 

376.765, 33, 0, 0.379508, 

376.765, 34, 0, 0.379508, 

376.765, 35, 0, 0.379508, 

376.765, 36, 0, 0.379508, 

376.765, 37, 0, 0.379508, 

376.765, 38, 0, 0.379508, 

376.765, 39, 0, 0.379508, 

376.765, 40, 0, 0.379508, 

376.765, 41, 0, 0.379508, 

376.765, 42, 0, 0.379508, 

376.765, 43, 0, 0.379508, 

376.765, 44, 0, 0.379508, 

376.765, 45, 0, 0.379508, 

376.765, 46, 0, 0.379508, 

376.765, 47, 0, 0.379508, 

376.765, 48, 0, 0.379508, 

376.765, 49, 0, 0.379508, 

376.765, 50, 0, 0.379508, 

376.765, 51, 0, 0.379508, 

376.765, 52, 0, 0.379508, 

376.765, 53, 0, 0.379508, 

376.765, 54, 0, 0.379508, 

376.765, 55, 0, 0.379508, 

376.765, 56, 0, 0.379508, 

376.765, 57, 0, 0.379508, 

376.765, 58, 0, 0.379508, 

376.765, 59, 0, 0.379508, 

376.765, 60, 0, 0.379508, 

376.765, 61, 0, 0.379508, 

376.765, 62, 0, 0.379508, 

376.765, 63, 0, 0.379508, 

376.765, 64, 0, 0.379508, 

376.765, 65, 0, 0.379508, 

376.765, 66, 0, 0.379508, 

376.765, 67, 0, 0.379508, 

376.765, 68, 0, 0.379508, 

376.765, 69, 0, 0.379508, 

376.765, 70, 0, 0.379508, 

376.765, 71, 0, 0.379508, 

376.765, 72, 0, 0.379508, 

376.765, 73, 0, 0.379508, 

376.765, 74, 0, 0.379508, 

376.765, 75, 0, 0.379508, 

376.765, 76, 0, 0.379508, 

376.765, 77, 0, 0.379508, 

376.765, 78, 0, 0.379508, 

376.765, 79, 0, 0.379508, 

376.765, 80, 0, 0.379508, 

376.765, 81, 0, 0.379508, 

376.765, 82, 0, 0.379508, 

376.765, 83, 0, 0.379508, 

376.765, 84, 0, 0.379508, 

376.765, 85, 0, 0.379508, 

376.765, 86, 0, 0.379508, 

376.765, 87, 0, 0.379508, 

376.765, 88, 0, 0.379508, 

376.765, 89, 0, 0.379508, 

376.765, 90, 0, 0.379508, 

376.765, 91, 0, 0.379508, 

376.765, 92, 0, 0.379508, 

376.765, 93, 0, 0.379508, 

376.765, 94, 0, 0.379508, 

376.765, 95, 0, 0.379508, 

376.765, 96, 0, 0.379508, 

376.765, 97, 0, 0.379508, 

376.765, 98, 0, 0.379508, 

376.765, 99, 0, 0.379508, 

376.765, 100, 0, 0.379508, 

376.765, 101, 0, 0.379508, 

376.765, 102, 0, 0.379508, 

376.765, 103, 0, 0.379508, 

376.765, 104, 0, 0.379508, 

376.765, 105, 0, 0.379508, 

376.765, 106, 0, 0.379508, 

376.765, 107, 0, 0.379508, 

376.765, 108, 0, 0.379508, 

376.765, 109, 0, 0.379508, 

376.765, 110, 0, 0.379508, 

376.765, 111, 0, 0.379508, 

376.765, 112, 0, 0.379508, 

376.765, 113, 0, 0.379508, 

376.765, 114, 0, 0.379508, 

376.765, 115, 0, 0.379508, 

376.765, 116, 0, 0.379508, 

376.765, 117, 0, 0.379508, 

376.765, 118, 0, 0.379508, 

376.765, 119, 0, 0.379508, 

379.4, 0, 0, 0.379508, 

379.4, 1, 0, 0.379508, 

379.4, 2, 0, 0.379508, 

379.4, 3, 0, 0.379508, 

379.4, 4, 0, 0.379508, 

379.4, 5, 0, 0.379508, 

379.4, 6, 0, 0.379508, 

379.4, 7, 0, 0.379508, 

379.4, 8, 0, 0.379508, 

379.4, 9, 0, 0.379508, 

379.4, 10, 0, 0.379508, 

379.4, 11, 0, 0.379508, 

379.4, 12, 0, 0.379508, 

379.4, 13, 0, 0.379508, 

379.4, 14, 0, 0.379508, 

379.4, 15, 0, 0.379508, 

379.4, 16, 0, 0.379508, 

379.4, 17, 0, 0.379508, 

379.4, 18, 0, 0.379508, 

379.4, 19, 0, 0.379508, 

379.4, 20, 0, 0.379508, 

379.4, 21, 0, 0.379508, 

379.4, 22, 0, 0.379508, 

379.4, 23, 0, 0.379508, 

379.4, 24, 0, 0.379508, 

379.4, 25, 0, 0.379508, 

379.4, 26, 0, 0.379508, 

379.4, 27, 0, 0.379508, 

379.4, 28, 0, 0.379508, 

379.4, 29, 0, 0.379508, 

379.4, 30, 0, 0.379508, 

379.4, 31, 0, 0.379508, 

379.4, 32, 0, 0.379508, 

379.4, 33, 0, 0.379508, 

379.4, 34, 0, 0.379508, 

379.4, 35, 0, 0.379508, 

379.4, 36, 0, 0.379508, 

379.4, 37, 0, 0.379508, 

379.4, 38, 0, 0.379508, 

379.4, 39, 0, 0.379508, 

379.4, 40, 0, 0.379508, 

379.4, 41, 0, 0.379508, 

379.4, 42, 0, 0.379508, 

379.4, 43, 0, 0.379508, 

379.4, 44, 0, 0.379508, 

379.4, 45, 0, 0.379508, 

379.4, 46, 0, 0.379508, 

379.4, 47, 0, 0.379508, 

379.4, 48, 0, 0.379508, 

379.4, 49, 0, 0.379508, 

379.4, 50, 0, 0.379508, 

379.4, 51, 0, 0.379508, 

379.4, 52, 0, 0.379508, 

379.4, 53, 0, 0.379508, 

379.4, 54, 0, 0.379508, 

379.4, 55, 0, 0.379508, 

379.4, 56, 0, 0.379508, 

379.4, 57, 0, 0.379508, 

379.4, 58, 0, 0.379508, 

379.4, 59, 0, 0.379508, 

379.4, 60, 0, 0.379508, 

379.4, 61, 0, 0.379508, 

379.4, 62, 0, 0.379508, 

379.4, 63, 0, 0.379508, 

379.4, 64, 0, 0.379508, 

379.4, 65, 0, 0.379508, 

379.4, 66, 0, 0.379508, 

379.4, 67, 0, 0.379508, 

379.4, 68, 0, 0.379508, 

379.4, 69, 0, 0.379508, 

379.4, 70, 0, 0.379508, 

379.4, 71, 0, 0.379508, 

379.4, 72, 0, 0.379508, 

379.4, 73, 0, 0.379508, 

379.4, 74, 0, 0.379508, 

379.4, 75, 0, 0.379508, 

379.4, 76, 0, 0.379508, 

379.4, 77, 0, 0.379508, 

379.4, 78, 0, 0.379508, 

379.4, 79, 0, 0.379508, 

379.4, 80, 0, 0.379508, 

379.4, 81, 0, 0.379508, 

379.4, 82, 0, 0.379508, 

379.4, 83, 0, 0.379508, 

379.4, 84, 0, 0.379508, 

379.4, 85, 0, 0.379508, 

379.4, 86, 0, 0.379508, 

379.4, 87, 0, 0.379508, 

379.4, 88, 0, 0.379508, 

379.4, 89, 0, 0.379508, 

379.4, 90, 0, 0.379508, 

379.4, 91, 0, 0.379508, 

379.4, 92, 0, 0.379508, 

379.4, 93, 0, 0.379508, 

379.4, 94, 0, 0.379508, 

379.4, 95, 0, 0.379508, 

379.4, 96, 0, 0.379508, 

379.4, 97, 0, 0.379508, 

379.4, 98, 0, 0.379508, 

379.4, 99, 0, 0.379508, 

379.4, 100, 0, 0.379508, 

379.4, 101, 0, 0.379508, 

379.4, 102, 0, 0.379508, 

379.4, 103, 0, 0.379508, 

379.4, 104, 0, 0.379508, 

379.4, 105, 0, 0.379508, 

379.4, 106, 0, 0.379508, 

379.4, 107, 0, 0.379508, 

379.4, 108, 0, 0.379508, 

379.4, 109, 0, 0.379508, 

379.4, 110, 0, 0.379508, 

379.4, 111, 0, 0.379508, 

379.4, 112, 0, 0.379508, 

379.4, 113, 0, 0.379508, 

379.4, 114, 0, 0.379508, 

379.4, 115, 0, 0.379508, 

379.4, 116, 0, 0.379508, 

379.4, 117, 0, 0.379508, 

379.4, 118, 0, 0.379508, 

379.4, 119, 0, 0.379508, 

382.035, 0, 0, 0.379508, 

382.035, 1, 0, 0.379508, 

382.035, 2, 0, 0.379508, 

382.035, 3, 0, 0.379508, 

382.035, 4, 0, 0.379508, 

382.035, 5, 0, 0.379508, 

382.035, 6, 0, 0.379508, 

382.035, 7, 0, 0.379508, 

382.035, 8, 0, 0.379508, 

382.035, 9, 0, 0.379508, 

382.035, 10, 0, 0.379508, 

382.035, 11, 0, 0.379508, 

382.035, 12, 0, 0.379508, 

382.035, 13, 0, 0.379508, 

382.035, 14, 0, 0.379508, 

382.035, 15, 0, 0.379508, 

382.035, 16, 0, 0.379508, 

382.035, 17, 0, 0.379508, 

382.035, 18, 0, 0.379508, 

382.035, 19, 0, 0.379508, 

382.035, 20, 0, 0.379508, 

382.035, 21, 0, 0.379508, 

382.035, 22, 0, 0.379508, 

382.035, 23, 0, 0.379508, 

382.035, 24, 0, 0.379508, 

382.035, 25, 0, 0.379508, 

382.035, 26, 0, 0.379508, 

382.035, 27, 0, 0.379508, 

382.035, 28, 0, 0.379508, 

382.035, 29, 0, 0.379508, 

382.035, 30, 0, 0.379508, 

382.035, 31, 0, 0.379508, 

382.035, 32, 0, 0.379508, 

382.035, 33, 0, 0.379508, 

382.035, 34, 0, 0.379508, 

382.035, 35, 0, 0.379508, 

382.035, 36, 0, 0.379508, 

382.035, 37, 0, 0.379508, 

382.035, 38, 0, 0.379508, 

382.035, 39, 0, 0.379508, 

382.035, 40, 0, 0.379508, 

382.035, 41, 0, 0.379508, 

382.035, 42, 0, 0.379508, 

382.035, 43, 0, 0.379508, 

382.035, 44, 0, 0.379508, 

382.035, 45, 0, 0.379508, 

382.035, 46, 0, 0.379508, 

382.035, 47, 0, 0.379508, 

382.035, 48, 0, 0.379508, 

382.035, 49, 0, 0.379508, 

382.035, 50, 0, 0.379508, 

382.035, 51, 0, 0.379508, 

382.035, 52, 0, 0.379508, 

382.035, 53, 0, 0.379508, 

382.035, 54, 0, 0.379508, 

382.035, 55, 0, 0.379508, 

382.035, 56, 0, 0.379508, 

382.035, 57, 0, 0.379508, 

382.035, 58, 0, 0.379508, 

382.035, 59, 0, 0.379508, 

382.035, 60, 0, 0.379508, 

382.035, 61, 0, 0.379508, 

382.035, 62, 0, 0.379508, 

382.035, 63, 0, 0.379508, 

382.035, 64, 0, 0.379508, 

382.035, 65, 0, 0.379508, 

382.035, 66, 0, 0.379508, 

382.035, 67, 0, 0.379508, 

382.035, 68, 0, 0.379508, 

382.035, 69, 0, 0.379508, 

382.035, 70, 0, 0.379508, 

382.035, 71, 0, 0.379508, 

382.035, 72, 0, 0.379508, 

382.035, 73, 0, 0.379508, 

382.035, 74, 0, 0.379508, 

382.035, 75, 0, 0.379508, 

382.035, 76, 0, 0.379508, 

382.035, 77, 0, 0.379508, 

382.035, 78, 0, 0.379508, 

382.035, 79, 0, 0.379508, 

382.035, 80, 0, 0.379508, 

382.035, 81, 0, 0.379508, 

382.035, 82, 0, 0.379508, 

382.035, 83, 0, 0.379508, 

382.035, 84, 0, 0.379508, 

382.035, 85, 0, 0.379508, 

382.035, 86, 0, 0.379508, 

382.035, 87, 0, 0.379508, 

382.035, 88, 0, 0.379508, 

382.035, 89, 0, 0.379508, 

382.035, 90, 0, 0.379508, 

382.035, 91, 0, 0.379508, 

382.035, 92, 0, 0.379508, 

382.035, 93, 0, 0.379508, 

382.035, 94, 0, 0.379508, 

382.035, 95, 0, 0.379508, 

382.035, 96, 0, 0.379508, 

382.035, 97, 0, 0.379508, 

382.035, 98, 0, 0.379508, 

382.035, 99, 0, 0.379508, 

382.035, 100, 0, 0.379508, 

382.035, 101, 0, 0.379508, 

382.035, 102, 0, 0.379508, 

382.035, 103, 0, 0.379508, 

382.035, 104, 0, 0.379508, 

382.035, 105, 0, 0.379508, 

382.035, 106, 0, 0.379508, 

382.035, 107, 0, 0.379508, 

382.035, 108, 0, 0.379508, 

382.035, 109, 0, 0.379508, 

382.035, 110, 0, 0.379508, 

382.035, 111, 0, 0.379508, 

382.035, 112, 0, 0.379508, 

382.035, 113, 0, 0.379508, 

382.035, 114, 0, 0.379508, 

382.035, 115, 0, 0.379508, 

382.035, 116, 0, 0.379508, 

382.035, 117, 0, 0.379508, 

382.035, 118, 0, 0.379508, 

382.035, 119, 0, 0.379508, 

384.669, 0, 0, 0.379508, 

384.669, 1, 0, 0.379508, 

384.669, 2, 0, 0.379508, 

384.669, 3, 0, 0.379508, 

384.669, 4, 0, 0.379508, 

384.669, 5, 0, 0.379508, 

384.669, 6, 0, 0.379508, 

384.669, 7, 0, 0.379508, 

384.669, 8, 0, 0.379508, 

384.669, 9, 0, 0.379508, 

384.669, 10, 0, 0.379508, 

384.669, 11, 0, 0.379508, 

384.669, 12, 0, 0.379508, 

384.669, 13, 0, 0.379508, 

384.669, 14, 0, 0.379508, 

384.669, 15, 0, 0.379508, 

384.669, 16, 0, 0.379508, 

384.669, 17, 0, 0.379508, 

384.669, 18, 0, 0.379508, 

384.669, 19, 0, 0.379508, 

384.669, 20, 0, 0.379508, 

384.669, 21, 0, 0.379508, 

384.669, 22, 0, 0.379508, 

384.669, 23, 0, 0.379508, 

384.669, 24, 0, 0.379508, 

384.669, 25, 0, 0.379508, 

384.669, 26, 0, 0.379508, 

384.669, 27, 0, 0.379508, 

384.669, 28, 0, 0.379508, 

384.669, 29, 0, 0.379508, 

384.669, 30, 0, 0.379508, 

384.669, 31, 0, 0.379508, 

384.669, 32, 0, 0.379508, 

384.669, 33, 0, 0.379508, 

384.669, 34, 0, 0.379508, 

384.669, 35, 0, 0.379508, 

384.669, 36, 0, 0.379508, 

384.669, 37, 0, 0.379508, 

384.669, 38, 0, 0.379508, 

384.669, 39, 0, 0.379508, 

384.669, 40, 0, 0.379508, 

384.669, 41, 0, 0.379508, 

384.669, 42, 0, 0.379508, 

384.669, 43, 0, 0.379508, 

384.669, 44, 0, 0.379508, 

384.669, 45, 0, 0.379508, 

384.669, 46, 0, 0.379508, 

384.669, 47, 0, 0.379508, 

384.669, 48, 0, 0.379508, 

384.669, 49, 0, 0.379508, 

384.669, 50, 0, 0.379508, 

384.669, 51, 0, 0.379508, 

384.669, 52, 0, 0.379508, 

384.669, 53, 0, 0.379508, 

384.669, 54, 0, 0.379508, 

384.669, 55, 0, 0.379508, 

384.669, 56, 0, 0.379508, 

384.669, 57, 0, 0.379508, 

384.669, 58, 0, 0.379508, 

384.669, 59, 0, 0.379508, 

384.669, 60, 0, 0.379508, 

384.669, 61, 0, 0.379508, 

384.669, 62, 0, 0.379508, 

384.669, 63, 0, 0.379508, 

384.669, 64, 0, 0.379508, 

384.669, 65, 0, 0.379508, 

384.669, 66, 0, 0.379508, 

384.669, 67, 0, 0.379508, 

384.669, 68, 0, 0.379508, 

384.669, 69, 0, 0.379508, 

384.669, 70, 0, 0.379508, 

384.669, 71, 0, 0.379508, 

384.669, 72, 0, 0.379508, 

384.669, 73, 0, 0.379508, 

384.669, 74, 0, 0.379508, 

384.669, 75, 0, 0.379508, 

384.669, 76, 0, 0.379508, 

384.669, 77, 0, 0.379508, 

384.669, 78, 0, 0.379508, 

384.669, 79, 0, 0.379508, 

384.669, 80, 0, 0.379508, 

384.669, 81, 0, 0.379508, 

384.669, 82, 0, 0.379508, 

384.669, 83, 0, 0.379508, 

384.669, 84, 0, 0.379508, 

384.669, 85, 0, 0.379508, 

384.669, 86, 0, 0.379508, 

384.669, 87, 0, 0.379508, 

384.669, 88, 0, 0.379508, 

384.669, 89, 0, 0.379508, 

384.669, 90, 0, 0.379508, 

384.669, 91, 0, 0.379508, 

384.669, 92, 0, 0.379508, 

384.669, 93, 0, 0.379508, 

384.669, 94, 0, 0.379508, 

384.669, 95, 0, 0.379508, 

384.669, 96, 0, 0.379508, 

384.669, 97, 0, 0.379508, 

384.669, 98, 0, 0.379508, 

384.669, 99, 0, 0.379508, 

384.669, 100, 0, 0.379508, 

384.669, 101, 0, 0.379508, 

384.669, 102, 0, 0.379508, 

384.669, 103, 0, 0.379508, 

384.669, 104, 0, 0.379508, 

384.669, 105, 0, 0.379508, 

384.669, 106, 0, 0.379508, 

384.669, 107, 0, 0.379508, 

384.669, 108, 0, 0.379508, 

384.669, 109, 0, 0.379508, 

384.669, 110, 0, 0.379508, 

384.669, 111, 0, 0.379508, 

384.669, 112, 0, 0.379508, 

384.669, 113, 0, 0.379508, 

384.669, 114, 0, 0.379508, 

384.669, 115, 0, 0.379508, 

384.669, 116, 0, 0.379508, 

384.669, 117, 0, 0.379508, 

384.669, 118, 0, 0.379508, 

384.669, 119, 0, 0.379508, 

387.304, 0, 0, 0.379508, 

387.304, 1, 0, 0.379508, 

387.304, 2, 0, 0.379508, 

387.304, 3, 0, 0.379508, 

387.304, 4, 0, 0.379508, 

387.304, 5, 0, 0.379508, 

387.304, 6, 0, 0.379508, 

387.304, 7, 0, 0.379508, 

387.304, 8, 0, 0.379508, 

387.304, 9, 0, 0.379508, 

387.304, 10, 0, 0.379508, 

387.304, 11, 0, 0.379508, 

387.304, 12, 0, 0.379508, 

387.304, 13, 0, 0.379508, 

387.304, 14, 0, 0.379508, 

387.304, 15, 0, 0.379508, 

387.304, 16, 0, 0.379508, 

387.304, 17, 0, 0.379508, 

387.304, 18, 0, 0.379508, 

387.304, 19, 0, 0.379508, 

387.304, 20, 0, 0.379508, 

387.304, 21, 0, 0.379508, 

387.304, 22, 0, 0.379508, 

387.304, 23, 0, 0.379508, 

387.304, 24, 0, 0.379508, 

387.304, 25, 0, 0.379508, 

387.304, 26, 0, 0.379508, 

387.304, 27, 0, 0.379508, 

387.304, 28, 0, 0.379508, 

387.304, 29, 0, 0.379508, 

387.304, 30, 0, 0.379508, 

387.304, 31, 0, 0.379508, 

387.304, 32, 0, 0.379508, 

387.304, 33, 0, 0.379508, 

387.304, 34, 0, 0.379508, 

387.304, 35, 0, 0.379508, 

387.304, 36, 0, 0.379508, 

387.304, 37, 0, 0.379508, 

387.304, 38, 0, 0.379508, 

387.304, 39, 0, 0.379508, 

387.304, 40, 0, 0.379508, 

387.304, 41, 0, 0.379508, 

387.304, 42, 0, 0.379508, 

387.304, 43, 0, 0.379508, 

387.304, 44, 0, 0.379508, 

387.304, 45, 0, 0.379508, 

387.304, 46, 0, 0.379508, 

387.304, 47, 0, 0.379508, 

387.304, 48, 0, 0.379508, 

387.304, 49, 0, 0.379508, 

387.304, 50, 0, 0.379508, 

387.304, 51, 0, 0.379508, 

387.304, 52, 0, 0.379508, 

387.304, 53, 0, 0.379508, 

387.304, 54, 0, 0.379508, 

387.304, 55, 0, 0.379508, 

387.304, 56, 0, 0.379508, 

387.304, 57, 0, 0.379508, 

387.304, 58, 0, 0.379508, 

387.304, 59, 0, 0.379508, 

387.304, 60, 0, 0.379508, 

387.304, 61, 0, 0.379508, 

387.304, 62, 0, 0.379508, 

387.304, 63, 0, 0.379508, 

387.304, 64, 0, 0.379508, 

387.304, 65, 0, 0.379508, 

387.304, 66, 0, 0.379508, 

387.304, 67, 0, 0.379508, 

387.304, 68, 0, 0.379508, 

387.304, 69, 0, 0.379508, 

387.304, 70, 0, 0.379508, 

387.304, 71, 0, 0.379508, 

387.304, 72, 0, 0.379508, 

387.304, 73, 0, 0.379508, 

387.304, 74, 0, 0.379508, 

387.304, 75, 0, 0.379508, 

387.304, 76, 0, 0.379508, 

387.304, 77, 0, 0.379508, 

387.304, 78, 0, 0.379508, 

387.304, 79, 0, 0.379508, 

387.304, 80, 0, 0.379508, 

387.304, 81, 0, 0.379508, 

387.304, 82, 0, 0.379508, 

387.304, 83, 0, 0.379508, 

387.304, 84, 0, 0.379508, 

387.304, 85, 0, 0.379508, 

387.304, 86, 0, 0.379508, 

387.304, 87, 0, 0.379508, 

387.304, 88, 0, 0.379508, 

387.304, 89, 0, 0.379508, 

387.304, 90, 0, 0.379508, 

387.304, 91, 0, 0.379508, 

387.304, 92, 0, 0.379508, 

387.304, 93, 0, 0.379508, 

387.304, 94, 0, 0.379508, 

387.304, 95, 0, 0.379508, 

387.304, 96, 0, 0.379508, 

387.304, 97, 0, 0.379508, 

387.304, 98, 0, 0.379508, 

387.304, 99, 0, 0.379508, 

387.304, 100, 0, 0.379508, 

387.304, 101, 0, 0.379508, 

387.304, 102, 0, 0.379508, 

387.304, 103, 0, 0.379508, 

387.304, 104, 0, 0.379508, 

387.304, 105, 0, 0.379508, 

387.304, 106, 0, 0.379508, 

387.304, 107, 0, 0.379508, 

387.304, 108, 0, 0.379508, 

387.304, 109, 0, 0.379508, 

387.304, 110, 0, 0.379508, 

387.304, 111, 0, 0.379508, 

387.304, 112, 0, 0.379508, 

387.304, 113, 0, 0.379508, 

387.304, 114, 0, 0.379508, 

387.304, 115, 0, 0.379508, 

387.304, 116, 0, 0.379508, 

387.304, 117, 0, 0.379508, 

387.304, 118, 0, 0.379508, 

387.304, 119, 0, 0.379508, 

389.939, 0, 0, 0.379508, 

389.939, 1, 0, 0.379508, 

389.939, 2, 0, 0.379508, 

389.939, 3, 0, 0.379508, 

389.939, 4, 0, 0.379508, 

389.939, 5, 0, 0.379508, 

389.939, 6, 0, 0.379508, 

389.939, 7, 0, 0.379508, 

389.939, 8, 0, 0.379508, 

389.939, 9, 0, 0.379508, 

389.939, 10, 0, 0.379508, 

389.939, 11, 0, 0.379508, 

389.939, 12, 0, 0.379508, 

389.939, 13, 0, 0.379508, 

389.939, 14, 0, 0.379508, 

389.939, 15, 0, 0.379508, 

389.939, 16, 0, 0.379508, 

389.939, 17, 0, 0.379508, 

389.939, 18, 0, 0.379508, 

389.939, 19, 0, 0.379508, 

389.939, 20, 0, 0.379508, 

389.939, 21, 0, 0.379508, 

389.939, 22, 0, 0.379508, 

389.939, 23, 0, 0.379508, 

389.939, 24, 0, 0.379508, 

389.939, 25, 0, 0.379508, 

389.939, 26, 0, 0.379508, 

389.939, 27, 0, 0.379508, 

389.939, 28, 0, 0.379508, 

389.939, 29, 0, 0.379508, 

389.939, 30, 0, 0.379508, 

389.939, 31, 0, 0.379508, 

389.939, 32, 0, 0.379508, 

389.939, 33, 0, 0.379508, 

389.939, 34, 0, 0.379508, 

389.939, 35, 0, 0.379508, 

389.939, 36, 0, 0.379508, 

389.939, 37, 0, 0.379508, 

389.939, 38, 0, 0.379508, 

389.939, 39, 0, 0.379508, 

389.939, 40, 0, 0.379508, 

389.939, 41, 0, 0.379508, 

389.939, 42, 0, 0.379508, 

389.939, 43, 0, 0.379508, 

389.939, 44, 0, 0.379508, 

389.939, 45, 0, 0.379508, 

389.939, 46, 0, 0.379508, 

389.939, 47, 0, 0.379508, 

389.939, 48, 0, 0.379508, 

389.939, 49, 0, 0.379508, 

389.939, 50, 0, 0.379508, 

389.939, 51, 0, 0.379508, 

389.939, 52, 0, 0.379508, 

389.939, 53, 0, 0.379508, 

389.939, 54, 0, 0.379508, 

389.939, 55, 0, 0.379508, 

389.939, 56, 0, 0.379508, 

389.939, 57, 0, 0.379508, 

389.939, 58, 0, 0.379508, 

389.939, 59, 0, 0.379508, 

389.939, 60, 0, 0.379508, 

389.939, 61, 0, 0.379508, 

389.939, 62, 0, 0.379508, 

389.939, 63, 0, 0.379508, 

389.939, 64, 0, 0.379508, 

389.939, 65, 0, 0.379508, 

389.939, 66, 0, 0.379508, 

389.939, 67, 0, 0.379508, 

389.939, 68, 0, 0.379508, 

389.939, 69, 0, 0.379508, 

389.939, 70, 0, 0.379508, 

389.939, 71, 0, 0.379508, 

389.939, 72, 0, 0.379508, 

389.939, 73, 0, 0.379508, 

389.939, 74, 0, 0.379508, 

389.939, 75, 0, 0.379508, 

389.939, 76, 0, 0.379508, 

389.939, 77, 0, 0.379508, 

389.939, 78, 0, 0.379508, 

389.939, 79, 0, 0.379508, 

389.939, 80, 0, 0.379508, 

389.939, 81, 0, 0.379508, 

389.939, 82, 0, 0.379508, 

389.939, 83, 0, 0.379508, 

389.939, 84, 0, 0.379508, 

389.939, 85, 0, 0.379508, 

389.939, 86, 0, 0.379508, 

389.939, 87, 0, 0.379508, 

389.939, 88, 0, 0.379508, 

389.939, 89, 0, 0.379508, 

389.939, 90, 0, 0.379508, 

389.939, 91, 0, 0.379508, 

389.939, 92, 0, 0.379508, 

389.939, 93, 0, 0.379508, 

389.939, 94, 0, 0.379508, 

389.939, 95, 0, 0.379508, 

389.939, 96, 0, 0.379508, 

389.939, 97, 0, 0.379508, 

389.939, 98, 0, 0.379508, 

389.939, 99, 0, 0.379508, 

389.939, 100, 0, 0.379508, 

389.939, 101, 0, 0.379508, 

389.939, 102, 0, 0.379508, 

389.939, 103, 0, 0.379508, 

389.939, 104, 0, 0.379508, 

389.939, 105, 0, 0.379508, 

389.939, 106, 0, 0.379508, 

389.939, 107, 0, 0.379508, 

389.939, 108, 0, 0.379508, 

389.939, 109, 0, 0.379508, 

389.939, 110, 0, 0.379508, 

389.939, 111, 0, 0.379508, 

389.939, 112, 0, 0.379508, 

389.939, 113, 0, 0.379508, 

389.939, 114, 0, 0.379508, 

389.939, 115, 0, 0.379508, 

389.939, 116, 0, 0.379508, 

389.939, 117, 0, 0.379508, 

389.939, 118, 0, 0.379508, 

389.939, 119, 0, 0.379508, 

392.574, 0, 0, 0.379508, 

392.574, 1, 0, 0.379508, 

392.574, 2, 0, 0.379508, 

392.574, 3, 0, 0.379508, 

392.574, 4, 0, 0.379508, 

392.574, 5, 0, 0.379508, 

392.574, 6, 0, 0.379508, 

392.574, 7, 0, 0.379508, 

392.574, 8, 0, 0.379508, 

392.574, 9, 0, 0.379508, 

392.574, 10, 0, 0.379508, 

392.574, 11, 0, 0.379508, 

392.574, 12, 0, 0.379508, 

392.574, 13, 0, 0.379508, 

392.574, 14, 0, 0.379508, 

392.574, 15, 0, 0.379508, 

392.574, 16, 0, 0.379508, 

392.574, 17, 0, 0.379508, 

392.574, 18, 0, 0.379508, 

392.574, 19, 0, 0.379508, 

392.574, 20, 0, 0.379508, 

392.574, 21, 0, 0.379508, 

392.574, 22, 0, 0.379508, 

392.574, 23, 0, 0.379508, 

392.574, 24, 0, 0.379508, 

392.574, 25, 0, 0.379508, 

392.574, 26, 0, 0.379508, 

392.574, 27, 0, 0.379508, 

392.574, 28, 0, 0.379508, 

392.574, 29, 0, 0.379508, 

392.574, 30, 0, 0.379508, 

392.574, 31, 0, 0.379508, 

392.574, 32, 0, 0.379508, 

392.574, 33, 0, 0.379508, 

392.574, 34, 0, 0.379508, 

392.574, 35, 0, 0.379508, 

392.574, 36, 0, 0.379508, 

392.574, 37, 0, 0.379508, 

392.574, 38, 0, 0.379508, 

392.574, 39, 0, 0.379508, 

392.574, 40, 0, 0.379508, 

392.574, 41, 0, 0.379508, 

392.574, 42, 0, 0.379508, 

392.574, 43, 0, 0.379508, 

392.574, 44, 0, 0.379508, 

392.574, 45, 0, 0.379508, 

392.574, 46, 0, 0.379508, 

392.574, 47, 0, 0.379508, 

392.574, 48, 0, 0.379508, 

392.574, 49, 0, 0.379508, 

392.574, 50, 0, 0.379508, 

392.574, 51, 0, 0.379508, 

392.574, 52, 0, 0.379508, 

392.574, 53, 0, 0.379508, 

392.574, 54, 0, 0.379508, 

392.574, 55, 0, 0.379508, 

392.574, 56, 0, 0.379508, 

392.574, 57, 0, 0.379508, 

392.574, 58, 0, 0.379508, 

392.574, 59, 0, 0.379508, 

392.574, 60, 0, 0.379508, 

392.574, 61, 0, 0.379508, 

392.574, 62, 0, 0.379508, 

392.574, 63, 0, 0.379508, 

392.574, 64, 0, 0.379508, 

392.574, 65, 0, 0.379508, 

392.574, 66, 0, 0.379508, 

392.574, 67, 0, 0.379508, 

392.574, 68, 0, 0.379508, 

392.574, 69, 0, 0.379508, 

392.574, 70, 0, 0.379508, 

392.574, 71, 0, 0.379508, 

392.574, 72, 0, 0.379508, 

392.574, 73, 0, 0.379508, 

392.574, 74, 0, 0.379508, 

392.574, 75, 0, 0.379508, 

392.574, 76, 0, 0.379508, 

392.574, 77, 0, 0.379508, 

392.574, 78, 0, 0.379508, 

392.574, 79, 0, 0.379508, 

392.574, 80, 0, 0.379508, 

392.574, 81, 0, 0.379508, 

392.574, 82, 0, 0.379508, 

392.574, 83, 0, 0.379508, 

392.574, 84, 0, 0.379508, 

392.574, 85, 0, 0.379508, 

392.574, 86, 0, 0.379508, 

392.574, 87, 0, 0.379508, 

392.574, 88, 0, 0.379508, 

392.574, 89, 0, 0.379508, 

392.574, 90, 0, 0.379508, 

392.574, 91, 0, 0.379508, 

392.574, 92, 0, 0.379508, 

392.574, 93, 0, 0.379508, 

392.574, 94, 0, 0.379508, 

392.574, 95, 0, 0.379508, 

392.574, 96, 0, 0.379508, 

392.574, 97, 0, 0.379508, 

392.574, 98, 0, 0.379508, 

392.574, 99, 0, 0.379508, 

392.574, 100, 0, 0.379508, 

392.574, 101, 0, 0.379508, 

392.574, 102, 0, 0.379508, 

392.574, 103, 0, 0.379508, 

392.574, 104, 0, 0.379508, 

392.574, 105, 0, 0.379508, 

392.574, 106, 0, 0.379508, 

392.574, 107, 0, 0.379508, 

392.574, 108, 0, 0.379508, 

392.574, 109, 0, 0.379508, 

392.574, 110, 0, 0.379508, 

392.574, 111, 0, 0.379508, 

392.574, 112, 0, 0.379508, 

392.574, 113, 0, 0.379508, 

392.574, 114, 0, 0.379508, 

392.574, 115, 0, 0.379508, 

392.574, 116, 0, 0.379508, 

392.574, 117, 0, 0.379508, 

392.574, 118, 0, 0.379508, 

392.574, 119, 0, 0.379508, 

395.208, 0, 0, 0.379508, 

395.208, 1, 0, 0.379508, 

395.208, 2, 0, 0.379508, 

395.208, 3, 0, 0.379508, 

395.208, 4, 0, 0.379508, 

395.208, 5, 0, 0.379508, 

395.208, 6, 0, 0.379508, 

395.208, 7, 0, 0.379508, 

395.208, 8, 0, 0.379508, 

395.208, 9, 0, 0.379508, 

395.208, 10, 0, 0.379508, 

395.208, 11, 0, 0.379508, 

395.208, 12, 0, 0.379508, 

395.208, 13, 0, 0.379508, 

395.208, 14, 0, 0.379508, 

395.208, 15, 0, 0.379508, 

395.208, 16, 0, 0.379508, 

395.208, 17, 0, 0.379508, 

395.208, 18, 0, 0.379508, 

395.208, 19, 0, 0.379508, 

395.208, 20, 0, 0.379508, 

395.208, 21, 0, 0.379508, 

395.208, 22, 0, 0.379508, 

395.208, 23, 0, 0.379508, 

395.208, 24, 0, 0.379508, 

395.208, 25, 0, 0.379508, 

395.208, 26, 0, 0.379508, 

395.208, 27, 0, 0.379508, 

395.208, 28, 0, 0.379508, 

395.208, 29, 0, 0.379508, 

395.208, 30, 0, 0.379508, 

395.208, 31, 0, 0.379508, 

395.208, 32, 0, 0.379508, 

395.208, 33, 0, 0.379508, 

395.208, 34, 0, 0.379508, 

395.208, 35, 0, 0.379508, 

395.208, 36, 0, 0.379508, 

395.208, 37, 0, 0.379508, 

395.208, 38, 0, 0.379508, 

395.208, 39, 0, 0.379508, 

395.208, 40, 0, 0.379508, 

395.208, 41, 0, 0.379508, 

395.208, 42, 0, 0.379508, 

395.208, 43, 0, 0.379508, 

395.208, 44, 0, 0.379508, 

395.208, 45, 0, 0.379508, 

395.208, 46, 0, 0.379508, 

395.208, 47, 0, 0.379508, 

395.208, 48, 0, 0.379508, 

395.208, 49, 0, 0.379508, 

395.208, 50, 0, 0.379508, 

395.208, 51, 0, 0.379508, 

395.208, 52, 0, 0.379508, 

395.208, 53, 0, 0.379508, 

395.208, 54, 0, 0.379508, 

395.208, 55, 0, 0.379508, 

395.208, 56, 0, 0.379508, 

395.208, 57, 0, 0.379508, 

395.208, 58, 0, 0.379508, 

395.208, 59, 0, 0.379508, 

395.208, 60, 0, 0.379508, 

395.208, 61, 0, 0.379508, 

395.208, 62, 0, 0.379508, 

395.208, 63, 0, 0.379508, 

395.208, 64, 0, 0.379508, 

395.208, 65, 0, 0.379508, 

395.208, 66, 0, 0.379508, 

395.208, 67, 0, 0.379508, 

395.208, 68, 0, 0.379508, 

395.208, 69, 0, 0.379508, 

395.208, 70, 0, 0.379508, 

395.208, 71, 0, 0.379508, 

395.208, 72, 0, 0.379508, 

395.208, 73, 0, 0.379508, 

395.208, 74, 0, 0.379508, 

395.208, 75, 0, 0.379508, 

395.208, 76, 0, 0.379508, 

395.208, 77, 0, 0.379508, 

395.208, 78, 0, 0.379508, 

395.208, 79, 0, 0.379508, 

395.208, 80, 0, 0.379508, 

395.208, 81, 0, 0.379508, 

395.208, 82, 0, 0.379508, 

395.208, 83, 0, 0.379508, 

395.208, 84, 0, 0.379508, 

395.208, 85, 0, 0.379508, 

395.208, 86, 0, 0.379508, 

395.208, 87, 0, 0.379508, 

395.208, 88, 0, 0.379508, 

395.208, 89, 0, 0.379508, 

395.208, 90, 0, 0.379508, 

395.208, 91, 0, 0.379508, 

395.208, 92, 0, 0.379508, 

395.208, 93, 0, 0.379508, 

395.208, 94, 0, 0.379508, 

395.208, 95, 0, 0.379508, 

395.208, 96, 0, 0.379508, 

395.208, 97, 0, 0.379508, 

395.208, 98, 0, 0.379508, 

395.208, 99, 0, 0.379508, 

395.208, 100, 0, 0.379508, 

395.208, 101, 0, 0.379508, 

395.208, 102, 0, 0.379508, 

395.208, 103, 0, 0.379508, 

395.208, 104, 0, 0.379508, 

395.208, 105, 0, 0.379508, 

395.208, 106, 0, 0.379508, 

395.208, 107, 0, 0.379508, 

395.208, 108, 0, 0.379508, 

395.208, 109, 0, 0.379508, 

395.208, 110, 0, 0.379508, 

395.208, 111, 0, 0.379508, 

395.208, 112, 0, 0.379508, 

395.208, 113, 0, 0.379508, 

395.208, 114, 0, 0.379508, 

395.208, 115, 0, 0.379508, 

395.208, 116, 0, 0.379508, 

395.208, 117, 0, 0.379508, 

395.208, 118, 0, 0.379508, 

395.208, 119, 0, 0.379508, 

397.843, 0, 0, 0.379508, 

397.843, 1, 0, 0.379508, 

397.843, 2, 0, 0.379508, 

397.843, 3, 0, 0.379508, 

397.843, 4, 0, 0.379508, 

397.843, 5, 0, 0.379508, 

397.843, 6, 0, 0.379508, 

397.843, 7, 0, 0.379508, 

397.843, 8, 0, 0.379508, 

397.843, 9, 0, 0.379508, 

397.843, 10, 0, 0.379508, 

397.843, 11, 0, 0.379508, 

397.843, 12, 0, 0.379508, 

397.843, 13, 0, 0.379508, 

397.843, 14, 0, 0.379508, 

397.843, 15, 0, 0.379508, 

397.843, 16, 0, 0.379508, 

397.843, 17, 0, 0.379508, 

397.843, 18, 0, 0.379508, 

397.843, 19, 0, 0.379508, 

397.843, 20, 0, 0.379508, 

397.843, 21, 0, 0.379508, 

397.843, 22, 0, 0.379508, 

397.843, 23, 0, 0.379508, 

397.843, 24, 0, 0.379508, 

397.843, 25, 0, 0.379508, 

397.843, 26, 0, 0.379508, 

397.843, 27, 0, 0.379508, 

397.843, 28, 0, 0.379508, 

397.843, 29, 0, 0.379508, 

397.843, 30, 0, 0.379508, 

397.843, 31, 0, 0.379508, 

397.843, 32, 0, 0.379508, 

397.843, 33, 0, 0.379508, 

397.843, 34, 0, 0.379508, 

397.843, 35, 0, 0.379508, 

397.843, 36, 0, 0.379508, 

397.843, 37, 0, 0.379508, 

397.843, 38, 0, 0.379508, 

397.843, 39, 0, 0.379508, 

397.843, 40, 0, 0.379508, 

397.843, 41, 0, 0.379508, 

397.843, 42, 0, 0.379508, 

397.843, 43, 0, 0.379508, 

397.843, 44, 0, 0.379508, 

397.843, 45, 0, 0.379508, 

397.843, 46, 0, 0.379508, 

397.843, 47, 0, 0.379508, 

397.843, 48, 0, 0.379508, 

397.843, 49, 0, 0.379508, 

397.843, 50, 0, 0.379508, 

397.843, 51, 0, 0.379508, 

397.843, 52, 0, 0.379508, 

397.843, 53, 0, 0.379508, 

397.843, 54, 0, 0.379508, 

397.843, 55, 0, 0.379508, 

397.843, 56, 0, 0.379508, 

397.843, 57, 0, 0.379508, 

397.843, 58, 0, 0.379508, 

397.843, 59, 0, 0.379508, 

397.843, 60, 0, 0.379508, 

397.843, 61, 0, 0.379508, 

397.843, 62, 0, 0.379508, 

397.843, 63, 0, 0.379508, 

397.843, 64, 0, 0.379508, 

397.843, 65, 0, 0.379508, 

397.843, 66, 0, 0.379508, 

397.843, 67, 0, 0.379508, 

397.843, 68, 0, 0.379508, 

397.843, 69, 0, 0.379508, 

397.843, 70, 0, 0.379508, 

397.843, 71, 0, 0.379508, 

397.843, 72, 0, 0.379508, 

397.843, 73, 0, 0.379508, 

397.843, 74, 0, 0.379508, 

397.843, 75, 0, 0.379508, 

397.843, 76, 0, 0.379508, 

397.843, 77, 0, 0.379508, 

397.843, 78, 0, 0.379508, 

397.843, 79, 0, 0.379508, 

397.843, 80, 0, 0.379508, 

397.843, 81, 0, 0.379508, 

397.843, 82, 0, 0.379508, 

397.843, 83, 0, 0.379508, 

397.843, 84, 0, 0.379508, 

397.843, 85, 0, 0.379508, 

397.843, 86, 0, 0.379508, 

397.843, 87, 0, 0.379508, 

397.843, 88, 0, 0.379508, 

397.843, 89, 0, 0.379508, 

397.843, 90, 0, 0.379508, 

397.843, 91, 0, 0.379508, 

397.843, 92, 0, 0.379508, 

397.843, 93, 0, 0.379508, 

397.843, 94, 0, 0.379508, 

397.843, 95, 0, 0.379508, 

397.843, 96, 0, 0.379508, 

397.843, 97, 0, 0.379508, 

397.843, 98, 0, 0.379508, 

397.843, 99, 0, 0.379508, 

397.843, 100, 0, 0.379508, 

397.843, 101, 0, 0.379508, 

397.843, 102, 0, 0.379508, 

397.843, 103, 0, 0.379508, 

397.843, 104, 0, 0.379508, 

397.843, 105, 0, 0.379508, 

397.843, 106, 0, 0.379508, 

397.843, 107, 0, 0.379508, 

397.843, 108, 0, 0.379508, 

397.843, 109, 0, 0.379508, 

397.843, 110, 0, 0.379508, 

397.843, 111, 0, 0.379508, 

397.843, 112, 0, 0.379508, 

397.843, 113, 0, 0.379508, 

397.843, 114, 0, 0.379508, 

397.843, 115, 0, 0.379508, 

397.843, 116, 0, 0.379508, 

397.843, 117, 0, 0.379508, 

397.843, 118, 0, 0.379508, 

397.843, 119, 0, 0.379508, 

400.478, 0, 0, 0.379508, 

400.478, 1, 0, 0.379508, 

400.478, 2, 0, 0.379508, 

400.478, 3, 0, 0.379508, 

400.478, 4, 0, 0.379508, 

400.478, 5, 0, 0.379508, 

400.478, 6, 0, 0.379508, 

400.478, 7, 0, 0.379508, 

400.478, 8, 0, 0.379508, 

400.478, 9, 0, 0.379508, 

400.478, 10, 0, 0.379508, 

400.478, 11, 0, 0.379508, 

400.478, 12, 0, 0.379508, 

400.478, 13, 0, 0.379508, 

400.478, 14, 0, 0.379508, 

400.478, 15, 0, 0.379508, 

400.478, 16, 0, 0.379508, 

400.478, 17, 0, 0.379508, 

400.478, 18, 0, 0.379508, 

400.478, 19, 0, 0.379508, 

400.478, 20, 0, 0.379508, 

400.478, 21, 0, 0.379508, 

400.478, 22, 0, 0.379508, 

400.478, 23, 0, 0.379508, 

400.478, 24, 0, 0.379508, 

400.478, 25, 0, 0.379508, 

400.478, 26, 0, 0.379508, 

400.478, 27, 0, 0.379508, 

400.478, 28, 0, 0.379508, 

400.478, 29, 0, 0.379508, 

400.478, 30, 0, 0.379508, 

400.478, 31, 0, 0.379508, 

400.478, 32, 0, 0.379508, 

400.478, 33, 0, 0.379508, 

400.478, 34, 0, 0.379508, 

400.478, 35, 0, 0.379508, 

400.478, 36, 0, 0.379508, 

400.478, 37, 0, 0.379508, 

400.478, 38, 0, 0.379508, 

400.478, 39, 0, 0.379508, 

400.478, 40, 0, 0.379508, 

400.478, 41, 0, 0.379508, 

400.478, 42, 0, 0.379508, 

400.478, 43, 0, 0.379508, 

400.478, 44, 0, 0.379508, 

400.478, 45, 0, 0.379508, 

400.478, 46, 0, 0.379508, 

400.478, 47, 0, 0.379508, 

400.478, 48, 0, 0.379508, 

400.478, 49, 0, 0.379508, 

400.478, 50, 0, 0.379508, 

400.478, 51, 0, 0.379508, 

400.478, 52, 0, 0.379508, 

400.478, 53, 0, 0.379508, 

400.478, 54, 0, 0.379508, 

400.478, 55, 0, 0.379508, 

400.478, 56, 0, 0.379508, 

400.478, 57, 0, 0.379508, 

400.478, 58, 0, 0.379508, 

400.478, 59, 0, 0.379508, 

400.478, 60, 0, 0.379508, 

400.478, 61, 0, 0.379508, 

400.478, 62, 0, 0.379508, 

400.478, 63, 0, 0.379508, 

400.478, 64, 0, 0.379508, 

400.478, 65, 0, 0.379508, 

400.478, 66, 0, 0.379508, 

400.478, 67, 0, 0.379508, 

400.478, 68, 0, 0.379508, 

400.478, 69, 0, 0.379508, 

400.478, 70, 0, 0.379508, 

400.478, 71, 0, 0.379508, 

400.478, 72, 0, 0.379508, 

400.478, 73, 0, 0.379508, 

400.478, 74, 0, 0.379508, 

400.478, 75, 0, 0.379508, 

400.478, 76, 0, 0.379508, 

400.478, 77, 0, 0.379508, 

400.478, 78, 0, 0.379508, 

400.478, 79, 0, 0.379508, 

400.478, 80, 0, 0.379508, 

400.478, 81, 0, 0.379508, 

400.478, 82, 0, 0.379508, 

400.478, 83, 0, 0.379508, 

400.478, 84, 0, 0.379508, 

400.478, 85, 0, 0.379508, 

400.478, 86, 0, 0.379508, 

400.478, 87, 0, 0.379508, 

400.478, 88, 0, 0.379508, 

400.478, 89, 0, 0.379508, 

400.478, 90, 0, 0.379508, 

400.478, 91, 0, 0.379508, 

400.478, 92, 0, 0.379508, 

400.478, 93, 0, 0.379508, 

400.478, 94, 0, 0.379508, 

400.478, 95, 0, 0.379508, 

400.478, 96, 0, 0.379508, 

400.478, 97, 0, 0.379508, 

400.478, 98, 0, 0.379508, 

400.478, 99, 0, 0.379508, 

400.478, 100, 0, 0.379508, 

400.478, 101, 0, 0.379508, 

400.478, 102, 0, 0.379508, 

400.478, 103, 0, 0.379508, 

400.478, 104, 0, 0.379508, 

400.478, 105, 0, 0.379508, 

400.478, 106, 0, 0.379508, 

400.478, 107, 0, 0.379508, 

400.478, 108, 0, 0.379508, 

400.478, 109, 0, 0.379508, 

400.478, 110, 0, 0.379508, 

400.478, 111, 0, 0.379508, 

400.478, 112, 0, 0.379508, 

400.478, 113, 0, 0.379508, 

400.478, 114, 0, 0.379508, 

400.478, 115, 0, 0.379508, 

400.478, 116, 0, 0.379508, 

400.478, 117, 0, 0.379508, 

400.478, 118, 0, 0.379508, 

400.478, 119, 0, 0.379508, 

403.112, 0, 0, 0.379508, 

403.112, 1, 0, 0.379508, 

403.112, 2, 0, 0.379508, 

403.112, 3, 0, 0.379508, 

403.112, 4, 0, 0.379508, 

403.112, 5, 0, 0.379508, 

403.112, 6, 0, 0.379508, 

403.112, 7, 0, 0.379508, 

403.112, 8, 0, 0.379508, 

403.112, 9, 0, 0.379508, 

403.112, 10, 0, 0.379508, 

403.112, 11, 0, 0.379508, 

403.112, 12, 0, 0.379508, 

403.112, 13, 0, 0.379508, 

403.112, 14, 0, 0.379508, 

403.112, 15, 0, 0.379508, 

403.112, 16, 0, 0.379508, 

403.112, 17, 0, 0.379508, 

403.112, 18, 0, 0.379508, 

403.112, 19, 0, 0.379508, 

403.112, 20, 0, 0.379508, 

403.112, 21, 0, 0.379508, 

403.112, 22, 0, 0.379508, 

403.112, 23, 0, 0.379508, 

403.112, 24, 0, 0.379508, 

403.112, 25, 0, 0.379508, 

403.112, 26, 0, 0.379508, 

403.112, 27, 0, 0.379508, 

403.112, 28, 0, 0.379508, 

403.112, 29, 0, 0.379508, 

403.112, 30, 0, 0.379508, 

403.112, 31, 0, 0.379508, 

403.112, 32, 0, 0.379508, 

403.112, 33, 0, 0.379508, 

403.112, 34, 0, 0.379508, 

403.112, 35, 0, 0.379508, 

403.112, 36, 0, 0.379508, 

403.112, 37, 0, 0.379508, 

403.112, 38, 0, 0.379508, 

403.112, 39, 0, 0.379508, 

403.112, 40, 0, 0.379508, 

403.112, 41, 0, 0.379508, 

403.112, 42, 0, 0.379508, 

403.112, 43, 0, 0.379508, 

403.112, 44, 0, 0.379508, 

403.112, 45, 0, 0.379508, 

403.112, 46, 0, 0.379508, 

403.112, 47, 0, 0.379508, 

403.112, 48, 0, 0.379508, 

403.112, 49, 0, 0.379508, 

403.112, 50, 0, 0.379508, 

403.112, 51, 0, 0.379508, 

403.112, 52, 0, 0.379508, 

403.112, 53, 0, 0.379508, 

403.112, 54, 0, 0.379508, 

403.112, 55, 0, 0.379508, 

403.112, 56, 0, 0.379508, 

403.112, 57, 0, 0.379508, 

403.112, 58, 0, 0.379508, 

403.112, 59, 0, 0.379508, 

403.112, 60, 0, 0.379508, 

403.112, 61, 0, 0.379508, 

403.112, 62, 0, 0.379508, 

403.112, 63, 0, 0.379508, 

403.112, 64, 0, 0.379508, 

403.112, 65, 0, 0.379508, 

403.112, 66, 0, 0.379508, 

403.112, 67, 0, 0.379508, 

403.112, 68, 0, 0.379508, 

403.112, 69, 0, 0.379508, 

403.112, 70, 0, 0.379508, 

403.112, 71, 0, 0.379508, 

403.112, 72, 0, 0.379508, 

403.112, 73, 0, 0.379508, 

403.112, 74, 0, 0.379508, 

403.112, 75, 0, 0.379508, 

403.112, 76, 0, 0.379508, 

403.112, 77, 0, 0.379508, 

403.112, 78, 0, 0.379508, 

403.112, 79, 0, 0.379508, 

403.112, 80, 0, 0.379508, 

403.112, 81, 0, 0.379508, 

403.112, 82, 0, 0.379508, 

403.112, 83, 0, 0.379508, 

403.112, 84, 0, 0.379508, 

403.112, 85, 0, 0.379508, 

403.112, 86, 0, 0.379508, 

403.112, 87, 0, 0.379508, 

403.112, 88, 0, 0.379508, 

403.112, 89, 0, 0.379508, 

403.112, 90, 0, 0.379508, 

403.112, 91, 0, 0.379508, 

403.112, 92, 0, 0.379508, 

403.112, 93, 0, 0.379508, 

403.112, 94, 0, 0.379508, 

403.112, 95, 0, 0.379508, 

403.112, 96, 0, 0.379508, 

403.112, 97, 0, 0.379508, 

403.112, 98, 0, 0.379508, 

403.112, 99, 0, 0.379508, 

403.112, 100, 0, 0.379508, 

403.112, 101, 0, 0.379508, 

403.112, 102, 0, 0.379508, 

403.112, 103, 0, 0.379508, 

403.112, 104, 0, 0.379508, 

403.112, 105, 0, 0.379508, 

403.112, 106, 0, 0.379508, 

403.112, 107, 0, 0.379508, 

403.112, 108, 0, 0.379508, 

403.112, 109, 0, 0.379508, 

403.112, 110, 0, 0.379508, 

403.112, 111, 0, 0.379508, 

403.112, 112, 0, 0.379508, 

403.112, 113, 0, 0.379508, 

403.112, 114, 0, 0.379508, 

403.112, 115, 0, 0.379508, 

403.112, 116, 0, 0.379508, 

403.112, 117, 0, 0.379508, 

403.112, 118, 0, 0.379508, 

403.112, 119, 0, 0.379508, 

405.747, 0, 0, 0.379508, 

405.747, 1, 0, 0.379508, 

405.747, 2, 0, 0.379508, 

405.747, 3, 0, 0.379508, 

405.747, 4, 0, 0.379508, 

405.747, 5, 0, 0.379508, 

405.747, 6, 0, 0.379508, 

405.747, 7, 0, 0.379508, 

405.747, 8, 0, 0.379508, 

405.747, 9, 0, 0.379508, 

405.747, 10, 0, 0.379508, 

405.747, 11, 0, 0.379508, 

405.747, 12, 0, 0.379508, 

405.747, 13, 0, 0.379508, 

405.747, 14, 0, 0.379508, 

405.747, 15, 0, 0.379508, 

405.747, 16, 0, 0.379508, 

405.747, 17, 0, 0.379508, 

405.747, 18, 0, 0.379508, 

405.747, 19, 0, 0.379508, 

405.747, 20, 0, 0.379508, 

405.747, 21, 0, 0.379508, 

405.747, 22, 0, 0.379508, 

405.747, 23, 0, 0.379508, 

405.747, 24, 0, 0.379508, 

405.747, 25, 0, 0.379508, 

405.747, 26, 0, 0.379508, 

405.747, 27, 0, 0.379508, 

405.747, 28, 0, 0.379508, 

405.747, 29, 0, 0.379508, 

405.747, 30, 0, 0.379508, 

405.747, 31, 0, 0.379508, 

405.747, 32, 0, 0.379508, 

405.747, 33, 0, 0.379508, 

405.747, 34, 0, 0.379508, 

405.747, 35, 0, 0.379508, 

405.747, 36, 0, 0.379508, 

405.747, 37, 0, 0.379508, 

405.747, 38, 0, 0.379508, 

405.747, 39, 0, 0.379508, 

405.747, 40, 0, 0.379508, 

405.747, 41, 0, 0.379508, 

405.747, 42, 0, 0.379508, 

405.747, 43, 0, 0.379508, 

405.747, 44, 0, 0.379508, 

405.747, 45, 0, 0.379508, 

405.747, 46, 0, 0.379508, 

405.747, 47, 0, 0.379508, 

405.747, 48, 0, 0.379508, 

405.747, 49, 0, 0.379508, 

405.747, 50, 0, 0.379508, 

405.747, 51, 0, 0.379508, 

405.747, 52, 0, 0.379508, 

405.747, 53, 0, 0.379508, 

405.747, 54, 0, 0.379508, 

405.747, 55, 0, 0.379508, 

405.747, 56, 0, 0.379508, 

405.747, 57, 0, 0.379508, 

405.747, 58, 0, 0.379508, 

405.747, 59, 0, 0.379508, 

405.747, 60, 0, 0.379508, 

405.747, 61, 0, 0.379508, 

405.747, 62, 0, 0.379508, 

405.747, 63, 0, 0.379508, 

405.747, 64, 0, 0.379508, 

405.747, 65, 0, 0.379508, 

405.747, 66, 0, 0.379508, 

405.747, 67, 0, 0.379508, 

405.747, 68, 0, 0.379508, 

405.747, 69, 0, 0.379508, 

405.747, 70, 0, 0.379508, 

405.747, 71, 0, 0.379508, 

405.747, 72, 0, 0.379508, 

405.747, 73, 0, 0.379508, 

405.747, 74, 0, 0.379508, 

405.747, 75, 0, 0.379508, 

405.747, 76, 0, 0.379508, 

405.747, 77, 0, 0.379508, 

405.747, 78, 0, 0.379508, 

405.747, 79, 0, 0.379508, 

405.747, 80, 0, 0.379508, 

405.747, 81, 0, 0.379508, 

405.747, 82, 0, 0.379508, 

405.747, 83, 0, 0.379508, 

405.747, 84, 0, 0.379508, 

405.747, 85, 0, 0.379508, 

405.747, 86, 0, 0.379508, 

405.747, 87, 0, 0.379508, 

405.747, 88, 0, 0.379508, 

405.747, 89, 0, 0.379508, 

405.747, 90, 0, 0.379508, 

405.747, 91, 0, 0.379508, 

405.747, 92, 0, 0.379508, 

405.747, 93, 0, 0.379508, 

405.747, 94, 0, 0.379508, 

405.747, 95, 0, 0.379508, 

405.747, 96, 0, 0.379508, 

405.747, 97, 0, 0.379508, 

405.747, 98, 0, 0.379508, 

405.747, 99, 0, 0.379508, 

405.747, 100, 0, 0.379508, 

405.747, 101, 0, 0.379508, 

405.747, 102, 0, 0.379508, 

405.747, 103, 0, 0.379508, 

405.747, 104, 0, 0.379508, 

405.747, 105, 0, 0.379508, 

405.747, 106, 0, 0.379508, 

405.747, 107, 0, 0.379508, 

405.747, 108, 0, 0.379508, 

405.747, 109, 0, 0.379508, 

405.747, 110, 0, 0.379508, 

405.747, 111, 0, 0.379508, 

405.747, 112, 0, 0.379508, 

405.747, 113, 0, 0.379508, 

405.747, 114, 0, 0.379508, 

405.747, 115, 0, 0.379508, 

405.747, 116, 0, 0.379508, 

405.747, 117, 0, 0.379508, 

405.747, 118, 0, 0.379508, 

405.747, 119, 0, 0.379508, 

408.382, 0, 0, 0.379508, 

408.382, 1, 0, 0.379508, 

408.382, 2, 0, 0.379508, 

408.382, 3, 0, 0.379508, 

408.382, 4, 0, 0.379508, 

408.382, 5, 0, 0.379508, 

408.382, 6, 0, 0.379508, 

408.382, 7, 0, 0.379508, 

408.382, 8, 0, 0.379508, 

408.382, 9, 0, 0.379508, 

408.382, 10, 0, 0.379508, 

408.382, 11, 0, 0.379508, 

408.382, 12, 0, 0.379508, 

408.382, 13, 0, 0.379508, 

408.382, 14, 0, 0.379508, 

408.382, 15, 0, 0.379508, 

408.382, 16, 0, 0.379508, 

408.382, 17, 0, 0.379508, 

408.382, 18, 0, 0.379508, 

408.382, 19, 0, 0.379508, 

408.382, 20, 0, 0.379508, 

408.382, 21, 0, 0.379508, 

408.382, 22, 0, 0.379508, 

408.382, 23, 0, 0.379508, 

408.382, 24, 0, 0.379508, 

408.382, 25, 0, 0.379508, 

408.382, 26, 0, 0.379508, 

408.382, 27, 0, 0.379508, 

408.382, 28, 0, 0.379508, 

408.382, 29, 0, 0.379508, 

408.382, 30, 0, 0.379508, 

408.382, 31, 0, 0.379508, 

408.382, 32, 0, 0.379508, 

408.382, 33, 0, 0.379508, 

408.382, 34, 0, 0.379508, 

408.382, 35, 0, 0.379508, 

408.382, 36, 0, 0.379508, 

408.382, 37, 0, 0.379508, 

408.382, 38, 0, 0.379508, 

408.382, 39, 0, 0.379508, 

408.382, 40, 0, 0.379508, 

408.382, 41, 0, 0.379508, 

408.382, 42, 0, 0.379508, 

408.382, 43, 0, 0.379508, 

408.382, 44, 0, 0.379508, 

408.382, 45, 0, 0.379508, 

408.382, 46, 0, 0.379508, 

408.382, 47, 0, 0.379508, 

408.382, 48, 0, 0.379508, 

408.382, 49, 0, 0.379508, 

408.382, 50, 0, 0.379508, 

408.382, 51, 0, 0.379508, 

408.382, 52, 0, 0.379508, 

408.382, 53, 0, 0.379508, 

408.382, 54, 0, 0.379508, 

408.382, 55, 0, 0.379508, 

408.382, 56, 0, 0.379508, 

408.382, 57, 0, 0.379508, 

408.382, 58, 0, 0.379508, 

408.382, 59, 0, 0.379508, 

408.382, 60, 0, 0.379508, 

408.382, 61, 0, 0.379508, 

408.382, 62, 0, 0.379508, 

408.382, 63, 0, 0.379508, 

408.382, 64, 0, 0.379508, 

408.382, 65, 0, 0.379508, 

408.382, 66, 0, 0.379508, 

408.382, 67, 0, 0.379508, 

408.382, 68, 0, 0.379508, 

408.382, 69, 0, 0.379508, 

408.382, 70, 0, 0.379508, 

408.382, 71, 0, 0.379508, 

408.382, 72, 0, 0.379508, 

408.382, 73, 0, 0.379508, 

408.382, 74, 0, 0.379508, 

408.382, 75, 0, 0.379508, 

408.382, 76, 0, 0.379508, 

408.382, 77, 0, 0.379508, 

408.382, 78, 0, 0.379508, 

408.382, 79, 0, 0.379508, 

408.382, 80, 0, 0.379508, 

408.382, 81, 0, 0.379508, 

408.382, 82, 0, 0.379508, 

408.382, 83, 0, 0.379508, 

408.382, 84, 0, 0.379508, 

408.382, 85, 0, 0.379508, 

408.382, 86, 0, 0.379508, 

408.382, 87, 0, 0.379508, 

408.382, 88, 0, 0.379508, 

408.382, 89, 0, 0.379508, 

408.382, 90, 0, 0.379508, 

408.382, 91, 0, 0.379508, 

408.382, 92, 0, 0.379508, 

408.382, 93, 0, 0.379508, 

408.382, 94, 0, 0.379508, 

408.382, 95, 0, 0.379508, 

408.382, 96, 0, 0.379508, 

408.382, 97, 0, 0.379508, 

408.382, 98, 0, 0.379508, 

408.382, 99, 0, 0.379508, 

408.382, 100, 0, 0.379508, 

408.382, 101, 0, 0.379508, 

408.382, 102, 0, 0.379508, 

408.382, 103, 0, 0.379508, 

408.382, 104, 0, 0.379508, 

408.382, 105, 0, 0.379508, 

408.382, 106, 0, 0.379508, 

408.382, 107, 0, 0.379508, 

408.382, 108, 0, 0.379508, 

408.382, 109, 0, 0.379508, 

408.382, 110, 0, 0.379508, 

408.382, 111, 0, 0.379508, 

408.382, 112, 0, 0.379508, 

408.382, 113, 0, 0.379508, 

408.382, 114, 0, 0.379508, 

408.382, 115, 0, 0.379508, 

408.382, 116, 0, 0.379508, 

408.382, 117, 0, 0.379508, 

408.382, 118, 0, 0.379508, 

408.382, 119, 0, 0.379508, 

411.017, 0, 0, 0.379508, 

411.017, 1, 0, 0.379508, 

411.017, 2, 0, 0.379508, 

411.017, 3, 0, 0.379508, 

411.017, 4, 0, 0.379508, 

411.017, 5, 0, 0.379508, 

411.017, 6, 0, 0.379508, 

411.017, 7, 0, 0.379508, 

411.017, 8, 0, 0.379508, 

411.017, 9, 0, 0.379508, 

411.017, 10, 0, 0.379508, 

411.017, 11, 0, 0.379508, 

411.017, 12, 0, 0.379508, 

411.017, 13, 0, 0.379508, 

411.017, 14, 0, 0.379508, 

411.017, 15, 0, 0.379508, 

411.017, 16, 0, 0.379508, 

411.017, 17, 0, 0.379508, 

411.017, 18, 0, 0.379508, 

411.017, 19, 0, 0.379508, 

411.017, 20, 0, 0.379508, 

411.017, 21, 0, 0.379508, 

411.017, 22, 0, 0.379508, 

411.017, 23, 0, 0.379508, 

411.017, 24, 0, 0.379508, 

411.017, 25, 0, 0.379508, 

411.017, 26, 0, 0.379508, 

411.017, 27, 0, 0.379508, 

411.017, 28, 0, 0.379508, 

411.017, 29, 0, 0.379508, 

411.017, 30, 0, 0.379508, 

411.017, 31, 0, 0.379508, 

411.017, 32, 0, 0.379508, 

411.017, 33, 0, 0.379508, 

411.017, 34, 0, 0.379508, 

411.017, 35, 0, 0.379508, 

411.017, 36, 0, 0.379508, 

411.017, 37, 0, 0.379508, 

411.017, 38, 0, 0.379508, 

411.017, 39, 0, 0.379508, 

411.017, 40, 0, 0.379508, 

411.017, 41, 0, 0.379508, 

411.017, 42, 0, 0.379508, 

411.017, 43, 0, 0.379508, 

411.017, 44, 0, 0.379508, 

411.017, 45, 0, 0.379508, 

411.017, 46, 0, 0.379508, 

411.017, 47, 0, 0.379508, 

411.017, 48, 0, 0.379508, 

411.017, 49, 0, 0.379508, 

411.017, 50, 0, 0.379508, 

411.017, 51, 0, 0.379508, 

411.017, 52, 0, 0.379508, 

411.017, 53, 0, 0.379508, 

411.017, 54, 0, 0.379508, 

411.017, 55, 0, 0.379508, 

411.017, 56, 0, 0.379508, 

411.017, 57, 0, 0.379508, 

411.017, 58, 0, 0.379508, 

411.017, 59, 0, 0.379508, 

411.017, 60, 0, 0.379508, 

411.017, 61, 0, 0.379508, 

411.017, 62, 0, 0.379508, 

411.017, 63, 0, 0.379508, 

411.017, 64, 0, 0.379508, 

411.017, 65, 0, 0.379508, 

411.017, 66, 0, 0.379508, 

411.017, 67, 0, 0.379508, 

411.017, 68, 0, 0.379508, 

411.017, 69, 0, 0.379508, 

411.017, 70, 0, 0.379508, 

411.017, 71, 0, 0.379508, 

411.017, 72, 0, 0.379508, 

411.017, 73, 0, 0.379508, 

411.017, 74, 0, 0.379508, 

411.017, 75, 0, 0.379508, 

411.017, 76, 0, 0.379508, 

411.017, 77, 0, 0.379508, 

411.017, 78, 0, 0.379508, 

411.017, 79, 0, 0.379508, 

411.017, 80, 0, 0.379508, 

411.017, 81, 0, 0.379508, 

411.017, 82, 0, 0.379508, 

411.017, 83, 0, 0.379508, 

411.017, 84, 0, 0.379508, 

411.017, 85, 0, 0.379508, 

411.017, 86, 0, 0.379508, 

411.017, 87, 0, 0.379508, 

411.017, 88, 0, 0.379508, 

411.017, 89, 0, 0.379508, 

411.017, 90, 0, 0.379508, 

411.017, 91, 0, 0.379508, 

411.017, 92, 0, 0.379508, 

411.017, 93, 0, 0.379508, 

411.017, 94, 0, 0.379508, 

411.017, 95, 0, 0.379508, 

411.017, 96, 0, 0.379508, 

411.017, 97, 0, 0.379508, 

411.017, 98, 0, 0.379508, 

411.017, 99, 0, 0.379508, 

411.017, 100, 0, 0.379508, 

411.017, 101, 0, 0.379508, 

411.017, 102, 0, 0.379508, 

411.017, 103, 0, 0.379508, 

411.017, 104, 0, 0.379508, 

411.017, 105, 0, 0.379508, 

411.017, 106, 0, 0.379508, 

411.017, 107, 0, 0.379508, 

411.017, 108, 0, 0.379508, 

411.017, 109, 0, 0.379508, 

411.017, 110, 0, 0.379508, 

411.017, 111, 0, 0.379508, 

411.017, 112, 0, 0.379508, 

411.017, 113, 0, 0.379508, 

411.017, 114, 0, 0.379508, 

411.017, 115, 0, 0.379508, 

411.017, 116, 0, 0.379508, 

411.017, 117, 0, 0.379508, 

411.017, 118, 0, 0.379508, 

411.017, 119, 0, 0.379508, 

413.651, 0, 0, 0.379508, 

413.651, 1, 0, 0.379508, 

413.651, 2, 0, 0.379508, 

413.651, 3, 0, 0.379508, 

413.651, 4, 0, 0.379508, 

413.651, 5, 0, 0.379508, 

413.651, 6, 0, 0.379508, 

413.651, 7, 0, 0.379508, 

413.651, 8, 0, 0.379508, 

413.651, 9, 0, 0.379508, 

413.651, 10, 0, 0.379508, 

413.651, 11, 0, 0.379508, 

413.651, 12, 0, 0.379508, 

413.651, 13, 0, 0.379508, 

413.651, 14, 0, 0.379508, 

413.651, 15, 0, 0.379508, 

413.651, 16, 0, 0.379508, 

413.651, 17, 0, 0.379508, 

413.651, 18, 0, 0.379508, 

413.651, 19, 0, 0.379508, 

413.651, 20, 0, 0.379508, 

413.651, 21, 0, 0.379508, 

413.651, 22, 0, 0.379508, 

413.651, 23, 0, 0.379508, 

413.651, 24, 0, 0.379508, 

413.651, 25, 0, 0.379508, 

413.651, 26, 0, 0.379508, 

413.651, 27, 0, 0.379508, 

413.651, 28, 0, 0.379508, 

413.651, 29, 0, 0.379508, 

413.651, 30, 0, 0.379508, 

413.651, 31, 0, 0.379508, 

413.651, 32, 0, 0.379508, 

413.651, 33, 0, 0.379508, 

413.651, 34, 0, 0.379508, 

413.651, 35, 0, 0.379508, 

413.651, 36, 0, 0.379508, 

413.651, 37, 0, 0.379508, 

413.651, 38, 0, 0.379508, 

413.651, 39, 0, 0.379508, 

413.651, 40, 0, 0.379508, 

413.651, 41, 0, 0.379508, 

413.651, 42, 0, 0.379508, 

413.651, 43, 0, 0.379508, 

413.651, 44, 0, 0.379508, 

413.651, 45, 0, 0.379508, 

413.651, 46, 0, 0.379508, 

413.651, 47, 0, 0.379508, 

413.651, 48, 0, 0.379508, 

413.651, 49, 0, 0.379508, 

413.651, 50, 0, 0.379508, 

413.651, 51, 0, 0.379508, 

413.651, 52, 0, 0.379508, 

413.651, 53, 0, 0.379508, 

413.651, 54, 0, 0.379508, 

413.651, 55, 0, 0.379508, 

413.651, 56, 0, 0.379508, 

413.651, 57, 0, 0.379508, 

413.651, 58, 0, 0.379508, 

413.651, 59, 0, 0.379508, 

413.651, 60, 0, 0.379508, 

413.651, 61, 0, 0.379508, 

413.651, 62, 0, 0.379508, 

413.651, 63, 0, 0.379508, 

413.651, 64, 0, 0.379508, 

413.651, 65, 0, 0.379508, 

413.651, 66, 0, 0.379508, 

413.651, 67, 0, 0.379508, 

413.651, 68, 0, 0.379508, 

413.651, 69, 0, 0.379508, 

413.651, 70, 0, 0.379508, 

413.651, 71, 0, 0.379508, 

413.651, 72, 0, 0.379508, 

413.651, 73, 0, 0.379508, 

413.651, 74, 0, 0.379508, 

413.651, 75, 0, 0.379508, 

413.651, 76, 0, 0.379508, 

413.651, 77, 0, 0.379508, 

413.651, 78, 0, 0.379508, 

413.651, 79, 0, 0.379508, 

413.651, 80, 0, 0.379508, 

413.651, 81, 0, 0.379508, 

413.651, 82, 0, 0.379508, 

413.651, 83, 0, 0.379508, 

413.651, 84, 0, 0.379508, 

413.651, 85, 0, 0.379508, 

413.651, 86, 0, 0.379508, 

413.651, 87, 0, 0.379508, 

413.651, 88, 0, 0.379508, 

413.651, 89, 0, 0.379508, 

413.651, 90, 0, 0.379508, 

413.651, 91, 0, 0.379508, 

413.651, 92, 0, 0.379508, 

413.651, 93, 0, 0.379508, 

413.651, 94, 0, 0.379508, 

413.651, 95, 0, 0.379508, 

413.651, 96, 0, 0.379508, 

413.651, 97, 0, 0.379508, 

413.651, 98, 0, 0.379508, 

413.651, 99, 0, 0.379508, 

413.651, 100, 0, 0.379508, 

413.651, 101, 0, 0.379508, 

413.651, 102, 0, 0.379508, 

413.651, 103, 0, 0.379508, 

413.651, 104, 0, 0.379508, 

413.651, 105, 0, 0.379508, 

413.651, 106, 0, 0.379508, 

413.651, 107, 0, 0.379508, 

413.651, 108, 0, 0.379508, 

413.651, 109, 0, 0.379508, 

413.651, 110, 0, 0.379508, 

413.651, 111, 0, 0.379508, 

413.651, 112, 0, 0.379508, 

413.651, 113, 0, 0.379508, 

413.651, 114, 0, 0.379508, 

413.651, 115, 0, 0.379508, 

413.651, 116, 0, 0.379508, 

413.651, 117, 0, 0.379508, 

413.651, 118, 0, 0.379508, 

413.651, 119, 0, 0.379508, 

416.286, 0, 0, 0.379508, 

416.286, 1, 0, 0.379508, 

416.286, 2, 0, 0.379508, 

416.286, 3, 0, 0.379508, 

416.286, 4, 0, 0.379508, 

416.286, 5, 0, 0.379508, 

416.286, 6, 0, 0.379508, 

416.286, 7, 0, 0.379508, 

416.286, 8, 0, 0.379508, 

416.286, 9, 0, 0.379508, 

416.286, 10, 0, 0.379508, 

416.286, 11, 0, 0.379508, 

416.286, 12, 0, 0.379508, 

416.286, 13, 0, 0.379508, 

416.286, 14, 0, 0.379508, 

416.286, 15, 0, 0.379508, 

416.286, 16, 0, 0.379508, 

416.286, 17, 0, 0.379508, 

416.286, 18, 0, 0.379508, 

416.286, 19, 0, 0.379508, 

416.286, 20, 0, 0.379508, 

416.286, 21, 0, 0.379508, 

416.286, 22, 0, 0.379508, 

416.286, 23, 0, 0.379508, 

416.286, 24, 0, 0.379508, 

416.286, 25, 0, 0.379508, 

416.286, 26, 0, 0.379508, 

416.286, 27, 0, 0.379508, 

416.286, 28, 0, 0.379508, 

416.286, 29, 0, 0.379508, 

416.286, 30, 0, 0.379508, 

416.286, 31, 0, 0.379508, 

416.286, 32, 0, 0.379508, 

416.286, 33, 0, 0.379508, 

416.286, 34, 0, 0.379508, 

416.286, 35, 0, 0.379508, 

416.286, 36, 0, 0.379508, 

416.286, 37, 0, 0.379508, 

416.286, 38, 0, 0.379508, 

416.286, 39, 0, 0.379508, 

416.286, 40, 0, 0.379508, 

416.286, 41, 0, 0.379508, 

416.286, 42, 0, 0.379508, 

416.286, 43, 0, 0.379508, 

416.286, 44, 0, 0.379508, 

416.286, 45, 0, 0.379508, 

416.286, 46, 0, 0.379508, 

416.286, 47, 0, 0.379508, 

416.286, 48, 0, 0.379508, 

416.286, 49, 0, 0.379508, 

416.286, 50, 0, 0.379508, 

416.286, 51, 0, 0.379508, 

416.286, 52, 0, 0.379508, 

416.286, 53, 0, 0.379508, 

416.286, 54, 0, 0.379508, 

416.286, 55, 0, 0.379508, 

416.286, 56, 0, 0.379508, 

416.286, 57, 0, 0.379508, 

416.286, 58, 0, 0.379508, 

416.286, 59, 0, 0.379508, 

416.286, 60, 0, 0.379508, 

416.286, 61, 0, 0.379508, 

416.286, 62, 0, 0.379508, 

416.286, 63, 0, 0.379508, 

416.286, 64, 0, 0.379508, 

416.286, 65, 0, 0.379508, 

416.286, 66, 0, 0.379508, 

416.286, 67, 0, 0.379508, 

416.286, 68, 0, 0.379508, 

416.286, 69, 0, 0.379508, 

416.286, 70, 0, 0.379508, 

416.286, 71, 0, 0.379508, 

416.286, 72, 0, 0.379508, 

416.286, 73, 0, 0.379508, 

416.286, 74, 0, 0.379508, 

416.286, 75, 0, 0.379508, 

416.286, 76, 0, 0.379508, 

416.286, 77, 0, 0.379508, 

416.286, 78, 0, 0.379508, 

416.286, 79, 0, 0.379508, 

416.286, 80, 0, 0.379508, 

416.286, 81, 0, 0.379508, 

416.286, 82, 0, 0.379508, 

416.286, 83, 0, 0.379508, 

416.286, 84, 0, 0.379508, 

416.286, 85, 0, 0.379508, 

416.286, 86, 0, 0.379508, 

416.286, 87, 0, 0.379508, 

416.286, 88, 0, 0.379508, 

416.286, 89, 0, 0.379508, 

416.286, 90, 0, 0.379508, 

416.286, 91, 0, 0.379508, 

416.286, 92, 0, 0.379508, 

416.286, 93, 0, 0.379508, 

416.286, 94, 0, 0.379508, 

416.286, 95, 0, 0.379508, 

416.286, 96, 0, 0.379508, 

416.286, 97, 0, 0.379508, 

416.286, 98, 0, 0.379508, 

416.286, 99, 0, 0.379508, 

416.286, 100, 0, 0.379508, 

416.286, 101, 0, 0.379508, 

416.286, 102, 0, 0.379508, 

416.286, 103, 0, 0.379508, 

416.286, 104, 0, 0.379508, 

416.286, 105, 0, 0.379508, 

416.286, 106, 0, 0.379508, 

416.286, 107, 0, 0.379508, 

416.286, 108, 0, 0.379508, 

416.286, 109, 0, 0.379508, 

416.286, 110, 0, 0.379508, 

416.286, 111, 0, 0.379508, 

416.286, 112, 0, 0.379508, 

416.286, 113, 0, 0.379508, 

416.286, 114, 0, 0.379508, 

416.286, 115, 0, 0.379508, 

416.286, 116, 0, 0.379508, 

416.286, 117, 0, 0.379508, 

416.286, 118, 0, 0.379508, 

416.286, 119, 0, 0.379508, 

418.921, 0, 0, 0.379508, 

418.921, 1, 0, 0.379508, 

418.921, 2, 0, 0.379508, 

418.921, 3, 0, 0.379508, 

418.921, 4, 0, 0.379508, 

418.921, 5, 0, 0.379508, 

418.921, 6, 0, 0.379508, 

418.921, 7, 0, 0.379508, 

418.921, 8, 0, 0.379508, 

418.921, 9, 0, 0.379508, 

418.921, 10, 0, 0.379508, 

418.921, 11, 0, 0.379508, 

418.921, 12, 0, 0.379508, 

418.921, 13, 0, 0.379508, 

418.921, 14, 0, 0.379508, 

418.921, 15, 0, 0.379508, 

418.921, 16, 0, 0.379508, 

418.921, 17, 0, 0.379508, 

418.921, 18, 0, 0.379508, 

418.921, 19, 0, 0.379508, 

418.921, 20, 0, 0.379508, 

418.921, 21, 0, 0.379508, 

418.921, 22, 0, 0.379508, 

418.921, 23, 0, 0.379508, 

418.921, 24, 0, 0.379508, 

418.921, 25, 0, 0.379508, 

418.921, 26, 0, 0.379508, 

418.921, 27, 0, 0.379508, 

418.921, 28, 0, 0.379508, 

418.921, 29, 0, 0.379508, 

418.921, 30, 0, 0.379508, 

418.921, 31, 0, 0.379508, 

418.921, 32, 0, 0.379508, 

418.921, 33, 0, 0.379508, 

418.921, 34, 0, 0.379508, 

418.921, 35, 0, 0.379508, 

418.921, 36, 0, 0.379508, 

418.921, 37, 0, 0.379508, 

418.921, 38, 0, 0.379508, 

418.921, 39, 0, 0.379508, 

418.921, 40, 0, 0.379508, 

418.921, 41, 0, 0.379508, 

418.921, 42, 0, 0.379508, 

418.921, 43, 0, 0.379508, 

418.921, 44, 0, 0.379508, 

418.921, 45, 0, 0.379508, 

418.921, 46, 0, 0.379508, 

418.921, 47, 0, 0.379508, 

418.921, 48, 0, 0.379508, 

418.921, 49, 0, 0.379508, 

418.921, 50, 0, 0.379508, 

418.921, 51, 0, 0.379508, 

418.921, 52, 0, 0.379508, 

418.921, 53, 0, 0.379508, 

418.921, 54, 0, 0.379508, 

418.921, 55, 0, 0.379508, 

418.921, 56, 0, 0.379508, 

418.921, 57, 0, 0.379508, 

418.921, 58, 0, 0.379508, 

418.921, 59, 0, 0.379508, 

418.921, 60, 0, 0.379508, 

418.921, 61, 0, 0.379508, 

418.921, 62, 0, 0.379508, 

418.921, 63, 0, 0.379508, 

418.921, 64, 0, 0.379508, 

418.921, 65, 0, 0.379508, 

418.921, 66, 0, 0.379508, 

418.921, 67, 0, 0.379508, 

418.921, 68, 0, 0.379508, 

418.921, 69, 0, 0.379508, 

418.921, 70, 0, 0.379508, 

418.921, 71, 0, 0.379508, 

418.921, 72, 0, 0.379508, 

418.921, 73, 0, 0.379508, 

418.921, 74, 0, 0.379508, 

418.921, 75, 0, 0.379508, 

418.921, 76, 0, 0.379508, 

418.921, 77, 0, 0.379508, 

418.921, 78, 0, 0.379508, 

418.921, 79, 0, 0.379508, 

418.921, 80, 0, 0.379508, 

418.921, 81, 0, 0.379508, 

418.921, 82, 0, 0.379508, 

418.921, 83, 0, 0.379508, 

418.921, 84, 0, 0.379508, 

418.921, 85, 0, 0.379508, 

418.921, 86, 0, 0.379508, 

418.921, 87, 0, 0.379508, 

418.921, 88, 0, 0.379508, 

418.921, 89, 0, 0.379508, 

418.921, 90, 0, 0.379508, 

418.921, 91, 0, 0.379508, 

418.921, 92, 0, 0.379508, 

418.921, 93, 0, 0.379508, 

418.921, 94, 0, 0.379508, 

418.921, 95, 0, 0.379508, 

418.921, 96, 0, 0.379508, 

418.921, 97, 0, 0.379508, 

418.921, 98, 0, 0.379508, 

418.921, 99, 0, 0.379508, 

418.921, 100, 0, 0.379508, 

418.921, 101, 0, 0.379508, 

418.921, 102, 0, 0.379508, 

418.921, 103, 0, 0.379508, 

418.921, 104, 0, 0.379508, 

418.921, 105, 0, 0.379508, 

418.921, 106, 0, 0.379508, 

418.921, 107, 0, 0.379508, 

418.921, 108, 0, 0.379508, 

418.921, 109, 0, 0.379508, 

418.921, 110, 0, 0.379508, 

418.921, 111, 0, 0.379508, 

418.921, 112, 0, 0.379508, 

418.921, 113, 0, 0.379508, 

418.921, 114, 0, 0.379508, 

418.921, 115, 0, 0.379508, 

418.921, 116, 0, 0.379508, 

418.921, 117, 0, 0.379508, 

418.921, 118, 0, 0.379508, 

418.921, 119, 0, 0.379508, 

421.555, 0, 0, 0.379508, 

421.555, 1, 0, 0.379508, 

421.555, 2, 0, 0.379508, 

421.555, 3, 0, 0.379508, 

421.555, 4, 0, 0.379508, 

421.555, 5, 0, 0.379508, 

421.555, 6, 0, 0.379508, 

421.555, 7, 0, 0.379508, 

421.555, 8, 0, 0.379508, 

421.555, 9, 0, 0.379508, 

421.555, 10, 0, 0.379508, 

421.555, 11, 0, 0.379508, 

421.555, 12, 0, 0.379508, 

421.555, 13, 0, 0.379508, 

421.555, 14, 0, 0.379508, 

421.555, 15, 0, 0.379508, 

421.555, 16, 0, 0.379508, 

421.555, 17, 0, 0.379508, 

421.555, 18, 0, 0.379508, 

421.555, 19, 0, 0.379508, 

421.555, 20, 0, 0.379508, 

421.555, 21, 0, 0.379508, 

421.555, 22, 0, 0.379508, 

421.555, 23, 0, 0.379508, 

421.555, 24, 0, 0.379508, 

421.555, 25, 0, 0.379508, 

421.555, 26, 0, 0.379508, 

421.555, 27, 0, 0.379508, 

421.555, 28, 0, 0.379508, 

421.555, 29, 0, 0.379508, 

421.555, 30, 0, 0.379508, 

421.555, 31, 0, 0.379508, 

421.555, 32, 0, 0.379508, 

421.555, 33, 0, 0.379508, 

421.555, 34, 0, 0.379508, 

421.555, 35, 0, 0.379508, 

421.555, 36, 0, 0.379508, 

421.555, 37, 0, 0.379508, 

421.555, 38, 0, 0.379508, 

421.555, 39, 0, 0.379508, 

421.555, 40, 0, 0.379508, 

421.555, 41, 0, 0.379508, 

421.555, 42, 0, 0.379508, 

421.555, 43, 0, 0.379508, 

421.555, 44, 0, 0.379508, 

421.555, 45, 0, 0.379508, 

421.555, 46, 0, 0.379508, 

421.555, 47, 0, 0.379508, 

421.555, 48, 0, 0.379508, 

421.555, 49, 0, 0.379508, 

421.555, 50, 0, 0.379508, 

421.555, 51, 0, 0.379508, 

421.555, 52, 0, 0.379508, 

421.555, 53, 0, 0.379508, 

421.555, 54, 0, 0.379508, 

421.555, 55, 0, 0.379508, 

421.555, 56, 0, 0.379508, 

421.555, 57, 0, 0.379508, 

421.555, 58, 0, 0.379508, 

421.555, 59, 0, 0.379508, 

421.555, 60, 0, 0.379508, 

421.555, 61, 0, 0.379508, 

421.555, 62, 0, 0.379508, 

421.555, 63, 0, 0.379508, 

421.555, 64, 0, 0.379508, 

421.555, 65, 0, 0.379508, 

421.555, 66, 0, 0.379508, 

421.555, 67, 0, 0.379508, 

421.555, 68, 0, 0.379508, 

421.555, 69, 0, 0.379508, 

421.555, 70, 0, 0.379508, 

421.555, 71, 0, 0.379508, 

421.555, 72, 0, 0.379508, 

421.555, 73, 0, 0.379508, 

421.555, 74, 0, 0.379508, 

421.555, 75, 0, 0.379508, 

421.555, 76, 0, 0.379508, 

421.555, 77, 0, 0.379508, 

421.555, 78, 0, 0.379508, 

421.555, 79, 0, 0.379508, 

421.555, 80, 0, 0.379508, 

421.555, 81, 0, 0.379508, 

421.555, 82, 0, 0.379508, 

421.555, 83, 0, 0.379508, 

421.555, 84, 0, 0.379508, 

421.555, 85, 0, 0.379508, 

421.555, 86, 0, 0.379508, 

421.555, 87, 0, 0.379508, 

421.555, 88, 0, 0.379508, 

421.555, 89, 0, 0.379508, 

421.555, 90, 0, 0.379508, 

421.555, 91, 0, 0.379508, 

421.555, 92, 0, 0.379508, 

421.555, 93, 0, 0.379508, 

421.555, 94, 0, 0.379508, 

421.555, 95, 0, 0.379508, 

421.555, 96, 0, 0.379508, 

421.555, 97, 0, 0.379508, 

421.555, 98, 0, 0.379508, 

421.555, 99, 0, 0.379508, 

421.555, 100, 0, 0.379508, 

421.555, 101, 0, 0.379508, 

421.555, 102, 0, 0.379508, 

421.555, 103, 0, 0.379508, 

421.555, 104, 0, 0.379508, 

421.555, 105, 0, 0.379508, 

421.555, 106, 0, 0.379508, 

421.555, 107, 0, 0.379508, 

421.555, 108, 0, 0.379508, 

421.555, 109, 0, 0.379508, 

421.555, 110, 0, 0.379508, 

421.555, 111, 0, 0.379508, 

421.555, 112, 0, 0.379508, 

421.555, 113, 0, 0.379508, 

421.555, 114, 0, 0.379508, 

421.555, 115, 0, 0.379508, 

421.555, 116, 0, 0.379508, 

421.555, 117, 0, 0.379508, 

421.555, 118, 0, 0.379508, 

421.555, 119, 0, 0.379508, 

424.19, 0, 0, 0.379508, 

424.19, 1, 0, 0.379508, 

424.19, 2, 0, 0.379508, 

424.19, 3, 0, 0.379508, 

424.19, 4, 0, 0.379508, 

424.19, 5, 0, 0.379508, 

424.19, 6, 0, 0.379508, 

424.19, 7, 0, 0.379508, 

424.19, 8, 0, 0.379508, 

424.19, 9, 0, 0.379508, 

424.19, 10, 0, 0.379508, 

424.19, 11, 0, 0.379508, 

424.19, 12, 0, 0.379508, 

424.19, 13, 0, 0.379508, 

424.19, 14, 0, 0.379508, 

424.19, 15, 0, 0.379508, 

424.19, 16, 0, 0.379508, 

424.19, 17, 0, 0.379508, 

424.19, 18, 0, 0.379508, 

424.19, 19, 0, 0.379508, 

424.19, 20, 0, 0.379508, 

424.19, 21, 0, 0.379508, 

424.19, 22, 0, 0.379508, 

424.19, 23, 0, 0.379508, 

424.19, 24, 0, 0.379508, 

424.19, 25, 0, 0.379508, 

424.19, 26, 0, 0.379508, 

424.19, 27, 0, 0.379508, 

424.19, 28, 0, 0.379508, 

424.19, 29, 0, 0.379508, 

424.19, 30, 0, 0.379508, 

424.19, 31, 0, 0.379508, 

424.19, 32, 0, 0.379508, 

424.19, 33, 0, 0.379508, 

424.19, 34, 0, 0.379508, 

424.19, 35, 0, 0.379508, 

424.19, 36, 0, 0.379508, 

424.19, 37, 0, 0.379508, 

424.19, 38, 0, 0.379508, 

424.19, 39, 0, 0.379508, 

424.19, 40, 0, 0.379508, 

424.19, 41, 0, 0.379508, 

424.19, 42, 0, 0.379508, 

424.19, 43, 0, 0.379508, 

424.19, 44, 0, 0.379508, 

424.19, 45, 0, 0.379508, 

424.19, 46, 0, 0.379508, 

424.19, 47, 0, 0.379508, 

424.19, 48, 0, 0.379508, 

424.19, 49, 0, 0.379508, 

424.19, 50, 0, 0.379508, 

424.19, 51, 0, 0.379508, 

424.19, 52, 0, 0.379508, 

424.19, 53, 0, 0.379508, 

424.19, 54, 0, 0.379508, 

424.19, 55, 0, 0.379508, 

424.19, 56, 0, 0.379508, 

424.19, 57, 0, 0.379508, 

424.19, 58, 0, 0.379508, 

424.19, 59, 0, 0.379508, 

424.19, 60, 0, 0.379508, 

424.19, 61, 0, 0.379508, 

424.19, 62, 0, 0.379508, 

424.19, 63, 0, 0.379508, 

424.19, 64, 0, 0.379508, 

424.19, 65, 0, 0.379508, 

424.19, 66, 0, 0.379508, 

424.19, 67, 0, 0.379508, 

424.19, 68, 0, 0.379508, 

424.19, 69, 0, 0.379508, 

424.19, 70, 0, 0.379508, 

424.19, 71, 0, 0.379508, 

424.19, 72, 0, 0.379508, 

424.19, 73, 0, 0.379508, 

424.19, 74, 0, 0.379508, 

424.19, 75, 0, 0.379508, 

424.19, 76, 0, 0.379508, 

424.19, 77, 0, 0.379508, 

424.19, 78, 0, 0.379508, 

424.19, 79, 0, 0.379508, 

424.19, 80, 0, 0.379508, 

424.19, 81, 0, 0.379508, 

424.19, 82, 0, 0.379508, 

424.19, 83, 0, 0.379508, 

424.19, 84, 0, 0.379508, 

424.19, 85, 0, 0.379508, 

424.19, 86, 0, 0.379508, 

424.19, 87, 0, 0.379508, 

424.19, 88, 0, 0.379508, 

424.19, 89, 0, 0.379508, 

424.19, 90, 0, 0.379508, 

424.19, 91, 0, 0.379508, 

424.19, 92, 0, 0.379508, 

424.19, 93, 0, 0.379508, 

424.19, 94, 0, 0.379508, 

424.19, 95, 0, 0.379508, 

424.19, 96, 0, 0.379508, 

424.19, 97, 0, 0.379508, 

424.19, 98, 0, 0.379508, 

424.19, 99, 0, 0.379508, 

424.19, 100, 0, 0.379508, 

424.19, 101, 0, 0.379508, 

424.19, 102, 0, 0.379508, 

424.19, 103, 0, 0.379508, 

424.19, 104, 0, 0.379508, 

424.19, 105, 0, 0.379508, 

424.19, 106, 0, 0.379508, 

424.19, 107, 0, 0.379508, 

424.19, 108, 0, 0.379508, 

424.19, 109, 0, 0.379508, 

424.19, 110, 0, 0.379508, 

424.19, 111, 0, 0.379508, 

424.19, 112, 0, 0.379508, 

424.19, 113, 0, 0.379508, 

424.19, 114, 0, 0.379508, 

424.19, 115, 0, 0.379508, 

424.19, 116, 0, 0.379508, 

424.19, 117, 0, 0.379508, 

424.19, 118, 0, 0.379508, 

424.19, 119, 0, 0.379508, 

426.825, 0, 0, 0.379508, 

426.825, 1, 0, 0.379508, 

426.825, 2, 0, 0.379508, 

426.825, 3, 0, 0.379508, 

426.825, 4, 0, 0.379508, 

426.825, 5, 0, 0.379508, 

426.825, 6, 0, 0.379508, 

426.825, 7, 0, 0.379508, 

426.825, 8, 0, 0.379508, 

426.825, 9, 0, 0.379508, 

426.825, 10, 0, 0.379508, 

426.825, 11, 0, 0.379508, 

426.825, 12, 0, 0.379508, 

426.825, 13, 0, 0.379508, 

426.825, 14, 0, 0.379508, 

426.825, 15, 0, 0.379508, 

426.825, 16, 0, 0.379508, 

426.825, 17, 0, 0.379508, 

426.825, 18, 0, 0.379508, 

426.825, 19, 0, 0.379508, 

426.825, 20, 0, 0.379508, 

426.825, 21, 0, 0.379508, 

426.825, 22, 0, 0.379508, 

426.825, 23, 0, 0.379508, 

426.825, 24, 0, 0.379508, 

426.825, 25, 0, 0.379508, 

426.825, 26, 0, 0.379508, 

426.825, 27, 0, 0.379508, 

426.825, 28, 0, 0.379508, 

426.825, 29, 0, 0.379508, 

426.825, 30, 0, 0.379508, 

426.825, 31, 0, 0.379508, 

426.825, 32, 0, 0.379508, 

426.825, 33, 0, 0.379508, 

426.825, 34, 0, 0.379508, 

426.825, 35, 0, 0.379508, 

426.825, 36, 0, 0.379508, 

426.825, 37, 0, 0.379508, 

426.825, 38, 0, 0.379508, 

426.825, 39, 0, 0.379508, 

426.825, 40, 0, 0.379508, 

426.825, 41, 0, 0.379508, 

426.825, 42, 0, 0.379508, 

426.825, 43, 0, 0.379508, 

426.825, 44, 0, 0.379508, 

426.825, 45, 0, 0.379508, 

426.825, 46, 0, 0.379508, 

426.825, 47, 0, 0.379508, 

426.825, 48, 0, 0.379508, 

426.825, 49, 0, 0.379508, 

426.825, 50, 0, 0.379508, 

426.825, 51, 0, 0.379508, 

426.825, 52, 0, 0.379508, 

426.825, 53, 0, 0.379508, 

426.825, 54, 0, 0.379508, 

426.825, 55, 0, 0.379508, 

426.825, 56, 0, 0.379508, 

426.825, 57, 0, 0.379508, 

426.825, 58, 0, 0.379508, 

426.825, 59, 0, 0.379508, 

426.825, 60, 0, 0.379508, 

426.825, 61, 0, 0.379508, 

426.825, 62, 0, 0.379508, 

426.825, 63, 0, 0.379508, 

426.825, 64, 0, 0.379508, 

426.825, 65, 0, 0.379508, 

426.825, 66, 0, 0.379508, 

426.825, 67, 0, 0.379508, 

426.825, 68, 0, 0.379508, 

426.825, 69, 0, 0.379508, 

426.825, 70, 0, 0.379508, 

426.825, 71, 0, 0.379508, 

426.825, 72, 0, 0.379508, 

426.825, 73, 0, 0.379508, 

426.825, 74, 0, 0.379508, 

426.825, 75, 0, 0.379508, 

426.825, 76, 0, 0.379508, 

426.825, 77, 0, 0.379508, 

426.825, 78, 0, 0.379508, 

426.825, 79, 0, 0.379508, 

426.825, 80, 0, 0.379508, 

426.825, 81, 0, 0.379508, 

426.825, 82, 0, 0.379508, 

426.825, 83, 0, 0.379508, 

426.825, 84, 0, 0.379508, 

426.825, 85, 0, 0.379508, 

426.825, 86, 0, 0.379508, 

426.825, 87, 0, 0.379508, 

426.825, 88, 0, 0.379508, 

426.825, 89, 0, 0.379508, 

426.825, 90, 0, 0.379508, 

426.825, 91, 0, 0.379508, 

426.825, 92, 0, 0.379508, 

426.825, 93, 0, 0.379508, 

426.825, 94, 0, 0.379508, 

426.825, 95, 0, 0.379508, 

426.825, 96, 0, 0.379508, 

426.825, 97, 0, 0.379508, 

426.825, 98, 0, 0.379508, 

426.825, 99, 0, 0.379508, 

426.825, 100, 0, 0.379508, 

426.825, 101, 0, 0.379508, 

426.825, 102, 0, 0.379508, 

426.825, 103, 0, 0.379508, 

426.825, 104, 0, 0.379508, 

426.825, 105, 0, 0.379508, 

426.825, 106, 0, 0.379508, 

426.825, 107, 0, 0.379508, 

426.825, 108, 0, 0.379508, 

426.825, 109, 0, 0.379508, 

426.825, 110, 0, 0.379508, 

426.825, 111, 0, 0.379508, 

426.825, 112, 0, 0.379508, 

426.825, 113, 0, 0.379508, 

426.825, 114, 0, 0.379508, 

426.825, 115, 0, 0.379508, 

426.825, 116, 0, 0.379508, 

426.825, 117, 0, 0.379508, 

426.825, 118, 0, 0.379508, 

426.825, 119, 0, 0.379508, 

429.46, 0, 0, 0.379508, 

429.46, 1, 0, 0.379508, 

429.46, 2, 0, 0.379508, 

429.46, 3, 0, 0.379508, 

429.46, 4, 0, 0.379508, 

429.46, 5, 0, 0.379508, 

429.46, 6, 0, 0.379508, 

429.46, 7, 0, 0.379508, 

429.46, 8, 0, 0.379508, 

429.46, 9, 0, 0.379508, 

429.46, 10, 0, 0.379508, 

429.46, 11, 0, 0.379508, 

429.46, 12, 0, 0.379508, 

429.46, 13, 0, 0.379508, 

429.46, 14, 0, 0.379508, 

429.46, 15, 0, 0.379508, 

429.46, 16, 0, 0.379508, 

429.46, 17, 0, 0.379508, 

429.46, 18, 0, 0.379508, 

429.46, 19, 0, 0.379508, 

429.46, 20, 0, 0.379508, 

429.46, 21, 0, 0.379508, 

429.46, 22, 0, 0.379508, 

429.46, 23, 0, 0.379508, 

429.46, 24, 0, 0.379508, 

429.46, 25, 0, 0.379508, 

429.46, 26, 0, 0.379508, 

429.46, 27, 0, 0.379508, 

429.46, 28, 0, 0.379508, 

429.46, 29, 0, 0.379508, 

429.46, 30, 0, 0.379508, 

429.46, 31, 0, 0.379508, 

429.46, 32, 0, 0.379508, 

429.46, 33, 0, 0.379508, 

429.46, 34, 0, 0.379508, 

429.46, 35, 0, 0.379508, 

429.46, 36, 0, 0.379508, 

429.46, 37, 0, 0.379508, 

429.46, 38, 0, 0.379508, 

429.46, 39, 0, 0.379508, 

429.46, 40, 0, 0.379508, 

429.46, 41, 0, 0.379508, 

429.46, 42, 0, 0.379508, 

429.46, 43, 0, 0.379508, 

429.46, 44, 0, 0.379508, 

429.46, 45, 0, 0.379508, 

429.46, 46, 0, 0.379508, 

429.46, 47, 0, 0.379508, 

429.46, 48, 0, 0.379508, 

429.46, 49, 0, 0.379508, 

429.46, 50, 0, 0.379508, 

429.46, 51, 0, 0.379508, 

429.46, 52, 0, 0.379508, 

429.46, 53, 0, 0.379508, 

429.46, 54, 0, 0.379508, 

429.46, 55, 0, 0.379508, 

429.46, 56, 0, 0.379508, 

429.46, 57, 0, 0.379508, 

429.46, 58, 0, 0.379508, 

429.46, 59, 0, 0.379508, 

429.46, 60, 0, 0.379508, 

429.46, 61, 0, 0.379508, 

429.46, 62, 0, 0.379508, 

429.46, 63, 0, 0.379508, 

429.46, 64, 0, 0.379508, 

429.46, 65, 0, 0.379508, 

429.46, 66, 0, 0.379508, 

429.46, 67, 0, 0.379508, 

429.46, 68, 0, 0.379508, 

429.46, 69, 0, 0.379508, 

429.46, 70, 0, 0.379508, 

429.46, 71, 0, 0.379508, 

429.46, 72, 0, 0.379508, 

429.46, 73, 0, 0.379508, 

429.46, 74, 0, 0.379508, 

429.46, 75, 0, 0.379508, 

429.46, 76, 0, 0.379508, 

429.46, 77, 0, 0.379508, 

429.46, 78, 0, 0.379508, 

429.46, 79, 0, 0.379508, 

429.46, 80, 0, 0.379508, 

429.46, 81, 0, 0.379508, 

429.46, 82, 0, 0.379508, 

429.46, 83, 0, 0.379508, 

429.46, 84, 0, 0.379508, 

429.46, 85, 0, 0.379508, 

429.46, 86, 0, 0.379508, 

429.46, 87, 0, 0.379508, 

429.46, 88, 0, 0.379508, 

429.46, 89, 0, 0.379508, 

429.46, 90, 0, 0.379508, 

429.46, 91, 0, 0.379508, 

429.46, 92, 0, 0.379508, 

429.46, 93, 0, 0.379508, 

429.46, 94, 0, 0.379508, 

429.46, 95, 0, 0.379508, 

429.46, 96, 0, 0.379508, 

429.46, 97, 0, 0.379508, 

429.46, 98, 0, 0.379508, 

429.46, 99, 0, 0.379508, 

429.46, 100, 0, 0.379508, 

429.46, 101, 0, 0.379508, 

429.46, 102, 0, 0.379508, 

429.46, 103, 0, 0.379508, 

429.46, 104, 0, 0.379508, 

429.46, 105, 0, 0.379508, 

429.46, 106, 0, 0.379508, 

429.46, 107, 0, 0.379508, 

429.46, 108, 0, 0.379508, 

429.46, 109, 0, 0.379508, 

429.46, 110, 0, 0.379508, 

429.46, 111, 0, 0.379508, 

429.46, 112, 0, 0.379508, 

429.46, 113, 0, 0.379508, 

429.46, 114, 0, 0.379508, 

429.46, 115, 0, 0.379508, 

429.46, 116, 0, 0.379508, 

429.46, 117, 0, 0.379508, 

429.46, 118, 0, 0.379508, 

429.46, 119, 0, 0.379508, 

432.094, 0, 0, 0.379508, 

432.094, 1, 0, 0.379508, 

432.094, 2, 0, 0.379508, 

432.094, 3, 0, 0.379508, 

432.094, 4, 0, 0.379508, 

432.094, 5, 0, 0.379508, 

432.094, 6, 0, 0.379508, 

432.094, 7, 0, 0.379508, 

432.094, 8, 0, 0.379508, 

432.094, 9, 0, 0.379508, 

432.094, 10, 0, 0.379508, 

432.094, 11, 0, 0.379508, 

432.094, 12, 0, 0.379508, 

432.094, 13, 0, 0.379508, 

432.094, 14, 0, 0.379508, 

432.094, 15, 0, 0.379508, 

432.094, 16, 0, 0.379508, 

432.094, 17, 0, 0.379508, 

432.094, 18, 0, 0.379508, 

432.094, 19, 0, 0.379508, 

432.094, 20, 0, 0.379508, 

432.094, 21, 0, 0.379508, 

432.094, 22, 0, 0.379508, 

432.094, 23, 0, 0.379508, 

432.094, 24, 0, 0.379508, 

432.094, 25, 0, 0.379508, 

432.094, 26, 0, 0.379508, 

432.094, 27, 0, 0.379508, 

432.094, 28, 0, 0.379508, 

432.094, 29, 0, 0.379508, 

432.094, 30, 0, 0.379508, 

432.094, 31, 0, 0.379508, 

432.094, 32, 0, 0.379508, 

432.094, 33, 0, 0.379508, 

432.094, 34, 0, 0.379508, 

432.094, 35, 0, 0.379508, 

432.094, 36, 0, 0.379508, 

432.094, 37, 0, 0.379508, 

432.094, 38, 0, 0.379508, 

432.094, 39, 0, 0.379508, 

432.094, 40, 0, 0.379508, 

432.094, 41, 0, 0.379508, 

432.094, 42, 0, 0.379508, 

432.094, 43, 0, 0.379508, 

432.094, 44, 0, 0.379508, 

432.094, 45, 0, 0.379508, 

432.094, 46, 0, 0.379508, 

432.094, 47, 0, 0.379508, 

432.094, 48, 0, 0.379508, 

432.094, 49, 0, 0.379508, 

432.094, 50, 0, 0.379508, 

432.094, 51, 0, 0.379508, 

432.094, 52, 0, 0.379508, 

432.094, 53, 0, 0.379508, 

432.094, 54, 0, 0.379508, 

432.094, 55, 0, 0.379508, 

432.094, 56, 0, 0.379508, 

432.094, 57, 0, 0.379508, 

432.094, 58, 0, 0.379508, 

432.094, 59, 0, 0.379508, 

432.094, 60, 0, 0.379508, 

432.094, 61, 0, 0.379508, 

432.094, 62, 0, 0.379508, 

432.094, 63, 0, 0.379508, 

432.094, 64, 0, 0.379508, 

432.094, 65, 0, 0.379508, 

432.094, 66, 0, 0.379508, 

432.094, 67, 0, 0.379508, 

432.094, 68, 0, 0.379508, 

432.094, 69, 0, 0.379508, 

432.094, 70, 0, 0.379508, 

432.094, 71, 0, 0.379508, 

432.094, 72, 0, 0.379508, 

432.094, 73, 0, 0.379508, 

432.094, 74, 0, 0.379508, 

432.094, 75, 0, 0.379508, 

432.094, 76, 0, 0.379508, 

432.094, 77, 0, 0.379508, 

432.094, 78, 0, 0.379508, 

432.094, 79, 0, 0.379508, 

432.094, 80, 0, 0.379508, 

432.094, 81, 0, 0.379508, 

432.094, 82, 0, 0.379508, 

432.094, 83, 0, 0.379508, 

432.094, 84, 0, 0.379508, 

432.094, 85, 0, 0.379508, 

432.094, 86, 0, 0.379508, 

432.094, 87, 0, 0.379508, 

432.094, 88, 0, 0.379508, 

432.094, 89, 0, 0.379508, 

432.094, 90, 0, 0.379508, 

432.094, 91, 0, 0.379508, 

432.094, 92, 0, 0.379508, 

432.094, 93, 0, 0.379508, 

432.094, 94, 0, 0.379508, 

432.094, 95, 0, 0.379508, 

432.094, 96, 0, 0.379508, 

432.094, 97, 0, 0.379508, 

432.094, 98, 0, 0.379508, 

432.094, 99, 0, 0.379508, 

432.094, 100, 0, 0.379508, 

432.094, 101, 0, 0.379508, 

432.094, 102, 0, 0.379508, 

432.094, 103, 0, 0.379508, 

432.094, 104, 0, 0.379508, 

432.094, 105, 0, 0.379508, 

432.094, 106, 0, 0.379508, 

432.094, 107, 0, 0.379508, 

432.094, 108, 0, 0.379508, 

432.094, 109, 0, 0.379508, 

432.094, 110, 0, 0.379508, 

432.094, 111, 0, 0.379508, 

432.094, 112, 0, 0.379508, 

432.094, 113, 0, 0.379508, 

432.094, 114, 0, 0.379508, 

432.094, 115, 0, 0.379508, 

432.094, 116, 0, 0.379508, 

432.094, 117, 0, 0.379508, 

432.094, 118, 0, 0.379508, 

432.094, 119, 0, 0.379508, 

434.729, 0, 0, 0.379508, 

434.729, 1, 0, 0.379508, 

434.729, 2, 0, 0.379508, 

434.729, 3, 0, 0.379508, 

434.729, 4, 0, 0.379508, 

434.729, 5, 0, 0.379508, 

434.729, 6, 0, 0.379508, 

434.729, 7, 0, 0.379508, 

434.729, 8, 0, 0.379508, 

434.729, 9, 0, 0.379508, 

434.729, 10, 0, 0.379508, 

434.729, 11, 0, 0.379508, 

434.729, 12, 0, 0.379508, 

434.729, 13, 0, 0.379508, 

434.729, 14, 0, 0.379508, 

434.729, 15, 0, 0.379508, 

434.729, 16, 0, 0.379508, 

434.729, 17, 0, 0.379508, 

434.729, 18, 0, 0.379508, 

434.729, 19, 0, 0.379508, 

434.729, 20, 0, 0.379508, 

434.729, 21, 0, 0.379508, 

434.729, 22, 0, 0.379508, 

434.729, 23, 0, 0.379508, 

434.729, 24, 0, 0.379508, 

434.729, 25, 0, 0.379508, 

434.729, 26, 0, 0.379508, 

434.729, 27, 0, 0.379508, 

434.729, 28, 0, 0.379508, 

434.729, 29, 0, 0.379508, 

434.729, 30, 0, 0.379508, 

434.729, 31, 0, 0.379508, 

434.729, 32, 0, 0.379508, 

434.729, 33, 0, 0.379508, 

434.729, 34, 0, 0.379508, 

434.729, 35, 0, 0.379508, 

434.729, 36, 0, 0.379508, 

434.729, 37, 0, 0.379508, 

434.729, 38, 0, 0.379508, 

434.729, 39, 0, 0.379508, 

434.729, 40, 0, 0.379508, 

434.729, 41, 0, 0.379508, 

434.729, 42, 0, 0.379508, 

434.729, 43, 0, 0.379508, 

434.729, 44, 0, 0.379508, 

434.729, 45, 0, 0.379508, 

434.729, 46, 0, 0.379508, 

434.729, 47, 0, 0.379508, 

434.729, 48, 0, 0.379508, 

434.729, 49, 0, 0.379508, 

434.729, 50, 0, 0.379508, 

434.729, 51, 0, 0.379508, 

434.729, 52, 0, 0.379508, 

434.729, 53, 0, 0.379508, 

434.729, 54, 0, 0.379508, 

434.729, 55, 0, 0.379508, 

434.729, 56, 0, 0.379508, 

434.729, 57, 0, 0.379508, 

434.729, 58, 0, 0.379508, 

434.729, 59, 0, 0.379508, 

434.729, 60, 0, 0.379508, 

434.729, 61, 0, 0.379508, 

434.729, 62, 0, 0.379508, 

434.729, 63, 0, 0.379508, 

434.729, 64, 0, 0.379508, 

434.729, 65, 0, 0.379508, 

434.729, 66, 0, 0.379508, 

434.729, 67, 0, 0.379508, 

434.729, 68, 0, 0.379508, 

434.729, 69, 0, 0.379508, 

434.729, 70, 0, 0.379508, 

434.729, 71, 0, 0.379508, 

434.729, 72, 0, 0.379508, 

434.729, 73, 0, 0.379508, 

434.729, 74, 0, 0.379508, 

434.729, 75, 0, 0.379508, 

434.729, 76, 0, 0.379508, 

434.729, 77, 0, 0.379508, 

434.729, 78, 0, 0.379508, 

434.729, 79, 0, 0.379508, 

434.729, 80, 0, 0.379508, 

434.729, 81, 0, 0.379508, 

434.729, 82, 0, 0.379508, 

434.729, 83, 0, 0.379508, 

434.729, 84, 0, 0.379508, 

434.729, 85, 0, 0.379508, 

434.729, 86, 0, 0.379508, 

434.729, 87, 0, 0.379508, 

434.729, 88, 0, 0.379508, 

434.729, 89, 0, 0.379508, 

434.729, 90, 0, 0.379508, 

434.729, 91, 0, 0.379508, 

434.729, 92, 0, 0.379508, 

434.729, 93, 0, 0.379508, 

434.729, 94, 0, 0.379508, 

434.729, 95, 0, 0.379508, 

434.729, 96, 0, 0.379508, 

434.729, 97, 0, 0.379508, 

434.729, 98, 0, 0.379508, 

434.729, 99, 0, 0.379508, 

434.729, 100, 0, 0.379508, 

434.729, 101, 0, 0.379508, 

434.729, 102, 0, 0.379508, 

434.729, 103, 0, 0.379508, 

434.729, 104, 0, 0.379508, 

434.729, 105, 0, 0.379508, 

434.729, 106, 0, 0.379508, 

434.729, 107, 0, 0.379508, 

434.729, 108, 0, 0.379508, 

434.729, 109, 0, 0.379508, 

434.729, 110, 0, 0.379508, 

434.729, 111, 0, 0.379508, 

434.729, 112, 0, 0.379508, 

434.729, 113, 0, 0.379508, 

434.729, 114, 0, 0.379508, 

434.729, 115, 0, 0.379508, 

434.729, 116, 0, 0.379508, 

434.729, 117, 0, 0.379508, 

434.729, 118, 0, 0.379508, 

434.729, 119, 0, 0.379508, 

437.364, 0, 0, 0.379508, 

437.364, 1, 0, 0.379508, 

437.364, 2, 0, 0.379508, 

437.364, 3, 0, 0.379508, 

437.364, 4, 0, 0.379508, 

437.364, 5, 0, 0.379508, 

437.364, 6, 0, 0.379508, 

437.364, 7, 0, 0.379508, 

437.364, 8, 0, 0.379508, 

437.364, 9, 0, 0.379508, 

437.364, 10, 0, 0.379508, 

437.364, 11, 0, 0.379508, 

437.364, 12, 0, 0.379508, 

437.364, 13, 0, 0.379508, 

437.364, 14, 0, 0.379508, 

437.364, 15, 0, 0.379508, 

437.364, 16, 0, 0.379508, 

437.364, 17, 0, 0.379508, 

437.364, 18, 0, 0.379508, 

437.364, 19, 0, 0.379508, 

437.364, 20, 0, 0.379508, 

437.364, 21, 0, 0.379508, 

437.364, 22, 0, 0.379508, 

437.364, 23, 0, 0.379508, 

437.364, 24, 0, 0.379508, 

437.364, 25, 0, 0.379508, 

437.364, 26, 0, 0.379508, 

437.364, 27, 0, 0.379508, 

437.364, 28, 0, 0.379508, 

437.364, 29, 0, 0.379508, 

437.364, 30, 0, 0.379508, 

437.364, 31, 0, 0.379508, 

437.364, 32, 0, 0.379508, 

437.364, 33, 0, 0.379508, 

437.364, 34, 0, 0.379508, 

437.364, 35, 0, 0.379508, 

437.364, 36, 0, 0.379508, 

437.364, 37, 0, 0.379508, 

437.364, 38, 0, 0.379508, 

437.364, 39, 0, 0.379508, 

437.364, 40, 0, 0.379508, 

437.364, 41, 0, 0.379508, 

437.364, 42, 0, 0.379508, 

437.364, 43, 0, 0.379508, 

437.364, 44, 0, 0.379508, 

437.364, 45, 0, 0.379508, 

437.364, 46, 0, 0.379508, 

437.364, 47, 0, 0.379508, 

437.364, 48, 0, 0.379508, 

437.364, 49, 0, 0.379508, 

437.364, 50, 0, 0.379508, 

437.364, 51, 0, 0.379508, 

437.364, 52, 0, 0.379508, 

437.364, 53, 0, 0.379508, 

437.364, 54, 0, 0.379508, 

437.364, 55, 0, 0.379508, 

437.364, 56, 0, 0.379508, 

437.364, 57, 0, 0.379508, 

437.364, 58, 0, 0.379508, 

437.364, 59, 0, 0.379508, 

437.364, 60, 0, 0.379508, 

437.364, 61, 0, 0.379508, 

437.364, 62, 0, 0.379508, 

437.364, 63, 0, 0.379508, 

437.364, 64, 0, 0.379508, 

437.364, 65, 0, 0.379508, 

437.364, 66, 0, 0.379508, 

437.364, 67, 0, 0.379508, 

437.364, 68, 0, 0.379508, 

437.364, 69, 0, 0.379508, 

437.364, 70, 0, 0.379508, 

437.364, 71, 0, 0.379508, 

437.364, 72, 0, 0.379508, 

437.364, 73, 0, 0.379508, 

437.364, 74, 0, 0.379508, 

437.364, 75, 0, 0.379508, 

437.364, 76, 0, 0.379508, 

437.364, 77, 0, 0.379508, 

437.364, 78, 0, 0.379508, 

437.364, 79, 0, 0.379508, 

437.364, 80, 0, 0.379508, 

437.364, 81, 0, 0.379508, 

437.364, 82, 0, 0.379508, 

437.364, 83, 0, 0.379508, 

437.364, 84, 0, 0.379508, 

437.364, 85, 0, 0.379508, 

437.364, 86, 0, 0.379508, 

437.364, 87, 0, 0.379508, 

437.364, 88, 0, 0.379508, 

437.364, 89, 0, 0.379508, 

437.364, 90, 0, 0.379508, 

437.364, 91, 0, 0.379508, 

437.364, 92, 0, 0.379508, 

437.364, 93, 0, 0.379508, 

437.364, 94, 0, 0.379508, 

437.364, 95, 0, 0.379508, 

437.364, 96, 0, 0.379508, 

437.364, 97, 0, 0.379508, 

437.364, 98, 0, 0.379508, 

437.364, 99, 0, 0.379508, 

437.364, 100, 0, 0.379508, 

437.364, 101, 0, 0.379508, 

437.364, 102, 0, 0.379508, 

437.364, 103, 0, 0.379508, 

437.364, 104, 0, 0.379508, 

437.364, 105, 0, 0.379508, 

437.364, 106, 0, 0.379508, 

437.364, 107, 0, 0.379508, 

437.364, 108, 0, 0.379508, 

437.364, 109, 0, 0.379508, 

437.364, 110, 0, 0.379508, 

437.364, 111, 0, 0.379508, 

437.364, 112, 0, 0.379508, 

437.364, 113, 0, 0.379508, 

437.364, 114, 0, 0.379508, 

437.364, 115, 0, 0.379508, 

437.364, 116, 0, 0.379508, 

437.364, 117, 0, 0.379508, 

437.364, 118, 0, 0.379508, 

437.364, 119, 0, 0.379508, 

439.999, 0, 0, 0.379508, 

439.999, 1, 0, 0.379508, 

439.999, 2, 0, 0.379508, 

439.999, 3, 0, 0.379508, 

439.999, 4, 0, 0.379508, 

439.999, 5, 0, 0.379508, 

439.999, 6, 0, 0.379508, 

439.999, 7, 0, 0.379508, 

439.999, 8, 0, 0.379508, 

439.999, 9, 0, 0.379508, 

439.999, 10, 0, 0.379508, 

439.999, 11, 0, 0.379508, 

439.999, 12, 0, 0.379508, 

439.999, 13, 0, 0.379508, 

439.999, 14, 0, 0.379508, 

439.999, 15, 0, 0.379508, 

439.999, 16, 0, 0.379508, 

439.999, 17, 0, 0.379508, 

439.999, 18, 0, 0.379508, 

439.999, 19, 0, 0.379508, 

439.999, 20, 0, 0.379508, 

439.999, 21, 0, 0.379508, 

439.999, 22, 0, 0.379508, 

439.999, 23, 0, 0.379508, 

439.999, 24, 0, 0.379508, 

439.999, 25, 0, 0.379508, 

439.999, 26, 0, 0.379508, 

439.999, 27, 0, 0.379508, 

439.999, 28, 0, 0.379508, 

439.999, 29, 0, 0.379508, 

439.999, 30, 0, 0.379508, 

439.999, 31, 0, 0.379508, 

439.999, 32, 0, 0.379508, 

439.999, 33, 0, 0.379508, 

439.999, 34, 0, 0.379508, 

439.999, 35, 0, 0.379508, 

439.999, 36, 0, 0.379508, 

439.999, 37, 0, 0.379508, 

439.999, 38, 0, 0.379508, 

439.999, 39, 0, 0.379508, 

439.999, 40, 0, 0.379508, 

439.999, 41, 0, 0.379508, 

439.999, 42, 0, 0.379508, 

439.999, 43, 0, 0.379508, 

439.999, 44, 0, 0.379508, 

439.999, 45, 0, 0.379508, 

439.999, 46, 0, 0.379508, 

439.999, 47, 0, 0.379508, 

439.999, 48, 0, 0.379508, 

439.999, 49, 0, 0.379508, 

439.999, 50, 0, 0.379508, 

439.999, 51, 0, 0.379508, 

439.999, 52, 0, 0.379508, 

439.999, 53, 0, 0.379508, 

439.999, 54, 0, 0.379508, 

439.999, 55, 0, 0.379508, 

439.999, 56, 0, 0.379508, 

439.999, 57, 0, 0.379508, 

439.999, 58, 0, 0.379508, 

439.999, 59, 0, 0.379508, 

439.999, 60, 0, 0.379508, 

439.999, 61, 0, 0.379508, 

439.999, 62, 0, 0.379508, 

439.999, 63, 0, 0.379508, 

439.999, 64, 0, 0.379508, 

439.999, 65, 0, 0.379508, 

439.999, 66, 0, 0.379508, 

439.999, 67, 0, 0.379508, 

439.999, 68, 0, 0.379508, 

439.999, 69, 0, 0.379508, 

439.999, 70, 0, 0.379508, 

439.999, 71, 0, 0.379508, 

439.999, 72, 0, 0.379508, 

439.999, 73, 0, 0.379508, 

439.999, 74, 0, 0.379508, 

439.999, 75, 0, 0.379508, 

439.999, 76, 0, 0.379508, 

439.999, 77, 0, 0.379508, 

439.999, 78, 0, 0.379508, 

439.999, 79, 0, 0.379508, 

439.999, 80, 0, 0.379508, 

439.999, 81, 0, 0.379508, 

439.999, 82, 0, 0.379508, 

439.999, 83, 0, 0.379508, 

439.999, 84, 0, 0.379508, 

439.999, 85, 0, 0.379508, 

439.999, 86, 0, 0.379508, 

439.999, 87, 0, 0.379508, 

439.999, 88, 0, 0.379508, 

439.999, 89, 0, 0.379508, 

439.999, 90, 0, 0.379508, 

439.999, 91, 0, 0.379508, 

439.999, 92, 0, 0.379508, 

439.999, 93, 0, 0.379508, 

439.999, 94, 0, 0.379508, 

439.999, 95, 0, 0.379508, 

439.999, 96, 0, 0.379508, 

439.999, 97, 0, 0.379508, 

439.999, 98, 0, 0.379508, 

439.999, 99, 0, 0.379508, 

439.999, 100, 0, 0.379508, 

439.999, 101, 0, 0.379508, 

439.999, 102, 0, 0.379508, 

439.999, 103, 0, 0.379508, 

439.999, 104, 0, 0.379508, 

439.999, 105, 0, 0.379508, 

439.999, 106, 0, 0.379508, 

439.999, 107, 0, 0.379508, 

439.999, 108, 0, 0.379508, 

439.999, 109, 0, 0.379508, 

439.999, 110, 0, 0.379508, 

439.999, 111, 0, 0.379508, 

439.999, 112, 0, 0.379508, 

439.999, 113, 0, 0.379508, 

439.999, 114, 0, 0.379508, 

439.999, 115, 0, 0.379508, 

439.999, 116, 0, 0.379508, 

439.999, 117, 0, 0.379508, 

439.999, 118, 0, 0.379508, 

439.999, 119, 0, 0.379508, 

442.633, 0, 0, 0.379508, 

442.633, 1, 0, 0.379508, 

442.633, 2, 0, 0.379508, 

442.633, 3, 0, 0.379508, 

442.633, 4, 0, 0.379508, 

442.633, 5, 0, 0.379508, 

442.633, 6, 0, 0.379508, 

442.633, 7, 0, 0.379508, 

442.633, 8, 0, 0.379508, 

442.633, 9, 0, 0.379508, 

442.633, 10, 0, 0.379508, 

442.633, 11, 0, 0.379508, 

442.633, 12, 0, 0.379508, 

442.633, 13, 0, 0.379508, 

442.633, 14, 0, 0.379508, 

442.633, 15, 0, 0.379508, 

442.633, 16, 0, 0.379508, 

442.633, 17, 0, 0.379508, 

442.633, 18, 0, 0.379508, 

442.633, 19, 0, 0.379508, 

442.633, 20, 0, 0.379508, 

442.633, 21, 0, 0.379508, 

442.633, 22, 0, 0.379508, 

442.633, 23, 0, 0.379508, 

442.633, 24, 0, 0.379508, 

442.633, 25, 0, 0.379508, 

442.633, 26, 0, 0.379508, 

442.633, 27, 0, 0.379508, 

442.633, 28, 0, 0.379508, 

442.633, 29, 0, 0.379508, 

442.633, 30, 0, 0.379508, 

442.633, 31, 0, 0.379508, 

442.633, 32, 0, 0.379508, 

442.633, 33, 0, 0.379508, 

442.633, 34, 0, 0.379508, 

442.633, 35, 0, 0.379508, 

442.633, 36, 0, 0.379508, 

442.633, 37, 0, 0.379508, 

442.633, 38, 0, 0.379508, 

442.633, 39, 0, 0.379508, 

442.633, 40, 0, 0.379508, 

442.633, 41, 0, 0.379508, 

442.633, 42, 0, 0.379508, 

442.633, 43, 0, 0.379508, 

442.633, 44, 0, 0.379508, 

442.633, 45, 0, 0.379508, 

442.633, 46, 0, 0.379508, 

442.633, 47, 0, 0.379508, 

442.633, 48, 0, 0.379508, 

442.633, 49, 0, 0.379508, 

442.633, 50, 0, 0.379508, 

442.633, 51, 0, 0.379508, 

442.633, 52, 0, 0.379508, 

442.633, 53, 0, 0.379508, 

442.633, 54, 0, 0.379508, 

442.633, 55, 0, 0.379508, 

442.633, 56, 0, 0.379508, 

442.633, 57, 0, 0.379508, 

442.633, 58, 0, 0.379508, 

442.633, 59, 0, 0.379508, 

442.633, 60, 0, 0.379508, 

442.633, 61, 0, 0.379508, 

442.633, 62, 0, 0.379508, 

442.633, 63, 0, 0.379508, 

442.633, 64, 0, 0.379508, 

442.633, 65, 0, 0.379508, 

442.633, 66, 0, 0.379508, 

442.633, 67, 0, 0.379508, 

442.633, 68, 0, 0.379508, 

442.633, 69, 0, 0.379508, 

442.633, 70, 0, 0.379508, 

442.633, 71, 0, 0.379508, 

442.633, 72, 0, 0.379508, 

442.633, 73, 0, 0.379508, 

442.633, 74, 0, 0.379508, 

442.633, 75, 0, 0.379508, 

442.633, 76, 0, 0.379508, 

442.633, 77, 0, 0.379508, 

442.633, 78, 0, 0.379508, 

442.633, 79, 0, 0.379508, 

442.633, 80, 0, 0.379508, 

442.633, 81, 0, 0.379508, 

442.633, 82, 0, 0.379508, 

442.633, 83, 0, 0.379508, 

442.633, 84, 0, 0.379508, 

442.633, 85, 0, 0.379508, 

442.633, 86, 0, 0.379508, 

442.633, 87, 0, 0.379508, 

442.633, 88, 0, 0.379508, 

442.633, 89, 0, 0.379508, 

442.633, 90, 0, 0.379508, 

442.633, 91, 0, 0.379508, 

442.633, 92, 0, 0.379508, 

442.633, 93, 0, 0.379508, 

442.633, 94, 0, 0.379508, 

442.633, 95, 0, 0.379508, 

442.633, 96, 0, 0.379508, 

442.633, 97, 0, 0.379508, 

442.633, 98, 0, 0.379508, 

442.633, 99, 0, 0.379508, 

442.633, 100, 0, 0.379508, 

442.633, 101, 0, 0.379508, 

442.633, 102, 0, 0.379508, 

442.633, 103, 0, 0.379508, 

442.633, 104, 0, 0.379508, 

442.633, 105, 0, 0.379508, 

442.633, 106, 0, 0.379508, 

442.633, 107, 0, 0.379508, 

442.633, 108, 0, 0.379508, 

442.633, 109, 0, 0.379508, 

442.633, 110, 0, 0.379508, 

442.633, 111, 0, 0.379508, 

442.633, 112, 0, 0.379508, 

442.633, 113, 0, 0.379508, 

442.633, 114, 0, 0.379508, 

442.633, 115, 0, 0.379508, 

442.633, 116, 0, 0.379508, 

442.633, 117, 0, 0.379508, 

442.633, 118, 0, 0.379508, 

442.633, 119, 0, 0.379508, 

445.268, 0, 0, 0.379508, 

445.268, 1, 0, 0.379508, 

445.268, 2, 0, 0.379508, 

445.268, 3, 0, 0.379508, 

445.268, 4, 0, 0.379508, 

445.268, 5, 0, 0.379508, 

445.268, 6, 0, 0.379508, 

445.268, 7, 0, 0.379508, 

445.268, 8, 0, 0.379508, 

445.268, 9, 0, 0.379508, 

445.268, 10, 0, 0.379508, 

445.268, 11, 0, 0.379508, 

445.268, 12, 0, 0.379508, 

445.268, 13, 0, 0.379508, 

445.268, 14, 0, 0.379508, 

445.268, 15, 0, 0.379508, 

445.268, 16, 0, 0.379508, 

445.268, 17, 0, 0.379508, 

445.268, 18, 0, 0.379508, 

445.268, 19, 0, 0.379508, 

445.268, 20, 0, 0.379508, 

445.268, 21, 0, 0.379508, 

445.268, 22, 0, 0.379508, 

445.268, 23, 0, 0.379508, 

445.268, 24, 0, 0.379508, 

445.268, 25, 0, 0.379508, 

445.268, 26, 0, 0.379508, 

445.268, 27, 0, 0.379508, 

445.268, 28, 0, 0.379508, 

445.268, 29, 0, 0.379508, 

445.268, 30, 0, 0.379508, 

445.268, 31, 0, 0.379508, 

445.268, 32, 0, 0.379508, 

445.268, 33, 0, 0.379508, 

445.268, 34, 0, 0.379508, 

445.268, 35, 0, 0.379508, 

445.268, 36, 0, 0.379508, 

445.268, 37, 0, 0.379508, 

445.268, 38, 0, 0.379508, 

445.268, 39, 0, 0.379508, 

445.268, 40, 0, 0.379508, 

445.268, 41, 0, 0.379508, 

445.268, 42, 0, 0.379508, 

445.268, 43, 0, 0.379508, 

445.268, 44, 0, 0.379508, 

445.268, 45, 0, 0.379508, 

445.268, 46, 0, 0.379508, 

445.268, 47, 0, 0.379508, 

445.268, 48, 0, 0.379508, 

445.268, 49, 0, 0.379508, 

445.268, 50, 0, 0.379508, 

445.268, 51, 0, 0.379508, 

445.268, 52, 0, 0.379508, 

445.268, 53, 0, 0.379508, 

445.268, 54, 0, 0.379508, 

445.268, 55, 0, 0.379508, 

445.268, 56, 0, 0.379508, 

445.268, 57, 0, 0.379508, 

445.268, 58, 0, 0.379508, 

445.268, 59, 0, 0.379508, 

445.268, 60, 0, 0.379508, 

445.268, 61, 0, 0.379508, 

445.268, 62, 0, 0.379508, 

445.268, 63, 0, 0.379508, 

445.268, 64, 0, 0.379508, 

445.268, 65, 0, 0.379508, 

445.268, 66, 0, 0.379508, 

445.268, 67, 0, 0.379508, 

445.268, 68, 0, 0.379508, 

445.268, 69, 0, 0.379508, 

445.268, 70, 0, 0.379508, 

445.268, 71, 0, 0.379508, 

445.268, 72, 0, 0.379508, 

445.268, 73, 0, 0.379508, 

445.268, 74, 0, 0.379508, 

445.268, 75, 0, 0.379508, 

445.268, 76, 0, 0.379508, 

445.268, 77, 0, 0.379508, 

445.268, 78, 0, 0.379508, 

445.268, 79, 0, 0.379508, 

445.268, 80, 0, 0.379508, 

445.268, 81, 0, 0.379508, 

445.268, 82, 0, 0.379508, 

445.268, 83, 0, 0.379508, 

445.268, 84, 0, 0.379508, 

445.268, 85, 0, 0.379508, 

445.268, 86, 0, 0.379508, 

445.268, 87, 0, 0.379508, 

445.268, 88, 0, 0.379508, 

445.268, 89, 0, 0.379508, 

445.268, 90, 0, 0.379508, 

445.268, 91, 0, 0.379508, 

445.268, 92, 0, 0.379508, 

445.268, 93, 0, 0.379508, 

445.268, 94, 0, 0.379508, 

445.268, 95, 0, 0.379508, 

445.268, 96, 0, 0.379508, 

445.268, 97, 0, 0.379508, 

445.268, 98, 0, 0.379508, 

445.268, 99, 0, 0.379508, 

445.268, 100, 0, 0.379508, 

445.268, 101, 0, 0.379508, 

445.268, 102, 0, 0.379508, 

445.268, 103, 0, 0.379508, 

445.268, 104, 0, 0.379508, 

445.268, 105, 0, 0.379508, 

445.268, 106, 0, 0.379508, 

445.268, 107, 0, 0.379508, 

445.268, 108, 0, 0.379508, 

445.268, 109, 0, 0.379508, 

445.268, 110, 0, 0.379508, 

445.268, 111, 0, 0.379508, 

445.268, 112, 0, 0.379508, 

445.268, 113, 0, 0.379508, 

445.268, 114, 0, 0.379508, 

445.268, 115, 0, 0.379508, 

445.268, 116, 0, 0.379508, 

445.268, 117, 0, 0.379508, 

445.268, 118, 0, 0.379508, 

445.268, 119, 0, 0.379508, 

447.903, 0, 0, 0.379508, 

447.903, 1, 0, 0.379508, 

447.903, 2, 0, 0.379508, 

447.903, 3, 0, 0.379508, 

447.903, 4, 0, 0.379508, 

447.903, 5, 0, 0.379508, 

447.903, 6, 0, 0.379508, 

447.903, 7, 0, 0.379508, 

447.903, 8, 0, 0.379508, 

447.903, 9, 0, 0.379508, 

447.903, 10, 0, 0.379508, 

447.903, 11, 0, 0.379508, 

447.903, 12, 0, 0.379508, 

447.903, 13, 0, 0.379508, 

447.903, 14, 0, 0.379508, 

447.903, 15, 0, 0.379508, 

447.903, 16, 0, 0.379508, 

447.903, 17, 0, 0.379508, 

447.903, 18, 0, 0.379508, 

447.903, 19, 0, 0.379508, 

447.903, 20, 0, 0.379508, 

447.903, 21, 0, 0.379508, 

447.903, 22, 0, 0.379508, 

447.903, 23, 0, 0.379508, 

447.903, 24, 0, 0.379508, 

447.903, 25, 0, 0.379508, 

447.903, 26, 0, 0.379508, 

447.903, 27, 0, 0.379508, 

447.903, 28, 0, 0.379508, 

447.903, 29, 0, 0.379508, 

447.903, 30, 0, 0.379508, 

447.903, 31, 0, 0.379508, 

447.903, 32, 0, 0.379508, 

447.903, 33, 0, 0.379508, 

447.903, 34, 0, 0.379508, 

447.903, 35, 0, 0.379508, 

447.903, 36, 0, 0.379508, 

447.903, 37, 0, 0.379508, 

447.903, 38, 0, 0.379508, 

447.903, 39, 0, 0.379508, 

447.903, 40, 0, 0.379508, 

447.903, 41, 0, 0.379508, 

447.903, 42, 0, 0.379508, 

447.903, 43, 0, 0.379508, 

447.903, 44, 0, 0.379508, 

447.903, 45, 0, 0.379508, 

447.903, 46, 0, 0.379508, 

447.903, 47, 0, 0.379508, 

447.903, 48, 0, 0.379508, 

447.903, 49, 0, 0.379508, 

447.903, 50, 0, 0.379508, 

447.903, 51, 0, 0.379508, 

447.903, 52, 0, 0.379508, 

447.903, 53, 0, 0.379508, 

447.903, 54, 0, 0.379508, 

447.903, 55, 0, 0.379508, 

447.903, 56, 0, 0.379508, 

447.903, 57, 0, 0.379508, 

447.903, 58, 0, 0.379508, 

447.903, 59, 0, 0.379508, 

447.903, 60, 0, 0.379508, 

447.903, 61, 0, 0.379508, 

447.903, 62, 0, 0.379508, 

447.903, 63, 0, 0.379508, 

447.903, 64, 0, 0.379508, 

447.903, 65, 0, 0.379508, 

447.903, 66, 0, 0.379508, 

447.903, 67, 0, 0.379508, 

447.903, 68, 0, 0.379508, 

447.903, 69, 0, 0.379508, 

447.903, 70, 0, 0.379508, 

447.903, 71, 0, 0.379508, 

447.903, 72, 0, 0.379508, 

447.903, 73, 0, 0.379508, 

447.903, 74, 0, 0.379508, 

447.903, 75, 0, 0.379508, 

447.903, 76, 0, 0.379508, 

447.903, 77, 0, 0.379508, 

447.903, 78, 0, 0.379508, 

447.903, 79, 0, 0.379508, 

447.903, 80, 0, 0.379508, 

447.903, 81, 0, 0.379508, 

447.903, 82, 0, 0.379508, 

447.903, 83, 0, 0.379508, 

447.903, 84, 0, 0.379508, 

447.903, 85, 0, 0.379508, 

447.903, 86, 0, 0.379508, 

447.903, 87, 0, 0.379508, 

447.903, 88, 0, 0.379508, 

447.903, 89, 0, 0.379508, 

447.903, 90, 0, 0.379508, 

447.903, 91, 0, 0.379508, 

447.903, 92, 0, 0.379508, 

447.903, 93, 0, 0.379508, 

447.903, 94, 0, 0.379508, 

447.903, 95, 0, 0.379508, 

447.903, 96, 0, 0.379508, 

447.903, 97, 0, 0.379508, 

447.903, 98, 0, 0.379508, 

447.903, 99, 0, 0.379508, 

447.903, 100, 0, 0.379508, 

447.903, 101, 0, 0.379508, 

447.903, 102, 0, 0.379508, 

447.903, 103, 0, 0.379508, 

447.903, 104, 0, 0.379508, 

447.903, 105, 0, 0.379508, 

447.903, 106, 0, 0.379508, 

447.903, 107, 0, 0.379508, 

447.903, 108, 0, 0.379508, 

447.903, 109, 0, 0.379508, 

447.903, 110, 0, 0.379508, 

447.903, 111, 0, 0.379508, 

447.903, 112, 0, 0.379508, 

447.903, 113, 0, 0.379508, 

447.903, 114, 0, 0.379508, 

447.903, 115, 0, 0.379508, 

447.903, 116, 0, 0.379508, 

447.903, 117, 0, 0.379508, 

447.903, 118, 0, 0.379508, 

447.903, 119, 0, 0.379508, 

450.537, 0, 0, 0.379508, 

450.537, 1, 0, 0.379508, 

450.537, 2, 0, 0.379508, 

450.537, 3, 0, 0.379508, 

450.537, 4, 0, 0.379508, 

450.537, 5, 0, 0.379508, 

450.537, 6, 0, 0.379508, 

450.537, 7, 0, 0.379508, 

450.537, 8, 0, 0.379508, 

450.537, 9, 0, 0.379508, 

450.537, 10, 0, 0.379508, 

450.537, 11, 0, 0.379508, 

450.537, 12, 0, 0.379508, 

450.537, 13, 0, 0.379508, 

450.537, 14, 0, 0.379508, 

450.537, 15, 0, 0.379508, 

450.537, 16, 0, 0.379508, 

450.537, 17, 0, 0.379508, 

450.537, 18, 0, 0.379508, 

450.537, 19, 0, 0.379508, 

450.537, 20, 0, 0.379508, 

450.537, 21, 0, 0.379508, 

450.537, 22, 0, 0.379508, 

450.537, 23, 0, 0.379508, 

450.537, 24, 0, 0.379508, 

450.537, 25, 0, 0.379508, 

450.537, 26, 0, 0.379508, 

450.537, 27, 0, 0.379508, 

450.537, 28, 0, 0.379508, 

450.537, 29, 0, 0.379508, 

450.537, 30, 0, 0.379508, 

450.537, 31, 0, 0.379508, 

450.537, 32, 0, 0.379508, 

450.537, 33, 0, 0.379508, 

450.537, 34, 0, 0.379508, 

450.537, 35, 0, 0.379508, 

450.537, 36, 0, 0.379508, 

450.537, 37, 0, 0.379508, 

450.537, 38, 0, 0.379508, 

450.537, 39, 0, 0.379508, 

450.537, 40, 0, 0.379508, 

450.537, 41, 0, 0.379508, 

450.537, 42, 0, 0.379508, 

450.537, 43, 0, 0.379508, 

450.537, 44, 0, 0.379508, 

450.537, 45, 0, 0.379508, 

450.537, 46, 0, 0.379508, 

450.537, 47, 0, 0.379508, 

450.537, 48, 0, 0.379508, 

450.537, 49, 0, 0.379508, 

450.537, 50, 0, 0.379508, 

450.537, 51, 0, 0.379508, 

450.537, 52, 0, 0.379508, 

450.537, 53, 0, 0.379508, 

450.537, 54, 0, 0.379508, 

450.537, 55, 0, 0.379508, 

450.537, 56, 0, 0.379508, 

450.537, 57, 0, 0.379508, 

450.537, 58, 0, 0.379508, 

450.537, 59, 0, 0.379508, 

450.537, 60, 0, 0.379508, 

450.537, 61, 0, 0.379508, 

450.537, 62, 0, 0.379508, 

450.537, 63, 0, 0.379508, 

450.537, 64, 0, 0.379508, 

450.537, 65, 0, 0.379508, 

450.537, 66, 0, 0.379508, 

450.537, 67, 0, 0.379508, 

450.537, 68, 0, 0.379508, 

450.537, 69, 0, 0.379508, 

450.537, 70, 0, 0.379508, 

450.537, 71, 0, 0.379508, 

450.537, 72, 0, 0.379508, 

450.537, 73, 0, 0.379508, 

450.537, 74, 0, 0.379508, 

450.537, 75, 0, 0.379508, 

450.537, 76, 0, 0.379508, 

450.537, 77, 0, 0.379508, 

450.537, 78, 0, 0.379508, 

450.537, 79, 0, 0.379508, 

450.537, 80, 0, 0.379508, 

450.537, 81, 0, 0.379508, 

450.537, 82, 0, 0.379508, 

450.537, 83, 0, 0.379508, 

450.537, 84, 0, 0.379508, 

450.537, 85, 0, 0.379508, 

450.537, 86, 0, 0.379508, 

450.537, 87, 0, 0.379508, 

450.537, 88, 0, 0.379508, 

450.537, 89, 0, 0.379508, 

450.537, 90, 0, 0.379508, 

450.537, 91, 0, 0.379508, 

450.537, 92, 0, 0.379508, 

450.537, 93, 0, 0.379508, 

450.537, 94, 0, 0.379508, 

450.537, 95, 0, 0.379508, 

450.537, 96, 0, 0.379508, 

450.537, 97, 0, 0.379508, 

450.537, 98, 0, 0.379508, 

450.537, 99, 0, 0.379508, 

450.537, 100, 0, 0.379508, 

450.537, 101, 0, 0.379508, 

450.537, 102, 0, 0.379508, 

450.537, 103, 0, 0.379508, 

450.537, 104, 0, 0.379508, 

450.537, 105, 0, 0.379508, 

450.537, 106, 0, 0.379508, 

450.537, 107, 0, 0.379508, 

450.537, 108, 0, 0.379508, 

450.537, 109, 0, 0.379508, 

450.537, 110, 0, 0.379508, 

450.537, 111, 0, 0.379508, 

450.537, 112, 0, 0.379508, 

450.537, 113, 0, 0.379508, 

450.537, 114, 0, 0.379508, 

450.537, 115, 0, 0.379508, 

450.537, 116, 0, 0.379508, 

450.537, 117, 0, 0.379508, 

450.537, 118, 0, 0.379508, 

450.537, 119, 0, 0.379508, 

453.172, 0, 0, 0.379508, 

453.172, 1, 0, 0.379508, 

453.172, 2, 0, 0.379508, 

453.172, 3, 0, 0.379508, 

453.172, 4, 0, 0.379508, 

453.172, 5, 0, 0.379508, 

453.172, 6, 0, 0.379508, 

453.172, 7, 0, 0.379508, 

453.172, 8, 0, 0.379508, 

453.172, 9, 0, 0.379508, 

453.172, 10, 0, 0.379508, 

453.172, 11, 0, 0.379508, 

453.172, 12, 0, 0.379508, 

453.172, 13, 0, 0.379508, 

453.172, 14, 0, 0.379508, 

453.172, 15, 0, 0.379508, 

453.172, 16, 0, 0.379508, 

453.172, 17, 0, 0.379508, 

453.172, 18, 0, 0.379508, 

453.172, 19, 0, 0.379508, 

453.172, 20, 0, 0.379508, 

453.172, 21, 0, 0.379508, 

453.172, 22, 0, 0.379508, 

453.172, 23, 0, 0.379508, 

453.172, 24, 0, 0.379508, 

453.172, 25, 0, 0.379508, 

453.172, 26, 0, 0.379508, 

453.172, 27, 0, 0.379508, 

453.172, 28, 0, 0.379508, 

453.172, 29, 0, 0.379508, 

453.172, 30, 0, 0.379508, 

453.172, 31, 0, 0.379508, 

453.172, 32, 0, 0.379508, 

453.172, 33, 0, 0.379508, 

453.172, 34, 0, 0.379508, 

453.172, 35, 0, 0.379508, 

453.172, 36, 0, 0.379508, 

453.172, 37, 0, 0.379508, 

453.172, 38, 0, 0.379508, 

453.172, 39, 0, 0.379508, 

453.172, 40, 0, 0.379508, 

453.172, 41, 0, 0.379508, 

453.172, 42, 0, 0.379508, 

453.172, 43, 0, 0.379508, 

453.172, 44, 0, 0.379508, 

453.172, 45, 0, 0.379508, 

453.172, 46, 0, 0.379508, 

453.172, 47, 0, 0.379508, 

453.172, 48, 0, 0.379508, 

453.172, 49, 0, 0.379508, 

453.172, 50, 0, 0.379508, 

453.172, 51, 0, 0.379508, 

453.172, 52, 0, 0.379508, 

453.172, 53, 0, 0.379508, 

453.172, 54, 0, 0.379508, 

453.172, 55, 0, 0.379508, 

453.172, 56, 0, 0.379508, 

453.172, 57, 0, 0.379508, 

453.172, 58, 0, 0.379508, 

453.172, 59, 0, 0.379508, 

453.172, 60, 0, 0.379508, 

453.172, 61, 0, 0.379508, 

453.172, 62, 0, 0.379508, 

453.172, 63, 0, 0.379508, 

453.172, 64, 0, 0.379508, 

453.172, 65, 0, 0.379508, 

453.172, 66, 0, 0.379508, 

453.172, 67, 0, 0.379508, 

453.172, 68, 0, 0.379508, 

453.172, 69, 0, 0.379508, 

453.172, 70, 0, 0.379508, 

453.172, 71, 0, 0.379508, 

453.172, 72, 0, 0.379508, 

453.172, 73, 0, 0.379508, 

453.172, 74, 0, 0.379508, 

453.172, 75, 0, 0.379508, 

453.172, 76, 0, 0.379508, 

453.172, 77, 0, 0.379508, 

453.172, 78, 0, 0.379508, 

453.172, 79, 0, 0.379508, 

453.172, 80, 0, 0.379508, 

453.172, 81, 0, 0.379508, 

453.172, 82, 0, 0.379508, 

453.172, 83, 0, 0.379508, 

453.172, 84, 0, 0.379508, 

453.172, 85, 0, 0.379508, 

453.172, 86, 0, 0.379508, 

453.172, 87, 0, 0.379508, 

453.172, 88, 0, 0.379508, 

453.172, 89, 0, 0.379508, 

453.172, 90, 0, 0.379508, 

453.172, 91, 0, 0.379508, 

453.172, 92, 0, 0.379508, 

453.172, 93, 0, 0.379508, 

453.172, 94, 0, 0.379508, 

453.172, 95, 0, 0.379508, 

453.172, 96, 0, 0.379508, 

453.172, 97, 0, 0.379508, 

453.172, 98, 0, 0.379508, 

453.172, 99, 0, 0.379508, 

453.172, 100, 0, 0.379508, 

453.172, 101, 0, 0.379508, 

453.172, 102, 0, 0.379508, 

453.172, 103, 0, 0.379508, 

453.172, 104, 0, 0.379508, 

453.172, 105, 0, 0.379508, 

453.172, 106, 0, 0.379508, 

453.172, 107, 0, 0.379508, 

453.172, 108, 0, 0.379508, 

453.172, 109, 0, 0.379508, 

453.172, 110, 0, 0.379508, 

453.172, 111, 0, 0.379508, 

453.172, 112, 0, 0.379508, 

453.172, 113, 0, 0.379508, 

453.172, 114, 0, 0.379508, 

453.172, 115, 0, 0.379508, 

453.172, 116, 0, 0.379508, 

453.172, 117, 0, 0.379508, 

453.172, 118, 0, 0.379508, 

453.172, 119, 0, 0.379508, 

455.807, 0, 0, 0.379508, 

455.807, 1, 0, 0.379508, 

455.807, 2, 0, 0.379508, 

455.807, 3, 0, 0.379508, 

455.807, 4, 0, 0.379508, 

455.807, 5, 0, 0.379508, 

455.807, 6, 0, 0.379508, 

455.807, 7, 0, 0.379508, 

455.807, 8, 0, 0.379508, 

455.807, 9, 0, 0.379508, 

455.807, 10, 0, 0.379508, 

455.807, 11, 0, 0.379508, 

455.807, 12, 0, 0.379508, 

455.807, 13, 0, 0.379508, 

455.807, 14, 0, 0.379508, 

455.807, 15, 0, 0.379508, 

455.807, 16, 0, 0.379508, 

455.807, 17, 0, 0.379508, 

455.807, 18, 0, 0.379508, 

455.807, 19, 0, 0.379508, 

455.807, 20, 0, 0.379508, 

455.807, 21, 0, 0.379508, 

455.807, 22, 0, 0.379508, 

455.807, 23, 0, 0.379508, 

455.807, 24, 0, 0.379508, 

455.807, 25, 0, 0.379508, 

455.807, 26, 0, 0.379508, 

455.807, 27, 0, 0.379508, 

455.807, 28, 0, 0.379508, 

455.807, 29, 0, 0.379508, 

455.807, 30, 0, 0.379508, 

455.807, 31, 0, 0.379508, 

455.807, 32, 0, 0.379508, 

455.807, 33, 0, 0.379508, 

455.807, 34, 0, 0.379508, 

455.807, 35, 0, 0.379508, 

455.807, 36, 0, 0.379508, 

455.807, 37, 0, 0.379508, 

455.807, 38, 0, 0.379508, 

455.807, 39, 0, 0.379508, 

455.807, 40, 0, 0.379508, 

455.807, 41, 0, 0.379508, 

455.807, 42, 0, 0.379508, 

455.807, 43, 0, 0.379508, 

455.807, 44, 0, 0.379508, 

455.807, 45, 0, 0.379508, 

455.807, 46, 0, 0.379508, 

455.807, 47, 0, 0.379508, 

455.807, 48, 0, 0.379508, 

455.807, 49, 0, 0.379508, 

455.807, 50, 0, 0.379508, 

455.807, 51, 0, 0.379508, 

455.807, 52, 0, 0.379508, 

455.807, 53, 0, 0.379508, 

455.807, 54, 0, 0.379508, 

455.807, 55, 0, 0.379508, 

455.807, 56, 0, 0.379508, 

455.807, 57, 0, 0.379508, 

455.807, 58, 0, 0.379508, 

455.807, 59, 0, 0.379508, 

455.807, 60, 0, 0.379508, 

455.807, 61, 0, 0.379508, 

455.807, 62, 0, 0.379508, 

455.807, 63, 0, 0.379508, 

455.807, 64, 0, 0.379508, 

455.807, 65, 0, 0.379508, 

455.807, 66, 0, 0.379508, 

455.807, 67, 0, 0.379508, 

455.807, 68, 0, 0.379508, 

455.807, 69, 0, 0.379508, 

455.807, 70, 0, 0.379508, 

455.807, 71, 0, 0.379508, 

455.807, 72, 0, 0.379508, 

455.807, 73, 0, 0.379508, 

455.807, 74, 0, 0.379508, 

455.807, 75, 0, 0.379508, 

455.807, 76, 0, 0.379508, 

455.807, 77, 0, 0.379508, 

455.807, 78, 0, 0.379508, 

455.807, 79, 0, 0.379508, 

455.807, 80, 0, 0.379508, 

455.807, 81, 0, 0.379508, 

455.807, 82, 0, 0.379508, 

455.807, 83, 0, 0.379508, 

455.807, 84, 0, 0.379508, 

455.807, 85, 0, 0.379508, 

455.807, 86, 0, 0.379508, 

455.807, 87, 0, 0.379508, 

455.807, 88, 0, 0.379508, 

455.807, 89, 0, 0.379508, 

455.807, 90, 0, 0.379508, 

455.807, 91, 0, 0.379508, 

455.807, 92, 0, 0.379508, 

455.807, 93, 0, 0.379508, 

455.807, 94, 0, 0.379508, 

455.807, 95, 0, 0.379508, 

455.807, 96, 0, 0.379508, 

455.807, 97, 0, 0.379508, 

455.807, 98, 0, 0.379508, 

455.807, 99, 0, 0.379508, 

455.807, 100, 0, 0.379508, 

455.807, 101, 0, 0.379508, 

455.807, 102, 0, 0.379508, 

455.807, 103, 0, 0.379508, 

455.807, 104, 0, 0.379508, 

455.807, 105, 0, 0.379508, 

455.807, 106, 0, 0.379508, 

455.807, 107, 0, 0.379508, 

455.807, 108, 0, 0.379508, 

455.807, 109, 0, 0.379508, 

455.807, 110, 0, 0.379508, 

455.807, 111, 0, 0.379508, 

455.807, 112, 0, 0.379508, 

455.807, 113, 0, 0.379508, 

455.807, 114, 0, 0.379508, 

455.807, 115, 0, 0.379508, 

455.807, 116, 0, 0.379508, 

455.807, 117, 0, 0.379508, 

455.807, 118, 0, 0.379508, 

455.807, 119, 0, 0.379508, 

458.442, 0, 0, 0.379508, 

458.442, 1, 0, 0.379508, 

458.442, 2, 0, 0.379508, 

458.442, 3, 0, 0.379508, 

458.442, 4, 0, 0.379508, 

458.442, 5, 0, 0.379508, 

458.442, 6, 0, 0.379508, 

458.442, 7, 0, 0.379508, 

458.442, 8, 0, 0.379508, 

458.442, 9, 0, 0.379508, 

458.442, 10, 0, 0.379508, 

458.442, 11, 0, 0.379508, 

458.442, 12, 0, 0.379508, 

458.442, 13, 0, 0.379508, 

458.442, 14, 0, 0.379508, 

458.442, 15, 0, 0.379508, 

458.442, 16, 0, 0.379508, 

458.442, 17, 0, 0.379508, 

458.442, 18, 0, 0.379508, 

458.442, 19, 0, 0.379508, 

458.442, 20, 0, 0.379508, 

458.442, 21, 0, 0.379508, 

458.442, 22, 0, 0.379508, 

458.442, 23, 0, 0.379508, 

458.442, 24, 0, 0.379508, 

458.442, 25, 0, 0.379508, 

458.442, 26, 0, 0.379508, 

458.442, 27, 0, 0.379508, 

458.442, 28, 0, 0.379508, 

458.442, 29, 0, 0.379508, 

458.442, 30, 0, 0.379508, 

458.442, 31, 0, 0.379508, 

458.442, 32, 0, 0.379508, 

458.442, 33, 0, 0.379508, 

458.442, 34, 0, 0.379508, 

458.442, 35, 0, 0.379508, 

458.442, 36, 0, 0.379508, 

458.442, 37, 0, 0.379508, 

458.442, 38, 0, 0.379508, 

458.442, 39, 0, 0.379508, 

458.442, 40, 0, 0.379508, 

458.442, 41, 0, 0.379508, 

458.442, 42, 0, 0.379508, 

458.442, 43, 0, 0.379508, 

458.442, 44, 0, 0.379508, 

458.442, 45, 0, 0.379508, 

458.442, 46, 0, 0.379508, 

458.442, 47, 0, 0.379508, 

458.442, 48, 0, 0.379508, 

458.442, 49, 0, 0.379508, 

458.442, 50, 0, 0.379508, 

458.442, 51, 0, 0.379508, 

458.442, 52, 0, 0.379508, 

458.442, 53, 0, 0.379508, 

458.442, 54, 0, 0.379508, 

458.442, 55, 0, 0.379508, 

458.442, 56, 0, 0.379508, 

458.442, 57, 0, 0.379508, 

458.442, 58, 0, 0.379508, 

458.442, 59, 0, 0.379508, 

458.442, 60, 0, 0.379508, 

458.442, 61, 0, 0.379508, 

458.442, 62, 0, 0.379508, 

458.442, 63, 0, 0.379508, 

458.442, 64, 0, 0.379508, 

458.442, 65, 0, 0.379508, 

458.442, 66, 0, 0.379508, 

458.442, 67, 0, 0.379508, 

458.442, 68, 0, 0.379508, 

458.442, 69, 0, 0.379508, 

458.442, 70, 0, 0.379508, 

458.442, 71, 0, 0.379508, 

458.442, 72, 0, 0.379508, 

458.442, 73, 0, 0.379508, 

458.442, 74, 0, 0.379508, 

458.442, 75, 0, 0.379508, 

458.442, 76, 0, 0.379508, 

458.442, 77, 0, 0.379508, 

458.442, 78, 0, 0.379508, 

458.442, 79, 0, 0.379508, 

458.442, 80, 0, 0.379508, 

458.442, 81, 0, 0.379508, 

458.442, 82, 0, 0.379508, 

458.442, 83, 0, 0.379508, 

458.442, 84, 0, 0.379508, 

458.442, 85, 0, 0.379508, 

458.442, 86, 0, 0.379508, 

458.442, 87, 0, 0.379508, 

458.442, 88, 0, 0.379508, 

458.442, 89, 0, 0.379508, 

458.442, 90, 0, 0.379508, 

458.442, 91, 0, 0.379508, 

458.442, 92, 0, 0.379508, 

458.442, 93, 0, 0.379508, 

458.442, 94, 0, 0.379508, 

458.442, 95, 0, 0.379508, 

458.442, 96, 0, 0.379508, 

458.442, 97, 0, 0.379508, 

458.442, 98, 0, 0.379508, 

458.442, 99, 0, 0.379508, 

458.442, 100, 0, 0.379508, 

458.442, 101, 0, 0.379508, 

458.442, 102, 0, 0.379508, 

458.442, 103, 0, 0.379508, 

458.442, 104, 0, 0.379508, 

458.442, 105, 0, 0.379508, 

458.442, 106, 0, 0.379508, 

458.442, 107, 0, 0.379508, 

458.442, 108, 0, 0.379508, 

458.442, 109, 0, 0.379508, 

458.442, 110, 0, 0.379508, 

458.442, 111, 0, 0.379508, 

458.442, 112, 0, 0.379508, 

458.442, 113, 0, 0.379508, 

458.442, 114, 0, 0.379508, 

458.442, 115, 0, 0.379508, 

458.442, 116, 0, 0.379508, 

458.442, 117, 0, 0.379508, 

458.442, 118, 0, 0.379508, 

458.442, 119, 0, 0.379508, 

461.076, 0, 0, 0.379508, 

461.076, 1, 0, 0.379508, 

461.076, 2, 0, 0.379508, 

461.076, 3, 0, 0.379508, 

461.076, 4, 0, 0.379508, 

461.076, 5, 0, 0.379508, 

461.076, 6, 0, 0.379508, 

461.076, 7, 0, 0.379508, 

461.076, 8, 0, 0.379508, 

461.076, 9, 0, 0.379508, 

461.076, 10, 0, 0.379508, 

461.076, 11, 0, 0.379508, 

461.076, 12, 0, 0.379508, 

461.076, 13, 0, 0.379508, 

461.076, 14, 0, 0.379508, 

461.076, 15, 0, 0.379508, 

461.076, 16, 0, 0.379508, 

461.076, 17, 0, 0.379508, 

461.076, 18, 0, 0.379508, 

461.076, 19, 0, 0.379508, 

461.076, 20, 0, 0.379508, 

461.076, 21, 0, 0.379508, 

461.076, 22, 0, 0.379508, 

461.076, 23, 0, 0.379508, 

461.076, 24, 0, 0.379508, 

461.076, 25, 0, 0.379508, 

461.076, 26, 0, 0.379508, 

461.076, 27, 0, 0.379508, 

461.076, 28, 0, 0.379508, 

461.076, 29, 0, 0.379508, 

461.076, 30, 0, 0.379508, 

461.076, 31, 0, 0.379508, 

461.076, 32, 0, 0.379508, 

461.076, 33, 0, 0.379508, 

461.076, 34, 0, 0.379508, 

461.076, 35, 0, 0.379508, 

461.076, 36, 0, 0.379508, 

461.076, 37, 0, 0.379508, 

461.076, 38, 0, 0.379508, 

461.076, 39, 0, 0.379508, 

461.076, 40, 0, 0.379508, 

461.076, 41, 0, 0.379508, 

461.076, 42, 0, 0.379508, 

461.076, 43, 0, 0.379508, 

461.076, 44, 0, 0.379508, 

461.076, 45, 0, 0.379508, 

461.076, 46, 0, 0.379508, 

461.076, 47, 0, 0.379508, 

461.076, 48, 0, 0.379508, 

461.076, 49, 0, 0.379508, 

461.076, 50, 0, 0.379508, 

461.076, 51, 0, 0.379508, 

461.076, 52, 0, 0.379508, 

461.076, 53, 0, 0.379508, 

461.076, 54, 0, 0.379508, 

461.076, 55, 0, 0.379508, 

461.076, 56, 0, 0.379508, 

461.076, 57, 0, 0.379508, 

461.076, 58, 0, 0.379508, 

461.076, 59, 0, 0.379508, 

461.076, 60, 0, 0.379508, 

461.076, 61, 0, 0.379508, 

461.076, 62, 0, 0.379508, 

461.076, 63, 0, 0.379508, 

461.076, 64, 0, 0.379508, 

461.076, 65, 0, 0.379508, 

461.076, 66, 0, 0.379508, 

461.076, 67, 0, 0.379508, 

461.076, 68, 0, 0.379508, 

461.076, 69, 0, 0.379508, 

461.076, 70, 0, 0.379508, 

461.076, 71, 0, 0.379508, 

461.076, 72, 0, 0.379508, 

461.076, 73, 0, 0.379508, 

461.076, 74, 0, 0.379508, 

461.076, 75, 0, 0.379508, 

461.076, 76, 0, 0.379508, 

461.076, 77, 0, 0.379508, 

461.076, 78, 0, 0.379508, 

461.076, 79, 0, 0.379508, 

461.076, 80, 0, 0.379508, 

461.076, 81, 0, 0.379508, 

461.076, 82, 0, 0.379508, 

461.076, 83, 0, 0.379508, 

461.076, 84, 0, 0.379508, 

461.076, 85, 0, 0.379508, 

461.076, 86, 0, 0.379508, 

461.076, 87, 0, 0.379508, 

461.076, 88, 0, 0.379508, 

461.076, 89, 0, 0.379508, 

461.076, 90, 0, 0.379508, 

461.076, 91, 0, 0.379508, 

461.076, 92, 0, 0.379508, 

461.076, 93, 0, 0.379508, 

461.076, 94, 0, 0.379508, 

461.076, 95, 0, 0.379508, 

461.076, 96, 0, 0.379508, 

461.076, 97, 0, 0.379508, 

461.076, 98, 0, 0.379508, 

461.076, 99, 0, 0.379508, 

461.076, 100, 0, 0.379508, 

461.076, 101, 0, 0.379508, 

461.076, 102, 0, 0.379508, 

461.076, 103, 0, 0.379508, 

461.076, 104, 0, 0.379508, 

461.076, 105, 0, 0.379508, 

461.076, 106, 0, 0.379508, 

461.076, 107, 0, 0.379508, 

461.076, 108, 0, 0.379508, 

461.076, 109, 0, 0.379508, 

461.076, 110, 0, 0.379508, 

461.076, 111, 0, 0.379508, 

461.076, 112, 0, 0.379508, 

461.076, 113, 0, 0.379508, 

461.076, 114, 0, 0.379508, 

461.076, 115, 0, 0.379508, 

461.076, 116, 0, 0.379508, 

461.076, 117, 0, 0.379508, 

461.076, 118, 0, 0.379508, 

461.076, 119, 0, 0.379508, 

463.711, 0, 0, 0.379508, 

463.711, 1, 0, 0.379508, 

463.711, 2, 0, 0.379508, 

463.711, 3, 0, 0.379508, 

463.711, 4, 0, 0.379508, 

463.711, 5, 0, 0.379508, 

463.711, 6, 0, 0.379508, 

463.711, 7, 0, 0.379508, 

463.711, 8, 0, 0.379508, 

463.711, 9, 0, 0.379508, 

463.711, 10, 0, 0.379508, 

463.711, 11, 0, 0.379508, 

463.711, 12, 0, 0.379508, 

463.711, 13, 0, 0.379508, 

463.711, 14, 0, 0.379508, 

463.711, 15, 0, 0.379508, 

463.711, 16, 0, 0.379508, 

463.711, 17, 0, 0.379508, 

463.711, 18, 0, 0.379508, 

463.711, 19, 0, 0.379508, 

463.711, 20, 0, 0.379508, 

463.711, 21, 0, 0.379508, 

463.711, 22, 0, 0.379508, 

463.711, 23, 0, 0.379508, 

463.711, 24, 0, 0.379508, 

463.711, 25, 0, 0.379508, 

463.711, 26, 0, 0.379508, 

463.711, 27, 0, 0.379508, 

463.711, 28, 0, 0.379508, 

463.711, 29, 0, 0.379508, 

463.711, 30, 0, 0.379508, 

463.711, 31, 0, 0.379508, 

463.711, 32, 0, 0.379508, 

463.711, 33, 0, 0.379508, 

463.711, 34, 0, 0.379508, 

463.711, 35, 0, 0.379508, 

463.711, 36, 0, 0.379508, 

463.711, 37, 0, 0.379508, 

463.711, 38, 0, 0.379508, 

463.711, 39, 0, 0.379508, 

463.711, 40, 0, 0.379508, 

463.711, 41, 0, 0.379508, 

463.711, 42, 0, 0.379508, 

463.711, 43, 0, 0.379508, 

463.711, 44, 0, 0.379508, 

463.711, 45, 0, 0.379508, 

463.711, 46, 0, 0.379508, 

463.711, 47, 0, 0.379508, 

463.711, 48, 0, 0.379508, 

463.711, 49, 0, 0.379508, 

463.711, 50, 0, 0.379508, 

463.711, 51, 0, 0.379508, 

463.711, 52, 0, 0.379508, 

463.711, 53, 0, 0.379508, 

463.711, 54, 0, 0.379508, 

463.711, 55, 0, 0.379508, 

463.711, 56, 0, 0.379508, 

463.711, 57, 0, 0.379508, 

463.711, 58, 0, 0.379508, 

463.711, 59, 0, 0.379508, 

463.711, 60, 0, 0.379508, 

463.711, 61, 0, 0.379508, 

463.711, 62, 0, 0.379508, 

463.711, 63, 0, 0.379508, 

463.711, 64, 0, 0.379508, 

463.711, 65, 0, 0.379508, 

463.711, 66, 0, 0.379508, 

463.711, 67, 0, 0.379508, 

463.711, 68, 0, 0.379508, 

463.711, 69, 0, 0.379508, 

463.711, 70, 0, 0.379508, 

463.711, 71, 0, 0.379508, 

463.711, 72, 0, 0.379508, 

463.711, 73, 0, 0.379508, 

463.711, 74, 0, 0.379508, 

463.711, 75, 0, 0.379508, 

463.711, 76, 0, 0.379508, 

463.711, 77, 0, 0.379508, 

463.711, 78, 0, 0.379508, 

463.711, 79, 0, 0.379508, 

463.711, 80, 0, 0.379508, 

463.711, 81, 0, 0.379508, 

463.711, 82, 0, 0.379508, 

463.711, 83, 0, 0.379508, 

463.711, 84, 0, 0.379508, 

463.711, 85, 0, 0.379508, 

463.711, 86, 0, 0.379508, 

463.711, 87, 0, 0.379508, 

463.711, 88, 0, 0.379508, 

463.711, 89, 0, 0.379508, 

463.711, 90, 0, 0.379508, 

463.711, 91, 0, 0.379508, 

463.711, 92, 0, 0.379508, 

463.711, 93, 0, 0.379508, 

463.711, 94, 0, 0.379508, 

463.711, 95, 0, 0.379508, 

463.711, 96, 0, 0.379508, 

463.711, 97, 0, 0.379508, 

463.711, 98, 0, 0.379508, 

463.711, 99, 0, 0.379508, 

463.711, 100, 0, 0.379508, 

463.711, 101, 0, 0.379508, 

463.711, 102, 0, 0.379508, 

463.711, 103, 0, 0.379508, 

463.711, 104, 0, 0.379508, 

463.711, 105, 0, 0.379508, 

463.711, 106, 0, 0.379508, 

463.711, 107, 0, 0.379508, 

463.711, 108, 0, 0.379508, 

463.711, 109, 0, 0.379508, 

463.711, 110, 0, 0.379508, 

463.711, 111, 0, 0.379508, 

463.711, 112, 0, 0.379508, 

463.711, 113, 0, 0.379508, 

463.711, 114, 0, 0.379508, 

463.711, 115, 0, 0.379508, 

463.711, 116, 0, 0.379508, 

463.711, 117, 0, 0.379508, 

463.711, 118, 0, 0.379508, 

463.711, 119, 0, 0.379508, 

466.346, 0, 0, 0.379508, 

466.346, 1, 0, 0.379508, 

466.346, 2, 0, 0.379508, 

466.346, 3, 0, 0.379508, 

466.346, 4, 0, 0.379508, 

466.346, 5, 0, 0.379508, 

466.346, 6, 0, 0.379508, 

466.346, 7, 0, 0.379508, 

466.346, 8, 0, 0.379508, 

466.346, 9, 0, 0.379508, 

466.346, 10, 0, 0.379508, 

466.346, 11, 0, 0.379508, 

466.346, 12, 0, 0.379508, 

466.346, 13, 0, 0.379508, 

466.346, 14, 0, 0.379508, 

466.346, 15, 0, 0.379508, 

466.346, 16, 0, 0.379508, 

466.346, 17, 0, 0.379508, 

466.346, 18, 0, 0.379508, 

466.346, 19, 0, 0.379508, 

466.346, 20, 0, 0.379508, 

466.346, 21, 0, 0.379508, 

466.346, 22, 0, 0.379508, 

466.346, 23, 0, 0.379508, 

466.346, 24, 0, 0.379508, 

466.346, 25, 0, 0.379508, 

466.346, 26, 0, 0.379508, 

466.346, 27, 0, 0.379508, 

466.346, 28, 0, 0.379508, 

466.346, 29, 0, 0.379508, 

466.346, 30, 0, 0.379508, 

466.346, 31, 0, 0.379508, 

466.346, 32, 0, 0.379508, 

466.346, 33, 0, 0.379508, 

466.346, 34, 0, 0.379508, 

466.346, 35, 0, 0.379508, 

466.346, 36, 0, 0.379508, 

466.346, 37, 0, 0.379508, 

466.346, 38, 0, 0.379508, 

466.346, 39, 0, 0.379508, 

466.346, 40, 0, 0.379508, 

466.346, 41, 0, 0.379508, 

466.346, 42, 0, 0.379508, 

466.346, 43, 0, 0.379508, 

466.346, 44, 0, 0.379508, 

466.346, 45, 0, 0.379508, 

466.346, 46, 0, 0.379508, 

466.346, 47, 0, 0.379508, 

466.346, 48, 0, 0.379508, 

466.346, 49, 0, 0.379508, 

466.346, 50, 0, 0.379508, 

466.346, 51, 0, 0.379508, 

466.346, 52, 0, 0.379508, 

466.346, 53, 0, 0.379508, 

466.346, 54, 0, 0.379508, 

466.346, 55, 0, 0.379508, 

466.346, 56, 0, 0.379508, 

466.346, 57, 0, 0.379508, 

466.346, 58, 0, 0.379508, 

466.346, 59, 0, 0.379508, 

466.346, 60, 0, 0.379508, 

466.346, 61, 0, 0.379508, 

466.346, 62, 0, 0.379508, 

466.346, 63, 0, 0.379508, 

466.346, 64, 0, 0.379508, 

466.346, 65, 0, 0.379508, 

466.346, 66, 0, 0.379508, 

466.346, 67, 0, 0.379508, 

466.346, 68, 0, 0.379508, 

466.346, 69, 0, 0.379508, 

466.346, 70, 0, 0.379508, 

466.346, 71, 0, 0.379508, 

466.346, 72, 0, 0.379508, 

466.346, 73, 0, 0.379508, 

466.346, 74, 0, 0.379508, 

466.346, 75, 0, 0.379508, 

466.346, 76, 0, 0.379508, 

466.346, 77, 0, 0.379508, 

466.346, 78, 0, 0.379508, 

466.346, 79, 0, 0.379508, 

466.346, 80, 0, 0.379508, 

466.346, 81, 0, 0.379508, 

466.346, 82, 0, 0.379508, 

466.346, 83, 0, 0.379508, 

466.346, 84, 0, 0.379508, 

466.346, 85, 0, 0.379508, 

466.346, 86, 0, 0.379508, 

466.346, 87, 0, 0.379508, 

466.346, 88, 0, 0.379508, 

466.346, 89, 0, 0.379508, 

466.346, 90, 0, 0.379508, 

466.346, 91, 0, 0.379508, 

466.346, 92, 0, 0.379508, 

466.346, 93, 0, 0.379508, 

466.346, 94, 0, 0.379508, 

466.346, 95, 0, 0.379508, 

466.346, 96, 0, 0.379508, 

466.346, 97, 0, 0.379508, 

466.346, 98, 0, 0.379508, 

466.346, 99, 0, 0.379508, 

466.346, 100, 0, 0.379508, 

466.346, 101, 0, 0.379508, 

466.346, 102, 0, 0.379508, 

466.346, 103, 0, 0.379508, 

466.346, 104, 0, 0.379508, 

466.346, 105, 0, 0.379508, 

466.346, 106, 0, 0.379508, 

466.346, 107, 0, 0.379508, 

466.346, 108, 0, 0.379508, 

466.346, 109, 0, 0.379508, 

466.346, 110, 0, 0.379508, 

466.346, 111, 0, 0.379508, 

466.346, 112, 0, 0.379508, 

466.346, 113, 0, 0.379508, 

466.346, 114, 0, 0.379508, 

466.346, 115, 0, 0.379508, 

466.346, 116, 0, 0.379508, 

466.346, 117, 0, 0.379508, 

466.346, 118, 0, 0.379508, 

466.346, 119, 0, 0.379508, 

468.98, 0, 0, 0.379508, 

468.98, 1, 0, 0.379508, 

468.98, 2, 0, 0.379508, 

468.98, 3, 0, 0.379508, 

468.98, 4, 0, 0.379508, 

468.98, 5, 0, 0.379508, 

468.98, 6, 0, 0.379508, 

468.98, 7, 0, 0.379508, 

468.98, 8, 0, 0.379508, 

468.98, 9, 0, 0.379508, 

468.98, 10, 0, 0.379508, 

468.98, 11, 0, 0.379508, 

468.98, 12, 0, 0.379508, 

468.98, 13, 0, 0.379508, 

468.98, 14, 0, 0.379508, 

468.98, 15, 0, 0.379508, 

468.98, 16, 0, 0.379508, 

468.98, 17, 0, 0.379508, 

468.98, 18, 0, 0.379508, 

468.98, 19, 0, 0.379508, 

468.98, 20, 0, 0.379508, 

468.98, 21, 0, 0.379508, 

468.98, 22, 0, 0.379508, 

468.98, 23, 0, 0.379508, 

468.98, 24, 0, 0.379508, 

468.98, 25, 0, 0.379508, 

468.98, 26, 0, 0.379508, 

468.98, 27, 0, 0.379508, 

468.98, 28, 0, 0.379508, 

468.98, 29, 0, 0.379508, 

468.98, 30, 0, 0.379508, 

468.98, 31, 0, 0.379508, 

468.98, 32, 0, 0.379508, 

468.98, 33, 0, 0.379508, 

468.98, 34, 0, 0.379508, 

468.98, 35, 0, 0.379508, 

468.98, 36, 0, 0.379508, 

468.98, 37, 0, 0.379508, 

468.98, 38, 0, 0.379508, 

468.98, 39, 0, 0.379508, 

468.98, 40, 0, 0.379508, 

468.98, 41, 0, 0.379508, 

468.98, 42, 0, 0.379508, 

468.98, 43, 0, 0.379508, 

468.98, 44, 0, 0.379508, 

468.98, 45, 0, 0.379508, 

468.98, 46, 0, 0.379508, 

468.98, 47, 0, 0.379508, 

468.98, 48, 0, 0.379508, 

468.98, 49, 0, 0.379508, 

468.98, 50, 0, 0.379508, 

468.98, 51, 0, 0.379508, 

468.98, 52, 0, 0.379508, 

468.98, 53, 0, 0.379508, 

468.98, 54, 0, 0.379508, 

468.98, 55, 0, 0.379508, 

468.98, 56, 0, 0.379508, 

468.98, 57, 0, 0.379508, 

468.98, 58, 0, 0.379508, 

468.98, 59, 0, 0.379508, 

468.98, 60, 0, 0.379508, 

468.98, 61, 0, 0.379508, 

468.98, 62, 0, 0.379508, 

468.98, 63, 0, 0.379508, 

468.98, 64, 0, 0.379508, 

468.98, 65, 0, 0.379508, 

468.98, 66, 0, 0.379508, 

468.98, 67, 0, 0.379508, 

468.98, 68, 0, 0.379508, 

468.98, 69, 0, 0.379508, 

468.98, 70, 0, 0.379508, 

468.98, 71, 0, 0.379508, 

468.98, 72, 0, 0.379508, 

468.98, 73, 0, 0.379508, 

468.98, 74, 0, 0.379508, 

468.98, 75, 0, 0.379508, 

468.98, 76, 0, 0.379508, 

468.98, 77, 0, 0.379508, 

468.98, 78, 0, 0.379508, 

468.98, 79, 0, 0.379508, 

468.98, 80, 0, 0.379508, 

468.98, 81, 0, 0.379508, 

468.98, 82, 0, 0.379508, 

468.98, 83, 0, 0.379508, 

468.98, 84, 0, 0.379508, 

468.98, 85, 0, 0.379508, 

468.98, 86, 0, 0.379508, 

468.98, 87, 0, 0.379508, 

468.98, 88, 0, 0.379508, 

468.98, 89, 0, 0.379508, 

468.98, 90, 0, 0.379508, 

468.98, 91, 0, 0.379508, 

468.98, 92, 0, 0.379508, 

468.98, 93, 0, 0.379508, 

468.98, 94, 0, 0.379508, 

468.98, 95, 0, 0.379508, 

468.98, 96, 0, 0.379508, 

468.98, 97, 0, 0.379508, 

468.98, 98, 0, 0.379508, 

468.98, 99, 0, 0.379508, 

468.98, 100, 0, 0.379508, 

468.98, 101, 0, 0.379508, 

468.98, 102, 0, 0.379508, 

468.98, 103, 0, 0.379508, 

468.98, 104, 0, 0.379508, 

468.98, 105, 0, 0.379508, 

468.98, 106, 0, 0.379508, 

468.98, 107, 0, 0.379508, 

468.98, 108, 0, 0.379508, 

468.98, 109, 0, 0.379508, 

468.98, 110, 0, 0.379508, 

468.98, 111, 0, 0.379508, 

468.98, 112, 0, 0.379508, 

468.98, 113, 0, 0.379508, 

468.98, 114, 0, 0.379508, 

468.98, 115, 0, 0.379508, 

468.98, 116, 0, 0.379508, 

468.98, 117, 0, 0.379508, 

468.98, 118, 0, 0.379508, 

468.98, 119, 0, 0.379508, 

471.615, 0, 0, 0.379508, 

471.615, 1, 0, 0.379508, 

471.615, 2, 0, 0.379508, 

471.615, 3, 0, 0.379508, 

471.615, 4, 0, 0.379508, 

471.615, 5, 0, 0.379508, 

471.615, 6, 0, 0.379508, 

471.615, 7, 0, 0.379508, 

471.615, 8, 0, 0.379508, 

471.615, 9, 0, 0.379508, 

471.615, 10, 0, 0.379508, 

471.615, 11, 0, 0.379508, 

471.615, 12, 0, 0.379508, 

471.615, 13, 0, 0.379508, 

471.615, 14, 0, 0.379508, 

471.615, 15, 0, 0.379508, 

471.615, 16, 0, 0.379508, 

471.615, 17, 0, 0.379508, 

471.615, 18, 0, 0.379508, 

471.615, 19, 0, 0.379508, 

471.615, 20, 0, 0.379508, 

471.615, 21, 0, 0.379508, 

471.615, 22, 0, 0.379508, 

471.615, 23, 0, 0.379508, 

471.615, 24, 0, 0.379508, 

471.615, 25, 0, 0.379508, 

471.615, 26, 0, 0.379508, 

471.615, 27, 0, 0.379508, 

471.615, 28, 0, 0.379508, 

471.615, 29, 0, 0.379508, 

471.615, 30, 0, 0.379508, 

471.615, 31, 0, 0.379508, 

471.615, 32, 0, 0.379508, 

471.615, 33, 0, 0.379508, 

471.615, 34, 0, 0.379508, 

471.615, 35, 0, 0.379508, 

471.615, 36, 0, 0.379508, 

471.615, 37, 0, 0.379508, 

471.615, 38, 0, 0.379508, 

471.615, 39, 0, 0.379508, 

471.615, 40, 0, 0.379508, 

471.615, 41, 0, 0.379508, 

471.615, 42, 0, 0.379508, 

471.615, 43, 0, 0.379508, 

471.615, 44, 0, 0.379508, 

471.615, 45, 0, 0.379508, 

471.615, 46, 0, 0.379508, 

471.615, 47, 0, 0.379508, 

471.615, 48, 0, 0.379508, 

471.615, 49, 0, 0.379508, 

471.615, 50, 0, 0.379508, 

471.615, 51, 0, 0.379508, 

471.615, 52, 0, 0.379508, 

471.615, 53, 0, 0.379508, 

471.615, 54, 0, 0.379508, 

471.615, 55, 0, 0.379508, 

471.615, 56, 0, 0.379508, 

471.615, 57, 0, 0.379508, 

471.615, 58, 0, 0.379508, 

471.615, 59, 0, 0.379508, 

471.615, 60, 0, 0.379508, 

471.615, 61, 0, 0.379508, 

471.615, 62, 0, 0.379508, 

471.615, 63, 0, 0.379508, 

471.615, 64, 0, 0.379508, 

471.615, 65, 0, 0.379508, 

471.615, 66, 0, 0.379508, 

471.615, 67, 0, 0.379508, 

471.615, 68, 0, 0.379508, 

471.615, 69, 0, 0.379508, 

471.615, 70, 0, 0.379508, 

471.615, 71, 0, 0.379508, 

471.615, 72, 0, 0.379508, 

471.615, 73, 0, 0.379508, 

471.615, 74, 0, 0.379508, 

471.615, 75, 0, 0.379508, 

471.615, 76, 0, 0.379508, 

471.615, 77, 0, 0.379508, 

471.615, 78, 0, 0.379508, 

471.615, 79, 0, 0.379508, 

471.615, 80, 0, 0.379508, 

471.615, 81, 0, 0.379508, 

471.615, 82, 0, 0.379508, 

471.615, 83, 0, 0.379508, 

471.615, 84, 0, 0.379508, 

471.615, 85, 0, 0.379508, 

471.615, 86, 0, 0.379508, 

471.615, 87, 0, 0.379508, 

471.615, 88, 0, 0.379508, 

471.615, 89, 0, 0.379508, 

471.615, 90, 0, 0.379508, 

471.615, 91, 0, 0.379508, 

471.615, 92, 0, 0.379508, 

471.615, 93, 0, 0.379508, 

471.615, 94, 0, 0.379508, 

471.615, 95, 0, 0.379508, 

471.615, 96, 0, 0.379508, 

471.615, 97, 0, 0.379508, 

471.615, 98, 0, 0.379508, 

471.615, 99, 0, 0.379508, 

471.615, 100, 0, 0.379508, 

471.615, 101, 0, 0.379508, 

471.615, 102, 0, 0.379508, 

471.615, 103, 0, 0.379508, 

471.615, 104, 0, 0.379508, 

471.615, 105, 0, 0.379508, 

471.615, 106, 0, 0.379508, 

471.615, 107, 0, 0.379508, 

471.615, 108, 0, 0.379508, 

471.615, 109, 0, 0.379508, 

471.615, 110, 0, 0.379508, 

471.615, 111, 0, 0.379508, 

471.615, 112, 0, 0.379508, 

471.615, 113, 0, 0.379508, 

471.615, 114, 0, 0.379508, 

471.615, 115, 0, 0.379508, 

471.615, 116, 0, 0.379508, 

471.615, 117, 0, 0.379508, 

471.615, 118, 0, 0.379508, 

471.615, 119, 0, 0.379508, 

474.25, 0, 0, 0.379508, 

474.25, 1, 0, 0.379508, 

474.25, 2, 0, 0.379508, 

474.25, 3, 0, 0.379508, 

474.25, 4, 0, 0.379508, 

474.25, 5, 0, 0.379508, 

474.25, 6, 0, 0.379508, 

474.25, 7, 0, 0.379508, 

474.25, 8, 0, 0.379508, 

474.25, 9, 0, 0.379508, 

474.25, 10, 0, 0.379508, 

474.25, 11, 0, 0.379508, 

474.25, 12, 0, 0.379508, 

474.25, 13, 0, 0.379508, 

474.25, 14, 0, 0.379508, 

474.25, 15, 0, 0.379508, 

474.25, 16, 0, 0.379508, 

474.25, 17, 0, 0.379508, 

474.25, 18, 0, 0.379508, 

474.25, 19, 0, 0.379508, 

474.25, 20, 0, 0.379508, 

474.25, 21, 0, 0.379508, 

474.25, 22, 0, 0.379508, 

474.25, 23, 0, 0.379508, 

474.25, 24, 0, 0.379508, 

474.25, 25, 0, 0.379508, 

474.25, 26, 0, 0.379508, 

474.25, 27, 0, 0.379508, 

474.25, 28, 0, 0.379508, 

474.25, 29, 0, 0.379508, 

474.25, 30, 0, 0.379508, 

474.25, 31, 0, 0.379508, 

474.25, 32, 0, 0.379508, 

474.25, 33, 0, 0.379508, 

474.25, 34, 0, 0.379508, 

474.25, 35, 0, 0.379508, 

474.25, 36, 0, 0.379508, 

474.25, 37, 0, 0.379508, 

474.25, 38, 0, 0.379508, 

474.25, 39, 0, 0.379508, 

474.25, 40, 0, 0.379508, 

474.25, 41, 0, 0.379508, 

474.25, 42, 0, 0.379508, 

474.25, 43, 0, 0.379508, 

474.25, 44, 0, 0.379508, 

474.25, 45, 0, 0.379508, 

474.25, 46, 0, 0.379508, 

474.25, 47, 0, 0.379508, 

474.25, 48, 0, 0.379508, 

474.25, 49, 0, 0.379508, 

474.25, 50, 0, 0.379508, 

474.25, 51, 0, 0.379508, 

474.25, 52, 0, 0.379508, 

474.25, 53, 0, 0.379508, 

474.25, 54, 0, 0.379508, 

474.25, 55, 0, 0.379508, 

474.25, 56, 0, 0.379508, 

474.25, 57, 0, 0.379508, 

474.25, 58, 0, 0.379508, 

474.25, 59, 0, 0.379508, 

474.25, 60, 0, 0.379508, 

474.25, 61, 0, 0.379508, 

474.25, 62, 0, 0.379508, 

474.25, 63, 0, 0.379508, 

474.25, 64, 0, 0.379508, 

474.25, 65, 0, 0.379508, 

474.25, 66, 0, 0.379508, 

474.25, 67, 0, 0.379508, 

474.25, 68, 0, 0.379508, 

474.25, 69, 0, 0.379508, 

474.25, 70, 0, 0.379508, 

474.25, 71, 0, 0.379508, 

474.25, 72, 0, 0.379508, 

474.25, 73, 0, 0.379508, 

474.25, 74, 0, 0.379508, 

474.25, 75, 0, 0.379508, 

474.25, 76, 0, 0.379508, 

474.25, 77, 0, 0.379508, 

474.25, 78, 0, 0.379508, 

474.25, 79, 0, 0.379508, 

474.25, 80, 0, 0.379508, 

474.25, 81, 0, 0.379508, 

474.25, 82, 0, 0.379508, 

474.25, 83, 0, 0.379508, 

474.25, 84, 0, 0.379508, 

474.25, 85, 0, 0.379508, 

474.25, 86, 0, 0.379508, 

474.25, 87, 0, 0.379508, 

474.25, 88, 0, 0.379508, 

474.25, 89, 0, 0.379508, 

474.25, 90, 0, 0.379508, 

474.25, 91, 0, 0.379508, 

474.25, 92, 0, 0.379508, 

474.25, 93, 0, 0.379508, 

474.25, 94, 0, 0.379508, 

474.25, 95, 0, 0.379508, 

474.25, 96, 0, 0.379508, 

474.25, 97, 0, 0.379508, 

474.25, 98, 0, 0.379508, 

474.25, 99, 0, 0.379508, 

474.25, 100, 0, 0.379508, 

474.25, 101, 0, 0.379508, 

474.25, 102, 0, 0.379508, 

474.25, 103, 0, 0.379508, 

474.25, 104, 0, 0.379508, 

474.25, 105, 0, 0.379508, 

474.25, 106, 0, 0.379508, 

474.25, 107, 0, 0.379508, 

474.25, 108, 0, 0.379508, 

474.25, 109, 0, 0.379508, 

474.25, 110, 0, 0.379508, 

474.25, 111, 0, 0.379508, 

474.25, 112, 0, 0.379508, 

474.25, 113, 0, 0.379508, 

474.25, 114, 0, 0.379508, 

474.25, 115, 0, 0.379508, 

474.25, 116, 0, 0.379508, 

474.25, 117, 0, 0.379508, 

474.25, 118, 0, 0.379508, 

474.25, 119, 0, 0.379508, 

476.885, 0, 0, 0.379508, 

476.885, 1, 0, 0.379508, 

476.885, 2, 0, 0.379508, 

476.885, 3, 0, 0.379508, 

476.885, 4, 0, 0.379508, 

476.885, 5, 0, 0.379508, 

476.885, 6, 0, 0.379508, 

476.885, 7, 0, 0.379508, 

476.885, 8, 0, 0.379508, 

476.885, 9, 0, 0.379508, 

476.885, 10, 0, 0.379508, 

476.885, 11, 0, 0.379508, 

476.885, 12, 0, 0.379508, 

476.885, 13, 0, 0.379508, 

476.885, 14, 0, 0.379508, 

476.885, 15, 0, 0.379508, 

476.885, 16, 0, 0.379508, 

476.885, 17, 0, 0.379508, 

476.885, 18, 0, 0.379508, 

476.885, 19, 0, 0.379508, 

476.885, 20, 0, 0.379508, 

476.885, 21, 0, 0.379508, 

476.885, 22, 0, 0.379508, 

476.885, 23, 0, 0.379508, 

476.885, 24, 0, 0.379508, 

476.885, 25, 0, 0.379508, 

476.885, 26, 0, 0.379508, 

476.885, 27, 0, 0.379508, 

476.885, 28, 0, 0.379508, 

476.885, 29, 0, 0.379508, 

476.885, 30, 0, 0.379508, 

476.885, 31, 0, 0.379508, 

476.885, 32, 0, 0.379508, 

476.885, 33, 0, 0.379508, 

476.885, 34, 0, 0.379508, 

476.885, 35, 0, 0.379508, 

476.885, 36, 0, 0.379508, 

476.885, 37, 0, 0.379508, 

476.885, 38, 0, 0.379508, 

476.885, 39, 0, 0.379508, 

476.885, 40, 0, 0.379508, 

476.885, 41, 0, 0.379508, 

476.885, 42, 0, 0.379508, 

476.885, 43, 0, 0.379508, 

476.885, 44, 0, 0.379508, 

476.885, 45, 0, 0.379508, 

476.885, 46, 0, 0.379508, 

476.885, 47, 0, 0.379508, 

476.885, 48, 0, 0.379508, 

476.885, 49, 0, 0.379508, 

476.885, 50, 0, 0.379508, 

476.885, 51, 0, 0.379508, 

476.885, 52, 0, 0.379508, 

476.885, 53, 0, 0.379508, 

476.885, 54, 0, 0.379508, 

476.885, 55, 0, 0.379508, 

476.885, 56, 0, 0.379508, 

476.885, 57, 0, 0.379508, 

476.885, 58, 0, 0.379508, 

476.885, 59, 0, 0.379508, 

476.885, 60, 0, 0.379508, 

476.885, 61, 0, 0.379508, 

476.885, 62, 0, 0.379508, 

476.885, 63, 0, 0.379508, 

476.885, 64, 0, 0.379508, 

476.885, 65, 0, 0.379508, 

476.885, 66, 0, 0.379508, 

476.885, 67, 0, 0.379508, 

476.885, 68, 0, 0.379508, 

476.885, 69, 0, 0.379508, 

476.885, 70, 0, 0.379508, 

476.885, 71, 0, 0.379508, 

476.885, 72, 0, 0.379508, 

476.885, 73, 0, 0.379508, 

476.885, 74, 0, 0.379508, 

476.885, 75, 0, 0.379508, 

476.885, 76, 0, 0.379508, 

476.885, 77, 0, 0.379508, 

476.885, 78, 0, 0.379508, 

476.885, 79, 0, 0.379508, 

476.885, 80, 0, 0.379508, 

476.885, 81, 0, 0.379508, 

476.885, 82, 0, 0.379508, 

476.885, 83, 0, 0.379508, 

476.885, 84, 0, 0.379508, 

476.885, 85, 0, 0.379508, 

476.885, 86, 0, 0.379508, 

476.885, 87, 0, 0.379508, 

476.885, 88, 0, 0.379508, 

476.885, 89, 0, 0.379508, 

476.885, 90, 0, 0.379508, 

476.885, 91, 0, 0.379508, 

476.885, 92, 0, 0.379508, 

476.885, 93, 0, 0.379508, 

476.885, 94, 0, 0.379508, 

476.885, 95, 0, 0.379508, 

476.885, 96, 0, 0.379508, 

476.885, 97, 0, 0.379508, 

476.885, 98, 0, 0.379508, 

476.885, 99, 0, 0.379508, 

476.885, 100, 0, 0.379508, 

476.885, 101, 0, 0.379508, 

476.885, 102, 0, 0.379508, 

476.885, 103, 0, 0.379508, 

476.885, 104, 0, 0.379508, 

476.885, 105, 0, 0.379508, 

476.885, 106, 0, 0.379508, 

476.885, 107, 0, 0.379508, 

476.885, 108, 0, 0.379508, 

476.885, 109, 0, 0.379508, 

476.885, 110, 0, 0.379508, 

476.885, 111, 0, 0.379508, 

476.885, 112, 0, 0.379508, 

476.885, 113, 0, 0.379508, 

476.885, 114, 0, 0.379508, 

476.885, 115, 0, 0.379508, 

476.885, 116, 0, 0.379508, 

476.885, 117, 0, 0.379508, 

476.885, 118, 0, 0.379508, 

476.885, 119, 0, 0.379508, 

479.519, 0, 0, 0.379508, 

479.519, 1, 0, 0.379508, 

479.519, 2, 0, 0.379508, 

479.519, 3, 0, 0.379508, 

479.519, 4, 0, 0.379508, 

479.519, 5, 0, 0.379508, 

479.519, 6, 0, 0.379508, 

479.519, 7, 0, 0.379508, 

479.519, 8, 0, 0.379508, 

479.519, 9, 0, 0.379508, 

479.519, 10, 0, 0.379508, 

479.519, 11, 0, 0.379508, 

479.519, 12, 0, 0.379508, 

479.519, 13, 0, 0.379508, 

479.519, 14, 0, 0.379508, 

479.519, 15, 0, 0.379508, 

479.519, 16, 0, 0.379508, 

479.519, 17, 0, 0.379508, 

479.519, 18, 0, 0.379508, 

479.519, 19, 0, 0.379508, 

479.519, 20, 0, 0.379508, 

479.519, 21, 0, 0.379508, 

479.519, 22, 0, 0.379508, 

479.519, 23, 0, 0.379508, 

479.519, 24, 0, 0.379508, 

479.519, 25, 0, 0.379508, 

479.519, 26, 0, 0.379508, 

479.519, 27, 0, 0.379508, 

479.519, 28, 0, 0.379508, 

479.519, 29, 0, 0.379508, 

479.519, 30, 0, 0.379508, 

479.519, 31, 0, 0.379508, 

479.519, 32, 0, 0.379508, 

479.519, 33, 0, 0.379508, 

479.519, 34, 0, 0.379508, 

479.519, 35, 0, 0.379508, 

479.519, 36, 0, 0.379508, 

479.519, 37, 0, 0.379508, 

479.519, 38, 0, 0.379508, 

479.519, 39, 0, 0.379508, 

479.519, 40, 0, 0.379508, 

479.519, 41, 0, 0.379508, 

479.519, 42, 0, 0.379508, 

479.519, 43, 0, 0.379508, 

479.519, 44, 0, 0.379508, 

479.519, 45, 0, 0.379508, 

479.519, 46, 0, 0.379508, 

479.519, 47, 0, 0.379508, 

479.519, 48, 0, 0.379508, 

479.519, 49, 0, 0.379508, 

479.519, 50, 0, 0.379508, 

479.519, 51, 0, 0.379508, 

479.519, 52, 0, 0.379508, 

479.519, 53, 0, 0.379508, 

479.519, 54, 0, 0.379508, 

479.519, 55, 0, 0.379508, 

479.519, 56, 0, 0.379508, 

479.519, 57, 0, 0.379508, 

479.519, 58, 0, 0.379508, 

479.519, 59, 0, 0.379508, 

479.519, 60, 0, 0.379508, 

479.519, 61, 0, 0.379508, 

479.519, 62, 0, 0.379508, 

479.519, 63, 0, 0.379508, 

479.519, 64, 0, 0.379508, 

479.519, 65, 0, 0.379508, 

479.519, 66, 0, 0.379508, 

479.519, 67, 0, 0.379508, 

479.519, 68, 0, 0.379508, 

479.519, 69, 0, 0.379508, 

479.519, 70, 0, 0.379508, 

479.519, 71, 0, 0.379508, 

479.519, 72, 0, 0.379508, 

479.519, 73, 0, 0.379508, 

479.519, 74, 0, 0.379508, 

479.519, 75, 0, 0.379508, 

479.519, 76, 0, 0.379508, 

479.519, 77, 0, 0.379508, 

479.519, 78, 0, 0.379508, 

479.519, 79, 0, 0.379508, 

479.519, 80, 0, 0.379508, 

479.519, 81, 0, 0.379508, 

479.519, 82, 0, 0.379508, 

479.519, 83, 0, 0.379508, 

479.519, 84, 0, 0.379508, 

479.519, 85, 0, 0.379508, 

479.519, 86, 0, 0.379508, 

479.519, 87, 0, 0.379508, 

479.519, 88, 0, 0.379508, 

479.519, 89, 0, 0.379508, 

479.519, 90, 0, 0.379508, 

479.519, 91, 0, 0.379508, 

479.519, 92, 0, 0.379508, 

479.519, 93, 0, 0.379508, 

479.519, 94, 0, 0.379508, 

479.519, 95, 0, 0.379508, 

479.519, 96, 0, 0.379508, 

479.519, 97, 0, 0.379508, 

479.519, 98, 0, 0.379508, 

479.519, 99, 0, 0.379508, 

479.519, 100, 0, 0.379508, 

479.519, 101, 0, 0.379508, 

479.519, 102, 0, 0.379508, 

479.519, 103, 0, 0.379508, 

479.519, 104, 0, 0.379508, 

479.519, 105, 0, 0.379508, 

479.519, 106, 0, 0.379508, 

479.519, 107, 0, 0.379508, 

479.519, 108, 0, 0.379508, 

479.519, 109, 0, 0.379508, 

479.519, 110, 0, 0.379508, 

479.519, 111, 0, 0.379508, 

479.519, 112, 0, 0.379508, 

479.519, 113, 0, 0.379508, 

479.519, 114, 0, 0.379508, 

479.519, 115, 0, 0.379508, 

479.519, 116, 0, 0.379508, 

479.519, 117, 0, 0.379508, 

479.519, 118, 0, 0.379508, 

479.519, 119, 0, 0.379508, 

482.154, 0, 0, 0.379508, 

482.154, 1, 0, 0.379508, 

482.154, 2, 0, 0.379508, 

482.154, 3, 0, 0.379508, 

482.154, 4, 0, 0.379508, 

482.154, 5, 0, 0.379508, 

482.154, 6, 0, 0.379508, 

482.154, 7, 0, 0.379508, 

482.154, 8, 0, 0.379508, 

482.154, 9, 0, 0.379508, 

482.154, 10, 0, 0.379508, 

482.154, 11, 0, 0.379508, 

482.154, 12, 0, 0.379508, 

482.154, 13, 0, 0.379508, 

482.154, 14, 0, 0.379508, 

482.154, 15, 0, 0.379508, 

482.154, 16, 0, 0.379508, 

482.154, 17, 0, 0.379508, 

482.154, 18, 0, 0.379508, 

482.154, 19, 0, 0.379508, 

482.154, 20, 0, 0.379508, 

482.154, 21, 0, 0.379508, 

482.154, 22, 0, 0.379508, 

482.154, 23, 0, 0.379508, 

482.154, 24, 0, 0.379508, 

482.154, 25, 0, 0.379508, 

482.154, 26, 0, 0.379508, 

482.154, 27, 0, 0.379508, 

482.154, 28, 0, 0.379508, 

482.154, 29, 0, 0.379508, 

482.154, 30, 0, 0.379508, 

482.154, 31, 0, 0.379508, 

482.154, 32, 0, 0.379508, 

482.154, 33, 0, 0.379508, 

482.154, 34, 0, 0.379508, 

482.154, 35, 0, 0.379508, 

482.154, 36, 0, 0.379508, 

482.154, 37, 0, 0.379508, 

482.154, 38, 0, 0.379508, 

482.154, 39, 0, 0.379508, 

482.154, 40, 0, 0.379508, 

482.154, 41, 0, 0.379508, 

482.154, 42, 0, 0.379508, 

482.154, 43, 0, 0.379508, 

482.154, 44, 0, 0.379508, 

482.154, 45, 0, 0.379508, 

482.154, 46, 0, 0.379508, 

482.154, 47, 0, 0.379508, 

482.154, 48, 0, 0.379508, 

482.154, 49, 0, 0.379508, 

482.154, 50, 0, 0.379508, 

482.154, 51, 0, 0.379508, 

482.154, 52, 0, 0.379508, 

482.154, 53, 0, 0.379508, 

482.154, 54, 0, 0.379508, 

482.154, 55, 0, 0.379508, 

482.154, 56, 0, 0.379508, 

482.154, 57, 0, 0.379508, 

482.154, 58, 0, 0.379508, 

482.154, 59, 0, 0.379508, 

482.154, 60, 0, 0.379508, 

482.154, 61, 0, 0.379508, 

482.154, 62, 0, 0.379508, 

482.154, 63, 0, 0.379508, 

482.154, 64, 0, 0.379508, 

482.154, 65, 0, 0.379508, 

482.154, 66, 0, 0.379508, 

482.154, 67, 0, 0.379508, 

482.154, 68, 0, 0.379508, 

482.154, 69, 0, 0.379508, 

482.154, 70, 0, 0.379508, 

482.154, 71, 0, 0.379508, 

482.154, 72, 0, 0.379508, 

482.154, 73, 0, 0.379508, 

482.154, 74, 0, 0.379508, 

482.154, 75, 0, 0.379508, 

482.154, 76, 0, 0.379508, 

482.154, 77, 0, 0.379508, 

482.154, 78, 0, 0.379508, 

482.154, 79, 0, 0.379508, 

482.154, 80, 0, 0.379508, 

482.154, 81, 0, 0.379508, 

482.154, 82, 0, 0.379508, 

482.154, 83, 0, 0.379508, 

482.154, 84, 0, 0.379508, 

482.154, 85, 0, 0.379508, 

482.154, 86, 0, 0.379508, 

482.154, 87, 0, 0.379508, 

482.154, 88, 0, 0.379508, 

482.154, 89, 0, 0.379508, 

482.154, 90, 0, 0.379508, 

482.154, 91, 0, 0.379508, 

482.154, 92, 0, 0.379508, 

482.154, 93, 0, 0.379508, 

482.154, 94, 0, 0.379508, 

482.154, 95, 0, 0.379508, 

482.154, 96, 0, 0.379508, 

482.154, 97, 0, 0.379508, 

482.154, 98, 0, 0.379508, 

482.154, 99, 0, 0.379508, 

482.154, 100, 0, 0.379508, 

482.154, 101, 0, 0.379508, 

482.154, 102, 0, 0.379508, 

482.154, 103, 0, 0.379508, 

482.154, 104, 0, 0.379508, 

482.154, 105, 0, 0.379508, 

482.154, 106, 0, 0.379508, 

482.154, 107, 0, 0.379508, 

482.154, 108, 0, 0.379508, 

482.154, 109, 0, 0.379508, 

482.154, 110, 0, 0.379508, 

482.154, 111, 0, 0.379508, 

482.154, 112, 0, 0.379508, 

482.154, 113, 0, 0.379508, 

482.154, 114, 0, 0.379508, 

482.154, 115, 0, 0.379508, 

482.154, 116, 0, 0.379508, 

482.154, 117, 0, 0.379508, 

482.154, 118, 0, 0.379508, 

482.154, 119, 0, 0.379508, 

484.789, 0, 0, 0.379508, 

484.789, 1, 0, 0.379508, 

484.789, 2, 0, 0.379508, 

484.789, 3, 0, 0.379508, 

484.789, 4, 0, 0.379508, 

484.789, 5, 0, 0.379508, 

484.789, 6, 0, 0.379508, 

484.789, 7, 0, 0.379508, 

484.789, 8, 0, 0.379508, 

484.789, 9, 0, 0.379508, 

484.789, 10, 0, 0.379508, 

484.789, 11, 0, 0.379508, 

484.789, 12, 0, 0.379508, 

484.789, 13, 0, 0.379508, 

484.789, 14, 0, 0.379508, 

484.789, 15, 0, 0.379508, 

484.789, 16, 0, 0.379508, 

484.789, 17, 0, 0.379508, 

484.789, 18, 0, 0.379508, 

484.789, 19, 0, 0.379508, 

484.789, 20, 0, 0.379508, 

484.789, 21, 0, 0.379508, 

484.789, 22, 0, 0.379508, 

484.789, 23, 0, 0.379508, 

484.789, 24, 0, 0.379508, 

484.789, 25, 0, 0.379508, 

484.789, 26, 0, 0.379508, 

484.789, 27, 0, 0.379508, 

484.789, 28, 0, 0.379508, 

484.789, 29, 0, 0.379508, 

484.789, 30, 0, 0.379508, 

484.789, 31, 0, 0.379508, 

484.789, 32, 0, 0.379508, 

484.789, 33, 0, 0.379508, 

484.789, 34, 0, 0.379508, 

484.789, 35, 0, 0.379508, 

484.789, 36, 0, 0.379508, 

484.789, 37, 0, 0.379508, 

484.789, 38, 0, 0.379508, 

484.789, 39, 0, 0.379508, 

484.789, 40, 0, 0.379508, 

484.789, 41, 0, 0.379508, 

484.789, 42, 0, 0.379508, 

484.789, 43, 0, 0.379508, 

484.789, 44, 0, 0.379508, 

484.789, 45, 0, 0.379508, 

484.789, 46, 0, 0.379508, 

484.789, 47, 0, 0.379508, 

484.789, 48, 0, 0.379508, 

484.789, 49, 0, 0.379508, 

484.789, 50, 0, 0.379508, 

484.789, 51, 0, 0.379508, 

484.789, 52, 0, 0.379508, 

484.789, 53, 0, 0.379508, 

484.789, 54, 0, 0.379508, 

484.789, 55, 0, 0.379508, 

484.789, 56, 0, 0.379508, 

484.789, 57, 0, 0.379508, 

484.789, 58, 0, 0.379508, 

484.789, 59, 0, 0.379508, 

484.789, 60, 0, 0.379508, 

484.789, 61, 0, 0.379508, 

484.789, 62, 0, 0.379508, 

484.789, 63, 0, 0.379508, 

484.789, 64, 0, 0.379508, 

484.789, 65, 0, 0.379508, 

484.789, 66, 0, 0.379508, 

484.789, 67, 0, 0.379508, 

484.789, 68, 0, 0.379508, 

484.789, 69, 0, 0.379508, 

484.789, 70, 0, 0.379508, 

484.789, 71, 0, 0.379508, 

484.789, 72, 0, 0.379508, 

484.789, 73, 0, 0.379508, 

484.789, 74, 0, 0.379508, 

484.789, 75, 0, 0.379508, 

484.789, 76, 0, 0.379508, 

484.789, 77, 0, 0.379508, 

484.789, 78, 0, 0.379508, 

484.789, 79, 0, 0.379508, 

484.789, 80, 0, 0.379508, 

484.789, 81, 0, 0.379508, 

484.789, 82, 0, 0.379508, 

484.789, 83, 0, 0.379508, 

484.789, 84, 0, 0.379508, 

484.789, 85, 0, 0.379508, 

484.789, 86, 0, 0.379508, 

484.789, 87, 0, 0.379508, 

484.789, 88, 0, 0.379508, 

484.789, 89, 0, 0.379508, 

484.789, 90, 0, 0.379508, 

484.789, 91, 0, 0.379508, 

484.789, 92, 0, 0.379508, 

484.789, 93, 0, 0.379508, 

484.789, 94, 0, 0.379508, 

484.789, 95, 0, 0.379508, 

484.789, 96, 0, 0.379508, 

484.789, 97, 0, 0.379508, 

484.789, 98, 0, 0.379508, 

484.789, 99, 0, 0.379508, 

484.789, 100, 0, 0.379508, 

484.789, 101, 0, 0.379508, 

484.789, 102, 0, 0.379508, 

484.789, 103, 0, 0.379508, 

484.789, 104, 0, 0.379508, 

484.789, 105, 0, 0.379508, 

484.789, 106, 0, 0.379508, 

484.789, 107, 0, 0.379508, 

484.789, 108, 0, 0.379508, 

484.789, 109, 0, 0.379508, 

484.789, 110, 0, 0.379508, 

484.789, 111, 0, 0.379508, 

484.789, 112, 0, 0.379508, 

484.789, 113, 0, 0.379508, 

484.789, 114, 0, 0.379508, 

484.789, 115, 0, 0.379508, 

484.789, 116, 0, 0.379508, 

484.789, 117, 0, 0.379508, 

484.789, 118, 0, 0.379508, 

484.789, 119, 0, 0.379508, 

487.424, 0, 0, 0.379508, 

487.424, 1, 0, 0.379508, 

487.424, 2, 0, 0.379508, 

487.424, 3, 0, 0.379508, 

487.424, 4, 0, 0.379508, 

487.424, 5, 0, 0.379508, 

487.424, 6, 0, 0.379508, 

487.424, 7, 0, 0.379508, 

487.424, 8, 0, 0.379508, 

487.424, 9, 0, 0.379508, 

487.424, 10, 0, 0.379508, 

487.424, 11, 0, 0.379508, 

487.424, 12, 0, 0.379508, 

487.424, 13, 0, 0.379508, 

487.424, 14, 0, 0.379508, 

487.424, 15, 0, 0.379508, 

487.424, 16, 0, 0.379508, 

487.424, 17, 0, 0.379508, 

487.424, 18, 0, 0.379508, 

487.424, 19, 0, 0.379508, 

487.424, 20, 0, 0.379508, 

487.424, 21, 0, 0.379508, 

487.424, 22, 0, 0.379508, 

487.424, 23, 0, 0.379508, 

487.424, 24, 0, 0.379508, 

487.424, 25, 0, 0.379508, 

487.424, 26, 0, 0.379508, 

487.424, 27, 0, 0.379508, 

487.424, 28, 0, 0.379508, 

487.424, 29, 0, 0.379508, 

487.424, 30, 0, 0.379508, 

487.424, 31, 0, 0.379508, 

487.424, 32, 0, 0.379508, 

487.424, 33, 0, 0.379508, 

487.424, 34, 0, 0.379508, 

487.424, 35, 0, 0.379508, 

487.424, 36, 0, 0.379508, 

487.424, 37, 0, 0.379508, 

487.424, 38, 0, 0.379508, 

487.424, 39, 0, 0.379508, 

487.424, 40, 0, 0.379508, 

487.424, 41, 0, 0.379508, 

487.424, 42, 0, 0.379508, 

487.424, 43, 0, 0.379508, 

487.424, 44, 0, 0.379508, 

487.424, 45, 0, 0.379508, 

487.424, 46, 0, 0.379508, 

487.424, 47, 0, 0.379508, 

487.424, 48, 0, 0.379508, 

487.424, 49, 0, 0.379508, 

487.424, 50, 0, 0.379508, 

487.424, 51, 0, 0.379508, 

487.424, 52, 0, 0.379508, 

487.424, 53, 0, 0.379508, 

487.424, 54, 0, 0.379508, 

487.424, 55, 0, 0.379508, 

487.424, 56, 0, 0.379508, 

487.424, 57, 0, 0.379508, 

487.424, 58, 0, 0.379508, 

487.424, 59, 0, 0.379508, 

487.424, 60, 0, 0.379508, 

487.424, 61, 0, 0.379508, 

487.424, 62, 0, 0.379508, 

487.424, 63, 0, 0.379508, 

487.424, 64, 0, 0.379508, 

487.424, 65, 0, 0.379508, 

487.424, 66, 0, 0.379508, 

487.424, 67, 0, 0.379508, 

487.424, 68, 0, 0.379508, 

487.424, 69, 0, 0.379508, 

487.424, 70, 0, 0.379508, 

487.424, 71, 0, 0.379508, 

487.424, 72, 0, 0.379508, 

487.424, 73, 0, 0.379508, 

487.424, 74, 0, 0.379508, 

487.424, 75, 0, 0.379508, 

487.424, 76, 0, 0.379508, 

487.424, 77, 0, 0.379508, 

487.424, 78, 0, 0.379508, 

487.424, 79, 0, 0.379508, 

487.424, 80, 0, 0.379508, 

487.424, 81, 0, 0.379508, 

487.424, 82, 0, 0.379508, 

487.424, 83, 0, 0.379508, 

487.424, 84, 0, 0.379508, 

487.424, 85, 0, 0.379508, 

487.424, 86, 0, 0.379508, 

487.424, 87, 0, 0.379508, 

487.424, 88, 0, 0.379508, 

487.424, 89, 0, 0.379508, 

487.424, 90, 0, 0.379508, 

487.424, 91, 0, 0.379508, 

487.424, 92, 0, 0.379508, 

487.424, 93, 0, 0.379508, 

487.424, 94, 0, 0.379508, 

487.424, 95, 0, 0.379508, 

487.424, 96, 0, 0.379508, 

487.424, 97, 0, 0.379508, 

487.424, 98, 0, 0.379508, 

487.424, 99, 0, 0.379508, 

487.424, 100, 0, 0.379508, 

487.424, 101, 0, 0.379508, 

487.424, 102, 0, 0.379508, 

487.424, 103, 0, 0.379508, 

487.424, 104, 0, 0.379508, 

487.424, 105, 0, 0.379508, 

487.424, 106, 0, 0.379508, 

487.424, 107, 0, 0.379508, 

487.424, 108, 0, 0.379508, 

487.424, 109, 0, 0.379508, 

487.424, 110, 0, 0.379508, 

487.424, 111, 0, 0.379508, 

487.424, 112, 0, 0.379508, 

487.424, 113, 0, 0.379508, 

487.424, 114, 0, 0.379508, 

487.424, 115, 0, 0.379508, 

487.424, 116, 0, 0.379508, 

487.424, 117, 0, 0.379508, 

487.424, 118, 0, 0.379508, 

487.424, 119, 0, 0.379508, 

490.058, 0, 0, 0.379508, 

490.058, 1, 0, 0.379508, 

490.058, 2, 0, 0.379508, 

490.058, 3, 0, 0.379508, 

490.058, 4, 0, 0.379508, 

490.058, 5, 0, 0.379508, 

490.058, 6, 0, 0.379508, 

490.058, 7, 0, 0.379508, 

490.058, 8, 0, 0.379508, 

490.058, 9, 0, 0.379508, 

490.058, 10, 0, 0.379508, 

490.058, 11, 0, 0.379508, 

490.058, 12, 0, 0.379508, 

490.058, 13, 0, 0.379508, 

490.058, 14, 0, 0.379508, 

490.058, 15, 0, 0.379508, 

490.058, 16, 0, 0.379508, 

490.058, 17, 0, 0.379508, 

490.058, 18, 0, 0.379508, 

490.058, 19, 0, 0.379508, 

490.058, 20, 0, 0.379508, 

490.058, 21, 0, 0.379508, 

490.058, 22, 0, 0.379508, 

490.058, 23, 0, 0.379508, 

490.058, 24, 0, 0.379508, 

490.058, 25, 0, 0.379508, 

490.058, 26, 0, 0.379508, 

490.058, 27, 0, 0.379508, 

490.058, 28, 0, 0.379508, 

490.058, 29, 0, 0.379508, 

490.058, 30, 0, 0.379508, 

490.058, 31, 0, 0.379508, 

490.058, 32, 0, 0.379508, 

490.058, 33, 0, 0.379508, 

490.058, 34, 0, 0.379508, 

490.058, 35, 0, 0.379508, 

490.058, 36, 0, 0.379508, 

490.058, 37, 0, 0.379508, 

490.058, 38, 0, 0.379508, 

490.058, 39, 0, 0.379508, 

490.058, 40, 0, 0.379508, 

490.058, 41, 0, 0.379508, 

490.058, 42, 0, 0.379508, 

490.058, 43, 0, 0.379508, 

490.058, 44, 0, 0.379508, 

490.058, 45, 0, 0.379508, 

490.058, 46, 0, 0.379508, 

490.058, 47, 0, 0.379508, 

490.058, 48, 0, 0.379508, 

490.058, 49, 0, 0.379508, 

490.058, 50, 0, 0.379508, 

490.058, 51, 0, 0.379508, 

490.058, 52, 0, 0.379508, 

490.058, 53, 0, 0.379508, 

490.058, 54, 0, 0.379508, 

490.058, 55, 0, 0.379508, 

490.058, 56, 0, 0.379508, 

490.058, 57, 0, 0.379508, 

490.058, 58, 0, 0.379508, 

490.058, 59, 0, 0.379508, 

490.058, 60, 0, 0.379508, 

490.058, 61, 0, 0.379508, 

490.058, 62, 0, 0.379508, 

490.058, 63, 0, 0.379508, 

490.058, 64, 0, 0.379508, 

490.058, 65, 0, 0.379508, 

490.058, 66, 0, 0.379508, 

490.058, 67, 0, 0.379508, 

490.058, 68, 0, 0.379508, 

490.058, 69, 0, 0.379508, 

490.058, 70, 0, 0.379508, 

490.058, 71, 0, 0.379508, 

490.058, 72, 0, 0.379508, 

490.058, 73, 0, 0.379508, 

490.058, 74, 0, 0.379508, 

490.058, 75, 0, 0.379508, 

490.058, 76, 0, 0.379508, 

490.058, 77, 0, 0.379508, 

490.058, 78, 0, 0.379508, 

490.058, 79, 0, 0.379508, 

490.058, 80, 0, 0.379508, 

490.058, 81, 0, 0.379508, 

490.058, 82, 0, 0.379508, 

490.058, 83, 0, 0.379508, 

490.058, 84, 0, 0.379508, 

490.058, 85, 0, 0.379508, 

490.058, 86, 0, 0.379508, 

490.058, 87, 0, 0.379508, 

490.058, 88, 0, 0.379508, 

490.058, 89, 0, 0.379508, 

490.058, 90, 0, 0.379508, 

490.058, 91, 0, 0.379508, 

490.058, 92, 0, 0.379508, 

490.058, 93, 0, 0.379508, 

490.058, 94, 0, 0.379508, 

490.058, 95, 0, 0.379508, 

490.058, 96, 0, 0.379508, 

490.058, 97, 0, 0.379508, 

490.058, 98, 0, 0.379508, 

490.058, 99, 0, 0.379508, 

490.058, 100, 0, 0.379508, 

490.058, 101, 0, 0.379508, 

490.058, 102, 0, 0.379508, 

490.058, 103, 0, 0.379508, 

490.058, 104, 0, 0.379508, 

490.058, 105, 0, 0.379508, 

490.058, 106, 0, 0.379508, 

490.058, 107, 0, 0.379508, 

490.058, 108, 0, 0.379508, 

490.058, 109, 0, 0.379508, 

490.058, 110, 0, 0.379508, 

490.058, 111, 0, 0.379508, 

490.058, 112, 0, 0.379508, 

490.058, 113, 0, 0.379508, 

490.058, 114, 0, 0.379508, 

490.058, 115, 0, 0.379508, 

490.058, 116, 0, 0.379508, 

490.058, 117, 0, 0.379508, 

490.058, 118, 0, 0.379508, 

490.058, 119, 0, 0.379508, 

492.693, 0, 0, 0.379508, 

492.693, 1, 0, 0.379508, 

492.693, 2, 0, 0.379508, 

492.693, 3, 0, 0.379508, 

492.693, 4, 0, 0.379508, 

492.693, 5, 0, 0.379508, 

492.693, 6, 0, 0.379508, 

492.693, 7, 0, 0.379508, 

492.693, 8, 0, 0.379508, 

492.693, 9, 0, 0.379508, 

492.693, 10, 0, 0.379508, 

492.693, 11, 0, 0.379508, 

492.693, 12, 0, 0.379508, 

492.693, 13, 0, 0.379508, 

492.693, 14, 0, 0.379508, 

492.693, 15, 0, 0.379508, 

492.693, 16, 0, 0.379508, 

492.693, 17, 0, 0.379508, 

492.693, 18, 0, 0.379508, 

492.693, 19, 0, 0.379508, 

492.693, 20, 0, 0.379508, 

492.693, 21, 0, 0.379508, 

492.693, 22, 0, 0.379508, 

492.693, 23, 0, 0.379508, 

492.693, 24, 0, 0.379508, 

492.693, 25, 0, 0.379508, 

492.693, 26, 0, 0.379508, 

492.693, 27, 0, 0.379508, 

492.693, 28, 0, 0.379508, 

492.693, 29, 0, 0.379508, 

492.693, 30, 0, 0.379508, 

492.693, 31, 0, 0.379508, 

492.693, 32, 0, 0.379508, 

492.693, 33, 0, 0.379508, 

492.693, 34, 0, 0.379508, 

492.693, 35, 0, 0.379508, 

492.693, 36, 0, 0.379508, 

492.693, 37, 0, 0.379508, 

492.693, 38, 0, 0.379508, 

492.693, 39, 0, 0.379508, 

492.693, 40, 0, 0.379508, 

492.693, 41, 0, 0.379508, 

492.693, 42, 0, 0.379508, 

492.693, 43, 0, 0.379508, 

492.693, 44, 0, 0.379508, 

492.693, 45, 0, 0.379508, 

492.693, 46, 0, 0.379508, 

492.693, 47, 0, 0.379508, 

492.693, 48, 0, 0.379508, 

492.693, 49, 0, 0.379508, 

492.693, 50, 0, 0.379508, 

492.693, 51, 0, 0.379508, 

492.693, 52, 0, 0.379508, 

492.693, 53, 0, 0.379508, 

492.693, 54, 0, 0.379508, 

492.693, 55, 0, 0.379508, 

492.693, 56, 0, 0.379508, 

492.693, 57, 0, 0.379508, 

492.693, 58, 0, 0.379508, 

492.693, 59, 0, 0.379508, 

492.693, 60, 0, 0.379508, 

492.693, 61, 0, 0.379508, 

492.693, 62, 0, 0.379508, 

492.693, 63, 0, 0.379508, 

492.693, 64, 0, 0.379508, 

492.693, 65, 0, 0.379508, 

492.693, 66, 0, 0.379508, 

492.693, 67, 0, 0.379508, 

492.693, 68, 0, 0.379508, 

492.693, 69, 0, 0.379508, 

492.693, 70, 0, 0.379508, 

492.693, 71, 0, 0.379508, 

492.693, 72, 0, 0.379508, 

492.693, 73, 0, 0.379508, 

492.693, 74, 0, 0.379508, 

492.693, 75, 0, 0.379508, 

492.693, 76, 0, 0.379508, 

492.693, 77, 0, 0.379508, 

492.693, 78, 0, 0.379508, 

492.693, 79, 0, 0.379508, 

492.693, 80, 0, 0.379508, 

492.693, 81, 0, 0.379508, 

492.693, 82, 0, 0.379508, 

492.693, 83, 0, 0.379508, 

492.693, 84, 0, 0.379508, 

492.693, 85, 0, 0.379508, 

492.693, 86, 0, 0.379508, 

492.693, 87, 0, 0.379508, 

492.693, 88, 0, 0.379508, 

492.693, 89, 0, 0.379508, 

492.693, 90, 0, 0.379508, 

492.693, 91, 0, 0.379508, 

492.693, 92, 0, 0.379508, 

492.693, 93, 0, 0.379508, 

492.693, 94, 0, 0.379508, 

492.693, 95, 0, 0.379508, 

492.693, 96, 0, 0.379508, 

492.693, 97, 0, 0.379508, 

492.693, 98, 0, 0.379508, 

492.693, 99, 0, 0.379508, 

492.693, 100, 0, 0.379508, 

492.693, 101, 0, 0.379508, 

492.693, 102, 0, 0.379508, 

492.693, 103, 0, 0.379508, 

492.693, 104, 0, 0.379508, 

492.693, 105, 0, 0.379508, 

492.693, 106, 0, 0.379508, 

492.693, 107, 0, 0.379508, 

492.693, 108, 0, 0.379508, 

492.693, 109, 0, 0.379508, 

492.693, 110, 0, 0.379508, 

492.693, 111, 0, 0.379508, 

492.693, 112, 0, 0.379508, 

492.693, 113, 0, 0.379508, 

492.693, 114, 0, 0.379508, 

492.693, 115, 0, 0.379508, 

492.693, 116, 0, 0.379508, 

492.693, 117, 0, 0.379508, 

492.693, 118, 0, 0.379508, 

492.693, 119, 0, 0.379508, 

495.328, 0, 0, 0.379509, 

495.328, 1, 0, 0.379509, 

495.328, 2, 0, 0.379509, 

495.328, 3, 0, 0.379509, 

495.328, 4, 0, 0.379509, 

495.328, 5, 0, 0.379509, 

495.328, 6, 0, 0.379509, 

495.328, 7, 0, 0.379509, 

495.328, 8, 0, 0.379509, 

495.328, 9, 0, 0.379509, 

495.328, 10, 0, 0.379509, 

495.328, 11, 0, 0.379509, 

495.328, 12, 0, 0.379509, 

495.328, 13, 0, 0.379509, 

495.328, 14, 0, 0.379509, 

495.328, 15, 0, 0.379509, 

495.328, 16, 0, 0.379509, 

495.328, 17, 0, 0.379509, 

495.328, 18, 0, 0.379509, 

495.328, 19, 0, 0.379509, 

495.328, 20, 0, 0.379509, 

495.328, 21, 0, 0.379509, 

495.328, 22, 0, 0.379509, 

495.328, 23, 0, 0.379509, 

495.328, 24, 0, 0.379509, 

495.328, 25, 0, 0.379509, 

495.328, 26, 0, 0.379509, 

495.328, 27, 0, 0.379509, 

495.328, 28, 0, 0.379509, 

495.328, 29, 0, 0.379509, 

495.328, 30, 0, 0.379509, 

495.328, 31, 0, 0.379509, 

495.328, 32, 0, 0.379509, 

495.328, 33, 0, 0.379509, 

495.328, 34, 0, 0.379509, 

495.328, 35, 0, 0.379509, 

495.328, 36, 0, 0.379509, 

495.328, 37, 0, 0.379509, 

495.328, 38, 0, 0.379509, 

495.328, 39, 0, 0.379509, 

495.328, 40, 0, 0.379509, 

495.328, 41, 0, 0.379509, 

495.328, 42, 0, 0.379509, 

495.328, 43, 0, 0.379509, 

495.328, 44, 0, 0.379509, 

495.328, 45, 0, 0.379509, 

495.328, 46, 0, 0.379509, 

495.328, 47, 0, 0.379509, 

495.328, 48, 0, 0.379509, 

495.328, 49, 0, 0.379509, 

495.328, 50, 0, 0.379509, 

495.328, 51, 0, 0.379509, 

495.328, 52, 0, 0.379509, 

495.328, 53, 0, 0.379509, 

495.328, 54, 0, 0.379509, 

495.328, 55, 0, 0.379509, 

495.328, 56, 0, 0.379509, 

495.328, 57, 0, 0.379509, 

495.328, 58, 0, 0.379509, 

495.328, 59, 0, 0.379509, 

495.328, 60, 0, 0.379509, 

495.328, 61, 0, 0.379509, 

495.328, 62, 0, 0.379509, 

495.328, 63, 0, 0.379509, 

495.328, 64, 0, 0.379509, 

495.328, 65, 0, 0.379509, 

495.328, 66, 0, 0.379509, 

495.328, 67, 0, 0.379509, 

495.328, 68, 0, 0.379509, 

495.328, 69, 0, 0.379509, 

495.328, 70, 0, 0.379509, 

495.328, 71, 0, 0.379509, 

495.328, 72, 0, 0.379509, 

495.328, 73, 0, 0.379509, 

495.328, 74, 0, 0.379509, 

495.328, 75, 0, 0.379509, 

495.328, 76, 0, 0.379509, 

495.328, 77, 0, 0.379509, 

495.328, 78, 0, 0.379509, 

495.328, 79, 0, 0.379509, 

495.328, 80, 0, 0.379509, 

495.328, 81, 0, 0.379509, 

495.328, 82, 0, 0.379509, 

495.328, 83, 0, 0.379509, 

495.328, 84, 0, 0.379509, 

495.328, 85, 0, 0.379509, 

495.328, 86, 0, 0.379509, 

495.328, 87, 0, 0.379509, 

495.328, 88, 0, 0.379509, 

495.328, 89, 0, 0.379509, 

495.328, 90, 0, 0.379509, 

495.328, 91, 0, 0.379509, 

495.328, 92, 0, 0.379509, 

495.328, 93, 0, 0.379509, 

495.328, 94, 0, 0.379509, 

495.328, 95, 0, 0.379509, 

495.328, 96, 0, 0.379509, 

495.328, 97, 0, 0.379509, 

495.328, 98, 0, 0.379509, 

495.328, 99, 0, 0.379509, 

495.328, 100, 0, 0.379509, 

495.328, 101, 0, 0.379509, 

495.328, 102, 0, 0.379509, 

495.328, 103, 0, 0.379509, 

495.328, 104, 0, 0.379509, 

495.328, 105, 0, 0.379509, 

495.328, 106, 0, 0.379509, 

495.328, 107, 0, 0.379509, 

495.328, 108, 0, 0.379509, 

495.328, 109, 0, 0.379509, 

495.328, 110, 0, 0.379509, 

495.328, 111, 0, 0.379509, 

495.328, 112, 0, 0.379509, 

495.328, 113, 0, 0.379509, 

495.328, 114, 0, 0.379509, 

495.328, 115, 0, 0.379509, 

495.328, 116, 0, 0.379509, 

495.328, 117, 0, 0.379509, 

495.328, 118, 0, 0.379509, 

495.328, 119, 0, 0.379509, 

497.962, 0, 0, 0.379509, 

497.962, 1, 0, 0.379509, 

497.962, 2, 0, 0.379509, 

497.962, 3, 0, 0.379509, 

497.962, 4, 0, 0.379509, 

497.962, 5, 0, 0.379509, 

497.962, 6, 0, 0.379509, 

497.962, 7, 0, 0.379509, 

497.962, 8, 0, 0.379509, 

497.962, 9, 0, 0.379509, 

497.962, 10, 0, 0.379509, 

497.962, 11, 0, 0.379509, 

497.962, 12, 0, 0.379509, 

497.962, 13, 0, 0.379509, 

497.962, 14, 0, 0.379509, 

497.962, 15, 0, 0.379509, 

497.962, 16, 0, 0.379509, 

497.962, 17, 0, 0.379509, 

497.962, 18, 0, 0.379509, 

497.962, 19, 0, 0.379509, 

497.962, 20, 0, 0.379509, 

497.962, 21, 0, 0.379509, 

497.962, 22, 0, 0.379509, 

497.962, 23, 0, 0.379509, 

497.962, 24, 0, 0.379509, 

497.962, 25, 0, 0.379509, 

497.962, 26, 0, 0.379509, 

497.962, 27, 0, 0.379509, 

497.962, 28, 0, 0.379509, 

497.962, 29, 0, 0.379509, 

497.962, 30, 0, 0.379509, 

497.962, 31, 0, 0.379509, 

497.962, 32, 0, 0.379509, 

497.962, 33, 0, 0.379509, 

497.962, 34, 0, 0.379509, 

497.962, 35, 0, 0.379509, 

497.962, 36, 0, 0.379509, 

497.962, 37, 0, 0.379509, 

497.962, 38, 0, 0.379509, 

497.962, 39, 0, 0.379509, 

497.962, 40, 0, 0.379509, 

497.962, 41, 0, 0.379509, 

497.962, 42, 0, 0.379509, 

497.962, 43, 0, 0.379509, 

497.962, 44, 0, 0.379509, 

497.962, 45, 0, 0.379509, 

497.962, 46, 0, 0.379509, 

497.962, 47, 0, 0.379509, 

497.962, 48, 0, 0.379509, 

497.962, 49, 0, 0.379509, 

497.962, 50, 0, 0.379509, 

497.962, 51, 0, 0.379509, 

497.962, 52, 0, 0.379509, 

497.962, 53, 0, 0.379509, 

497.962, 54, 0, 0.379509, 

497.962, 55, 0, 0.379509, 

497.962, 56, 0, 0.379509, 

497.962, 57, 0, 0.379509, 

497.962, 58, 0, 0.379509, 

497.962, 59, 0, 0.379509, 

497.962, 60, 0, 0.379509, 

497.962, 61, 0, 0.379509, 

497.962, 62, 0, 0.379509, 

497.962, 63, 0, 0.379509, 

497.962, 64, 0, 0.379509, 

497.962, 65, 0, 0.379509, 

497.962, 66, 0, 0.379509, 

497.962, 67, 0, 0.379509, 

497.962, 68, 0, 0.379509, 

497.962, 69, 0, 0.379509, 

497.962, 70, 0, 0.379509, 

497.962, 71, 0, 0.379509, 

497.962, 72, 0, 0.379509, 

497.962, 73, 0, 0.379509, 

497.962, 74, 0, 0.379509, 

497.962, 75, 0, 0.379509, 

497.962, 76, 0, 0.379509, 

497.962, 77, 0, 0.379509, 

497.962, 78, 0, 0.379509, 

497.962, 79, 0, 0.379509, 

497.962, 80, 0, 0.379509, 

497.962, 81, 0, 0.379509, 

497.962, 82, 0, 0.379509, 

497.962, 83, 0, 0.379509, 

497.962, 84, 0, 0.379509, 

497.962, 85, 0, 0.379509, 

497.962, 86, 0, 0.379509, 

497.962, 87, 0, 0.379509, 

497.962, 88, 0, 0.379509, 

497.962, 89, 0, 0.379509, 

497.962, 90, 0, 0.379509, 

497.962, 91, 0, 0.379509, 

497.962, 92, 0, 0.379509, 

497.962, 93, 0, 0.379509, 

497.962, 94, 0, 0.379509, 

497.962, 95, 0, 0.379509, 

497.962, 96, 0, 0.379509, 

497.962, 97, 0, 0.379509, 

497.962, 98, 0, 0.379509, 

497.962, 99, 0, 0.379509, 

497.962, 100, 0, 0.379509, 

497.962, 101, 0, 0.379509, 

497.962, 102, 0, 0.379509, 

497.962, 103, 0, 0.379509, 

497.962, 104, 0, 0.379509, 

497.962, 105, 0, 0.379509, 

497.962, 106, 0, 0.379509, 

497.962, 107, 0, 0.379509, 

497.962, 108, 0, 0.379509, 

497.962, 109, 0, 0.379509, 

497.962, 110, 0, 0.379509, 

497.962, 111, 0, 0.379509, 

497.962, 112, 0, 0.379509, 

497.962, 113, 0, 0.379509, 

497.962, 114, 0, 0.379509, 

497.962, 115, 0, 0.379509, 

497.962, 116, 0, 0.379509, 

497.962, 117, 0, 0.379509, 

497.962, 118, 0, 0.379509, 

497.962, 119, 0, 0.379509, 

500.597, 0, 0, 0.379509, 

500.597, 1, 0, 0.379509, 

500.597, 2, 0, 0.379509, 

500.597, 3, 0, 0.379509, 

500.597, 4, 0, 0.379509, 

500.597, 5, 0, 0.379509, 

500.597, 6, 0, 0.379509, 

500.597, 7, 0, 0.379509, 

500.597, 8, 0, 0.379509, 

500.597, 9, 0, 0.379509, 

500.597, 10, 0, 0.379509, 

500.597, 11, 0, 0.379509, 

500.597, 12, 0, 0.379509, 

500.597, 13, 0, 0.379509, 

500.597, 14, 0, 0.379509, 

500.597, 15, 0, 0.379509, 

500.597, 16, 0, 0.379509, 

500.597, 17, 0, 0.379509, 

500.597, 18, 0, 0.379509, 

500.597, 19, 0, 0.379509, 

500.597, 20, 0, 0.379509, 

500.597, 21, 0, 0.379509, 

500.597, 22, 0, 0.379509, 

500.597, 23, 0, 0.379509, 

500.597, 24, 0, 0.379509, 

500.597, 25, 0, 0.379509, 

500.597, 26, 0, 0.379509, 

500.597, 27, 0, 0.379509, 

500.597, 28, 0, 0.379509, 

500.597, 29, 0, 0.379509, 

500.597, 30, 0, 0.379509, 

500.597, 31, 0, 0.379509, 

500.597, 32, 0, 0.379509, 

500.597, 33, 0, 0.379509, 

500.597, 34, 0, 0.379509, 

500.597, 35, 0, 0.379509, 

500.597, 36, 0, 0.379509, 

500.597, 37, 0, 0.379509, 

500.597, 38, 0, 0.379509, 

500.597, 39, 0, 0.379509, 

500.597, 40, 0, 0.379509, 

500.597, 41, 0, 0.379509, 

500.597, 42, 0, 0.379509, 

500.597, 43, 0, 0.379509, 

500.597, 44, 0, 0.379509, 

500.597, 45, 0, 0.379509, 

500.597, 46, 0, 0.379509, 

500.597, 47, 0, 0.379509, 

500.597, 48, 0, 0.379509, 

500.597, 49, 0, 0.379509, 

500.597, 50, 0, 0.379509, 

500.597, 51, 0, 0.379509, 

500.597, 52, 0, 0.379509, 

500.597, 53, 0, 0.379509, 

500.597, 54, 0, 0.379509, 

500.597, 55, 0, 0.379509, 

500.597, 56, 0, 0.379509, 

500.597, 57, 0, 0.379509, 

500.597, 58, 0, 0.379509, 

500.597, 59, 0, 0.379509, 

500.597, 60, 0, 0.379509, 

500.597, 61, 0, 0.379509, 

500.597, 62, 0, 0.379509, 

500.597, 63, 0, 0.379509, 

500.597, 64, 0, 0.379509, 

500.597, 65, 0, 0.379509, 

500.597, 66, 0, 0.379509, 

500.597, 67, 0, 0.379509, 

500.597, 68, 0, 0.379509, 

500.597, 69, 0, 0.379509, 

500.597, 70, 0, 0.379509, 

500.597, 71, 0, 0.379509, 

500.597, 72, 0, 0.379509, 

500.597, 73, 0, 0.379509, 

500.597, 74, 0, 0.379509, 

500.597, 75, 0, 0.379509, 

500.597, 76, 0, 0.379509, 

500.597, 77, 0, 0.379509, 

500.597, 78, 0, 0.379509, 

500.597, 79, 0, 0.379509, 

500.597, 80, 0, 0.379509, 

500.597, 81, 0, 0.379509, 

500.597, 82, 0, 0.379509, 

500.597, 83, 0, 0.379509, 

500.597, 84, 0, 0.379509, 

500.597, 85, 0, 0.379509, 

500.597, 86, 0, 0.379509, 

500.597, 87, 0, 0.379509, 

500.597, 88, 0, 0.379509, 

500.597, 89, 0, 0.379509, 

500.597, 90, 0, 0.379509, 

500.597, 91, 0, 0.379509, 

500.597, 92, 0, 0.379509, 

500.597, 93, 0, 0.379509, 

500.597, 94, 0, 0.379509, 

500.597, 95, 0, 0.379509, 

500.597, 96, 0, 0.379509, 

500.597, 97, 0, 0.379509, 

500.597, 98, 0, 0.379509, 

500.597, 99, 0, 0.379509, 

500.597, 100, 0, 0.379509, 

500.597, 101, 0, 0.379509, 

500.597, 102, 0, 0.379509, 

500.597, 103, 0, 0.379509, 

500.597, 104, 0, 0.379509, 

500.597, 105, 0, 0.379509, 

500.597, 106, 0, 0.379509, 

500.597, 107, 0, 0.379509, 

500.597, 108, 0, 0.379509, 

500.597, 109, 0, 0.379509, 

500.597, 110, 0, 0.379509, 

500.597, 111, 0, 0.379509, 

500.597, 112, 0, 0.379509, 

500.597, 113, 0, 0.379509, 

500.597, 114, 0, 0.379509, 

500.597, 115, 0, 0.379509, 

500.597, 116, 0, 0.379509, 

500.597, 117, 0, 0.379509, 

500.597, 118, 0, 0.379509, 

500.597, 119, 0, 0.379509, 

503.232, 0, 0, 0.37951, 

503.232, 1, 0, 0.37951, 

503.232, 2, 0, 0.37951, 

503.232, 3, 0, 0.37951, 

503.232, 4, 0, 0.37951, 

503.232, 5, 0, 0.37951, 

503.232, 6, 0, 0.37951, 

503.232, 7, 0, 0.37951, 

503.232, 8, 0, 0.37951, 

503.232, 9, 0, 0.37951, 

503.232, 10, 0, 0.37951, 

503.232, 11, 0, 0.37951, 

503.232, 12, 0, 0.37951, 

503.232, 13, 0, 0.37951, 

503.232, 14, 0, 0.37951, 

503.232, 15, 0, 0.37951, 

503.232, 16, 0, 0.37951, 

503.232, 17, 0, 0.37951, 

503.232, 18, 0, 0.37951, 

503.232, 19, 0, 0.37951, 

503.232, 20, 0, 0.37951, 

503.232, 21, 0, 0.37951, 

503.232, 22, 0, 0.37951, 

503.232, 23, 0, 0.37951, 

503.232, 24, 0, 0.37951, 

503.232, 25, 0, 0.37951, 

503.232, 26, 0, 0.37951, 

503.232, 27, 0, 0.37951, 

503.232, 28, 0, 0.37951, 

503.232, 29, 0, 0.37951, 

503.232, 30, 0, 0.37951, 

503.232, 31, 0, 0.37951, 

503.232, 32, 0, 0.37951, 

503.232, 33, 0, 0.37951, 

503.232, 34, 0, 0.37951, 

503.232, 35, 0, 0.37951, 

503.232, 36, 0, 0.37951, 

503.232, 37, 0, 0.37951, 

503.232, 38, 0, 0.37951, 

503.232, 39, 0, 0.37951, 

503.232, 40, 0, 0.37951, 

503.232, 41, 0, 0.37951, 

503.232, 42, 0, 0.37951, 

503.232, 43, 0, 0.37951, 

503.232, 44, 0, 0.37951, 

503.232, 45, 0, 0.37951, 

503.232, 46, 0, 0.37951, 

503.232, 47, 0, 0.37951, 

503.232, 48, 0, 0.37951, 

503.232, 49, 0, 0.37951, 

503.232, 50, 0, 0.37951, 

503.232, 51, 0, 0.37951, 

503.232, 52, 0, 0.37951, 

503.232, 53, 0, 0.37951, 

503.232, 54, 0, 0.37951, 

503.232, 55, 0, 0.37951, 

503.232, 56, 0, 0.37951, 

503.232, 57, 0, 0.37951, 

503.232, 58, 0, 0.37951, 

503.232, 59, 0, 0.37951, 

503.232, 60, 0, 0.37951, 

503.232, 61, 0, 0.37951, 

503.232, 62, 0, 0.37951, 

503.232, 63, 0, 0.37951, 

503.232, 64, 0, 0.37951, 

503.232, 65, 0, 0.37951, 

503.232, 66, 0, 0.37951, 

503.232, 67, 0, 0.37951, 

503.232, 68, 0, 0.37951, 

503.232, 69, 0, 0.37951, 

503.232, 70, 0, 0.37951, 

503.232, 71, 0, 0.37951, 

503.232, 72, 0, 0.37951, 

503.232, 73, 0, 0.37951, 

503.232, 74, 0, 0.37951, 

503.232, 75, 0, 0.37951, 

503.232, 76, 0, 0.37951, 

503.232, 77, 0, 0.37951, 

503.232, 78, 0, 0.37951, 

503.232, 79, 0, 0.37951, 

503.232, 80, 0, 0.37951, 

503.232, 81, 0, 0.37951, 

503.232, 82, 0, 0.37951, 

503.232, 83, 0, 0.37951, 

503.232, 84, 0, 0.37951, 

503.232, 85, 0, 0.37951, 

503.232, 86, 0, 0.37951, 

503.232, 87, 0, 0.37951, 

503.232, 88, 0, 0.37951, 

503.232, 89, 0, 0.37951, 

503.232, 90, 0, 0.37951, 

503.232, 91, 0, 0.37951, 

503.232, 92, 0, 0.37951, 

503.232, 93, 0, 0.37951, 

503.232, 94, 0, 0.37951, 

503.232, 95, 0, 0.37951, 

503.232, 96, 0, 0.37951, 

503.232, 97, 0, 0.37951, 

503.232, 98, 0, 0.37951, 

503.232, 99, 0, 0.37951, 

503.232, 100, 0, 0.37951, 

503.232, 101, 0, 0.37951, 

503.232, 102, 0, 0.37951, 

503.232, 103, 0, 0.37951, 

503.232, 104, 0, 0.37951, 

503.232, 105, 0, 0.37951, 

503.232, 106, 0, 0.37951, 

503.232, 107, 0, 0.37951, 

503.232, 108, 0, 0.37951, 

503.232, 109, 0, 0.37951, 

503.232, 110, 0, 0.37951, 

503.232, 111, 0, 0.37951, 

503.232, 112, 0, 0.37951, 

503.232, 113, 0, 0.37951, 

503.232, 114, 0, 0.37951, 

503.232, 115, 0, 0.37951, 

503.232, 116, 0, 0.37951, 

503.232, 117, 0, 0.37951, 

503.232, 118, 0, 0.37951, 

503.232, 119, 0, 0.37951, 

505.867, 0, 0, 0.379512, 

505.867, 1, 0, 0.379512, 

505.867, 2, 0, 0.379512, 

505.867, 3, 0, 0.379512, 

505.867, 4, 0, 0.379512, 

505.867, 5, 0, 0.379512, 

505.867, 6, 0, 0.379512, 

505.867, 7, 0, 0.379512, 

505.867, 8, 0, 0.379512, 

505.867, 9, 0, 0.379512, 

505.867, 10, 0, 0.379512, 

505.867, 11, 0, 0.379512, 

505.867, 12, 0, 0.379512, 

505.867, 13, 0, 0.379512, 

505.867, 14, 0, 0.379512, 

505.867, 15, 0, 0.379512, 

505.867, 16, 0, 0.379512, 

505.867, 17, 0, 0.379512, 

505.867, 18, 0, 0.379512, 

505.867, 19, 0, 0.379512, 

505.867, 20, 0, 0.379512, 

505.867, 21, 0, 0.379512, 

505.867, 22, 0, 0.379512, 

505.867, 23, 0, 0.379512, 

505.867, 24, 0, 0.379512, 

505.867, 25, 0, 0.379512, 

505.867, 26, 0, 0.379512, 

505.867, 27, 0, 0.379512, 

505.867, 28, 0, 0.379512, 

505.867, 29, 0, 0.379512, 

505.867, 30, 0, 0.379512, 

505.867, 31, 0, 0.379512, 

505.867, 32, 0, 0.379512, 

505.867, 33, 0, 0.379512, 

505.867, 34, 0, 0.379512, 

505.867, 35, 0, 0.379512, 

505.867, 36, 0, 0.379512, 

505.867, 37, 0, 0.379512, 

505.867, 38, 0, 0.379512, 

505.867, 39, 0, 0.379512, 

505.867, 40, 0, 0.379512, 

505.867, 41, 0, 0.379512, 

505.867, 42, 0, 0.379512, 

505.867, 43, 0, 0.379512, 

505.867, 44, 0, 0.379512, 

505.867, 45, 0, 0.379512, 

505.867, 46, 0, 0.379512, 

505.867, 47, 0, 0.379512, 

505.867, 48, 0, 0.379512, 

505.867, 49, 0, 0.379512, 

505.867, 50, 0, 0.379512, 

505.867, 51, 0, 0.379512, 

505.867, 52, 0, 0.379512, 

505.867, 53, 0, 0.379512, 

505.867, 54, 0, 0.379512, 

505.867, 55, 0, 0.379512, 

505.867, 56, 0, 0.379512, 

505.867, 57, 0, 0.379512, 

505.867, 58, 0, 0.379512, 

505.867, 59, 0, 0.379512, 

505.867, 60, 0, 0.379512, 

505.867, 61, 0, 0.379512, 

505.867, 62, 0, 0.379512, 

505.867, 63, 0, 0.379512, 

505.867, 64, 0, 0.379512, 

505.867, 65, 0, 0.379512, 

505.867, 66, 0, 0.379512, 

505.867, 67, 0, 0.379512, 

505.867, 68, 0, 0.379512, 

505.867, 69, 0, 0.379512, 

505.867, 70, 0, 0.379512, 

505.867, 71, 0, 0.379512, 

505.867, 72, 0, 0.379512, 

505.867, 73, 0, 0.379512, 

505.867, 74, 0, 0.379512, 

505.867, 75, 0, 0.379512, 

505.867, 76, 0, 0.379512, 

505.867, 77, 0, 0.379512, 

505.867, 78, 0, 0.379512, 

505.867, 79, 0, 0.379512, 

505.867, 80, 0, 0.379512, 

505.867, 81, 0, 0.379512, 

505.867, 82, 0, 0.379512, 

505.867, 83, 0, 0.379512, 

505.867, 84, 0, 0.379512, 

505.867, 85, 0, 0.379512, 

505.867, 86, 0, 0.379512, 

505.867, 87, 0, 0.379512, 

505.867, 88, 0, 0.379512, 

505.867, 89, 0, 0.379512, 

505.867, 90, 0, 0.379512, 

505.867, 91, 0, 0.379512, 

505.867, 92, 0, 0.379512, 

505.867, 93, 0, 0.379512, 

505.867, 94, 0, 0.379512, 

505.867, 95, 0, 0.379512, 

505.867, 96, 0, 0.379512, 

505.867, 97, 0, 0.379512, 

505.867, 98, 0, 0.379512, 

505.867, 99, 0, 0.379512, 

505.867, 100, 0, 0.379512, 

505.867, 101, 0, 0.379512, 

505.867, 102, 0, 0.379512, 

505.867, 103, 0, 0.379512, 

505.867, 104, 0, 0.379512, 

505.867, 105, 0, 0.379512, 

505.867, 106, 0, 0.379512, 

505.867, 107, 0, 0.379512, 

505.867, 108, 0, 0.379512, 

505.867, 109, 0, 0.379512, 

505.867, 110, 0, 0.379512, 

505.867, 111, 0, 0.379512, 

505.867, 112, 0, 0.379512, 

505.867, 113, 0, 0.379512, 

505.867, 114, 0, 0.379512, 

505.867, 115, 0, 0.379512, 

505.867, 116, 0, 0.379512, 

505.867, 117, 0, 0.379512, 

505.867, 118, 0, 0.379512, 

505.867, 119, 0, 0.379512, 

508.501, 0, 0, 0.379514, 

508.501, 1, 0, 0.379514, 

508.501, 2, 0, 0.379514, 

508.501, 3, 0, 0.379514, 

508.501, 4, 0, 0.379514, 

508.501, 5, 0, 0.379514, 

508.501, 6, 0, 0.379514, 

508.501, 7, 0, 0.379514, 

508.501, 8, 0, 0.379514, 

508.501, 9, 0, 0.379514, 

508.501, 10, 0, 0.379514, 

508.501, 11, 0, 0.379514, 

508.501, 12, 0, 0.379514, 

508.501, 13, 0, 0.379514, 

508.501, 14, 0, 0.379514, 

508.501, 15, 0, 0.379514, 

508.501, 16, 0, 0.379514, 

508.501, 17, 0, 0.379514, 

508.501, 18, 0, 0.379514, 

508.501, 19, 0, 0.379514, 

508.501, 20, 0, 0.379514, 

508.501, 21, 0, 0.379514, 

508.501, 22, 0, 0.379514, 

508.501, 23, 0, 0.379514, 

508.501, 24, 0, 0.379514, 

508.501, 25, 0, 0.379514, 

508.501, 26, 0, 0.379514, 

508.501, 27, 0, 0.379514, 

508.501, 28, 0, 0.379514, 

508.501, 29, 0, 0.379514, 

508.501, 30, 0, 0.379514, 

508.501, 31, 0, 0.379514, 

508.501, 32, 0, 0.379514, 

508.501, 33, 0, 0.379514, 

508.501, 34, 0, 0.379514, 

508.501, 35, 0, 0.379514, 

508.501, 36, 0, 0.379514, 

508.501, 37, 0, 0.379514, 

508.501, 38, 0, 0.379514, 

508.501, 39, 0, 0.379514, 

508.501, 40, 0, 0.379514, 

508.501, 41, 0, 0.379514, 

508.501, 42, 0, 0.379514, 

508.501, 43, 0, 0.379514, 

508.501, 44, 0, 0.379514, 

508.501, 45, 0, 0.379514, 

508.501, 46, 0, 0.379514, 

508.501, 47, 0, 0.379514, 

508.501, 48, 0, 0.379514, 

508.501, 49, 0, 0.379514, 

508.501, 50, 0, 0.379514, 

508.501, 51, 0, 0.379514, 

508.501, 52, 0, 0.379514, 

508.501, 53, 0, 0.379514, 

508.501, 54, 0, 0.379514, 

508.501, 55, 0, 0.379514, 

508.501, 56, 0, 0.379514, 

508.501, 57, 0, 0.379514, 

508.501, 58, 0, 0.379514, 

508.501, 59, 0, 0.379514, 

508.501, 60, 0, 0.379514, 

508.501, 61, 0, 0.379514, 

508.501, 62, 0, 0.379514, 

508.501, 63, 0, 0.379514, 

508.501, 64, 0, 0.379514, 

508.501, 65, 0, 0.379514, 

508.501, 66, 0, 0.379514, 

508.501, 67, 0, 0.379514, 

508.501, 68, 0, 0.379514, 

508.501, 69, 0, 0.379514, 

508.501, 70, 0, 0.379514, 

508.501, 71, 0, 0.379514, 

508.501, 72, 0, 0.379514, 

508.501, 73, 0, 0.379514, 

508.501, 74, 0, 0.379514, 

508.501, 75, 0, 0.379514, 

508.501, 76, 0, 0.379514, 

508.501, 77, 0, 0.379514, 

508.501, 78, 0, 0.379514, 

508.501, 79, 0, 0.379514, 

508.501, 80, 0, 0.379514, 

508.501, 81, 0, 0.379514, 

508.501, 82, 0, 0.379514, 

508.501, 83, 0, 0.379514, 

508.501, 84, 0, 0.379514, 

508.501, 85, 0, 0.379514, 

508.501, 86, 0, 0.379514, 

508.501, 87, 0, 0.379514, 

508.501, 88, 0, 0.379514, 

508.501, 89, 0, 0.379514, 

508.501, 90, 0, 0.379514, 

508.501, 91, 0, 0.379514, 

508.501, 92, 0, 0.379514, 

508.501, 93, 0, 0.379514, 

508.501, 94, 0, 0.379514, 

508.501, 95, 0, 0.379514, 

508.501, 96, 0, 0.379514, 

508.501, 97, 0, 0.379514, 

508.501, 98, 0, 0.379514, 

508.501, 99, 0, 0.379514, 

508.501, 100, 0, 0.379514, 

508.501, 101, 0, 0.379514, 

508.501, 102, 0, 0.379514, 

508.501, 103, 0, 0.379514, 

508.501, 104, 0, 0.379514, 

508.501, 105, 0, 0.379514, 

508.501, 106, 0, 0.379514, 

508.501, 107, 0, 0.379514, 

508.501, 108, 0, 0.379514, 

508.501, 109, 0, 0.379514, 

508.501, 110, 0, 0.379514, 

508.501, 111, 0, 0.379514, 

508.501, 112, 0, 0.379514, 

508.501, 113, 0, 0.379514, 

508.501, 114, 0, 0.379514, 

508.501, 115, 0, 0.379514, 

508.501, 116, 0, 0.379514, 

508.501, 117, 0, 0.379514, 

508.501, 118, 0, 0.379514, 

508.501, 119, 0, 0.379514, 

511.136, 0, 0, 0.379517, 

511.136, 1, 0, 0.379517, 

511.136, 2, 0, 0.379517, 

511.136, 3, 0, 0.379517, 

511.136, 4, 0, 0.379517, 

511.136, 5, 0, 0.379517, 

511.136, 6, 0, 0.379517, 

511.136, 7, 0, 0.379517, 

511.136, 8, 0, 0.379517, 

511.136, 9, 0, 0.379517, 

511.136, 10, 0, 0.379517, 

511.136, 11, 0, 0.379517, 

511.136, 12, 0, 0.379517, 

511.136, 13, 0, 0.379517, 

511.136, 14, 0, 0.379517, 

511.136, 15, 0, 0.379517, 

511.136, 16, 0, 0.379517, 

511.136, 17, 0, 0.379517, 

511.136, 18, 0, 0.379517, 

511.136, 19, 0, 0.379517, 

511.136, 20, 0, 0.379517, 

511.136, 21, 0, 0.379517, 

511.136, 22, 0, 0.379517, 

511.136, 23, 0, 0.379517, 

511.136, 24, 0, 0.379517, 

511.136, 25, 0, 0.379517, 

511.136, 26, 0, 0.379517, 

511.136, 27, 0, 0.379517, 

511.136, 28, 0, 0.379517, 

511.136, 29, 0, 0.379517, 

511.136, 30, 0, 0.379517, 

511.136, 31, 0, 0.379517, 

511.136, 32, 0, 0.379517, 

511.136, 33, 0, 0.379517, 

511.136, 34, 0, 0.379517, 

511.136, 35, 0, 0.379517, 

511.136, 36, 0, 0.379517, 

511.136, 37, 0, 0.379517, 

511.136, 38, 0, 0.379517, 

511.136, 39, 0, 0.379517, 

511.136, 40, 0, 0.379517, 

511.136, 41, 0, 0.379517, 

511.136, 42, 0, 0.379517, 

511.136, 43, 0, 0.379517, 

511.136, 44, 0, 0.379517, 

511.136, 45, 0, 0.379517, 

511.136, 46, 0, 0.379517, 

511.136, 47, 0, 0.379517, 

511.136, 48, 0, 0.379517, 

511.136, 49, 0, 0.379517, 

511.136, 50, 0, 0.379517, 

511.136, 51, 0, 0.379517, 

511.136, 52, 0, 0.379517, 

511.136, 53, 0, 0.379517, 

511.136, 54, 0, 0.379517, 

511.136, 55, 0, 0.379517, 

511.136, 56, 0, 0.379517, 

511.136, 57, 0, 0.379517, 

511.136, 58, 0, 0.379517, 

511.136, 59, 0, 0.379517, 

511.136, 60, 0, 0.379517, 

511.136, 61, 0, 0.379517, 

511.136, 62, 0, 0.379517, 

511.136, 63, 0, 0.379517, 

511.136, 64, 0, 0.379517, 

511.136, 65, 0, 0.379517, 

511.136, 66, 0, 0.379517, 

511.136, 67, 0, 0.379517, 

511.136, 68, 0, 0.379517, 

511.136, 69, 0, 0.379517, 

511.136, 70, 0, 0.379517, 

511.136, 71, 0, 0.379517, 

511.136, 72, 0, 0.379517, 

511.136, 73, 0, 0.379517, 

511.136, 74, 0, 0.379517, 

511.136, 75, 0, 0.379517, 

511.136, 76, 0, 0.379517, 

511.136, 77, 0, 0.379517, 

511.136, 78, 0, 0.379517, 

511.136, 79, 0, 0.379517, 

511.136, 80, 0, 0.379517, 

511.136, 81, 0, 0.379517, 

511.136, 82, 0, 0.379517, 

511.136, 83, 0, 0.379517, 

511.136, 84, 0, 0.379517, 

511.136, 85, 0, 0.379517, 

511.136, 86, 0, 0.379517, 

511.136, 87, 0, 0.379517, 

511.136, 88, 0, 0.379517, 

511.136, 89, 0, 0.379517, 

511.136, 90, 0, 0.379517, 

511.136, 91, 0, 0.379517, 

511.136, 92, 0, 0.379517, 

511.136, 93, 0, 0.379517, 

511.136, 94, 0, 0.379517, 

511.136, 95, 0, 0.379517, 

511.136, 96, 0, 0.379517, 

511.136, 97, 0, 0.379517, 

511.136, 98, 0, 0.379517, 

511.136, 99, 0, 0.379517, 

511.136, 100, 0, 0.379517, 

511.136, 101, 0, 0.379517, 

511.136, 102, 0, 0.379517, 

511.136, 103, 0, 0.379517, 

511.136, 104, 0, 0.379517, 

511.136, 105, 0, 0.379517, 

511.136, 106, 0, 0.379517, 

511.136, 107, 0, 0.379517, 

511.136, 108, 0, 0.379517, 

511.136, 109, 0, 0.379517, 

511.136, 110, 0, 0.379517, 

511.136, 111, 0, 0.379517, 

511.136, 112, 0, 0.379517, 

511.136, 113, 0, 0.379517, 

511.136, 114, 0, 0.379517, 

511.136, 115, 0, 0.379517, 

511.136, 116, 0, 0.379517, 

511.136, 117, 0, 0.379517, 

511.136, 118, 0, 0.379517, 

511.136, 119, 0, 0.379517, 

513.771, 0, 0, 0.379522, 

513.771, 1, 0, 0.379522, 

513.771, 2, 0, 0.379522, 

513.771, 3, 0, 0.379522, 

513.771, 4, 0, 0.379522, 

513.771, 5, 0, 0.379522, 

513.771, 6, 0, 0.379522, 

513.771, 7, 0, 0.379522, 

513.771, 8, 0, 0.379522, 

513.771, 9, 0, 0.379522, 

513.771, 10, 0, 0.379522, 

513.771, 11, 0, 0.379522, 

513.771, 12, 0, 0.379522, 

513.771, 13, 0, 0.379522, 

513.771, 14, 0, 0.379522, 

513.771, 15, 0, 0.379522, 

513.771, 16, 0, 0.379522, 

513.771, 17, 0, 0.379522, 

513.771, 18, 0, 0.379522, 

513.771, 19, 0, 0.379522, 

513.771, 20, 0, 0.379522, 

513.771, 21, 0, 0.379522, 

513.771, 22, 0, 0.379522, 

513.771, 23, 0, 0.379522, 

513.771, 24, 0, 0.379522, 

513.771, 25, 0, 0.379522, 

513.771, 26, 0, 0.379522, 

513.771, 27, 0, 0.379522, 

513.771, 28, 0, 0.379522, 

513.771, 29, 0, 0.379522, 

513.771, 30, 0, 0.379522, 

513.771, 31, 0, 0.379522, 

513.771, 32, 0, 0.379522, 

513.771, 33, 0, 0.379522, 

513.771, 34, 0, 0.379522, 

513.771, 35, 0, 0.379522, 

513.771, 36, 0, 0.379522, 

513.771, 37, 0, 0.379522, 

513.771, 38, 0, 0.379522, 

513.771, 39, 0, 0.379522, 

513.771, 40, 0, 0.379522, 

513.771, 41, 0, 0.379522, 

513.771, 42, 0, 0.379522, 

513.771, 43, 0, 0.379522, 

513.771, 44, 0, 0.379522, 

513.771, 45, 0, 0.379522, 

513.771, 46, 0, 0.379522, 

513.771, 47, 0, 0.379522, 

513.771, 48, 0, 0.379522, 

513.771, 49, 0, 0.379522, 

513.771, 50, 0, 0.379522, 

513.771, 51, 0, 0.379522, 

513.771, 52, 0, 0.379522, 

513.771, 53, 0, 0.379522, 

513.771, 54, 0, 0.379522, 

513.771, 55, 0, 0.379522, 

513.771, 56, 0, 0.379522, 

513.771, 57, 0, 0.379522, 

513.771, 58, 0, 0.379522, 

513.771, 59, 0, 0.379522, 

513.771, 60, 0, 0.379522, 

513.771, 61, 0, 0.379522, 

513.771, 62, 0, 0.379522, 

513.771, 63, 0, 0.379522, 

513.771, 64, 0, 0.379522, 

513.771, 65, 0, 0.379522, 

513.771, 66, 0, 0.379522, 

513.771, 67, 0, 0.379522, 

513.771, 68, 0, 0.379522, 

513.771, 69, 0, 0.379522, 

513.771, 70, 0, 0.379522, 

513.771, 71, 0, 0.379522, 

513.771, 72, 0, 0.379522, 

513.771, 73, 0, 0.379522, 

513.771, 74, 0, 0.379522, 

513.771, 75, 0, 0.379522, 

513.771, 76, 0, 0.379522, 

513.771, 77, 0, 0.379522, 

513.771, 78, 0, 0.379522, 

513.771, 79, 0, 0.379522, 

513.771, 80, 0, 0.379522, 

513.771, 81, 0, 0.379522, 

513.771, 82, 0, 0.379522, 

513.771, 83, 0, 0.379522, 

513.771, 84, 0, 0.379522, 

513.771, 85, 0, 0.379522, 

513.771, 86, 0, 0.379522, 

513.771, 87, 0, 0.379522, 

513.771, 88, 0, 0.379522, 

513.771, 89, 0, 0.379522, 

513.771, 90, 0, 0.379522, 

513.771, 91, 0, 0.379522, 

513.771, 92, 0, 0.379522, 

513.771, 93, 0, 0.379522, 

513.771, 94, 0, 0.379522, 

513.771, 95, 0, 0.379522, 

513.771, 96, 0, 0.379522, 

513.771, 97, 0, 0.379522, 

513.771, 98, 0, 0.379522, 

513.771, 99, 0, 0.379522, 

513.771, 100, 0, 0.379522, 

513.771, 101, 0, 0.379522, 

513.771, 102, 0, 0.379522, 

513.771, 103, 0, 0.379522, 

513.771, 104, 0, 0.379522, 

513.771, 105, 0, 0.379522, 

513.771, 106, 0, 0.379522, 

513.771, 107, 0, 0.379522, 

513.771, 108, 0, 0.379522, 

513.771, 109, 0, 0.379522, 

513.771, 110, 0, 0.379522, 

513.771, 111, 0, 0.379522, 

513.771, 112, 0, 0.379522, 

513.771, 113, 0, 0.379522, 

513.771, 114, 0, 0.379522, 

513.771, 115, 0, 0.379522, 

513.771, 116, 0, 0.379522, 

513.771, 117, 0, 0.379522, 

513.771, 118, 0, 0.379522, 

513.771, 119, 0, 0.379522, 

516.405, 0, 0, 0.37953, 

516.405, 1, 0, 0.37953, 

516.405, 2, 0, 0.37953, 

516.405, 3, 0, 0.37953, 

516.405, 4, 0, 0.37953, 

516.405, 5, 0, 0.37953, 

516.405, 6, 0, 0.37953, 

516.405, 7, 0, 0.37953, 

516.405, 8, 0, 0.37953, 

516.405, 9, 0, 0.37953, 

516.405, 10, 0, 0.37953, 

516.405, 11, 0, 0.37953, 

516.405, 12, 0, 0.37953, 

516.405, 13, 0, 0.37953, 

516.405, 14, 0, 0.37953, 

516.405, 15, 0, 0.37953, 

516.405, 16, 0, 0.37953, 

516.405, 17, 0, 0.37953, 

516.405, 18, 0, 0.37953, 

516.405, 19, 0, 0.37953, 

516.405, 20, 0, 0.37953, 

516.405, 21, 0, 0.37953, 

516.405, 22, 0, 0.37953, 

516.405, 23, 0, 0.37953, 

516.405, 24, 0, 0.37953, 

516.405, 25, 0, 0.37953, 

516.405, 26, 0, 0.37953, 

516.405, 27, 0, 0.37953, 

516.405, 28, 0, 0.37953, 

516.405, 29, 0, 0.37953, 

516.405, 30, 0, 0.37953, 

516.405, 31, 0, 0.37953, 

516.405, 32, 0, 0.37953, 

516.405, 33, 0, 0.37953, 

516.405, 34, 0, 0.37953, 

516.405, 35, 0, 0.37953, 

516.405, 36, 0, 0.37953, 

516.405, 37, 0, 0.37953, 

516.405, 38, 0, 0.37953, 

516.405, 39, 0, 0.37953, 

516.405, 40, 0, 0.37953, 

516.405, 41, 0, 0.37953, 

516.405, 42, 0, 0.37953, 

516.405, 43, 0, 0.37953, 

516.405, 44, 0, 0.37953, 

516.405, 45, 0, 0.37953, 

516.405, 46, 0, 0.37953, 

516.405, 47, 0, 0.37953, 

516.405, 48, 0, 0.37953, 

516.405, 49, 0, 0.37953, 

516.405, 50, 0, 0.37953, 

516.405, 51, 0, 0.37953, 

516.405, 52, 0, 0.37953, 

516.405, 53, 0, 0.37953, 

516.405, 54, 0, 0.37953, 

516.405, 55, 0, 0.37953, 

516.405, 56, 0, 0.37953, 

516.405, 57, 0, 0.37953, 

516.405, 58, 0, 0.37953, 

516.405, 59, 0, 0.37953, 

516.405, 60, 0, 0.37953, 

516.405, 61, 0, 0.37953, 

516.405, 62, 0, 0.37953, 

516.405, 63, 0, 0.37953, 

516.405, 64, 0, 0.37953, 

516.405, 65, 0, 0.37953, 

516.405, 66, 0, 0.37953, 

516.405, 67, 0, 0.37953, 

516.405, 68, 0, 0.37953, 

516.405, 69, 0, 0.37953, 

516.405, 70, 0, 0.37953, 

516.405, 71, 0, 0.37953, 

516.405, 72, 0, 0.37953, 

516.405, 73, 0, 0.37953, 

516.405, 74, 0, 0.37953, 

516.405, 75, 0, 0.37953, 

516.405, 76, 0, 0.37953, 

516.405, 77, 0, 0.37953, 

516.405, 78, 0, 0.37953, 

516.405, 79, 0, 0.37953, 

516.405, 80, 0, 0.37953, 

516.405, 81, 0, 0.37953, 

516.405, 82, 0, 0.37953, 

516.405, 83, 0, 0.37953, 

516.405, 84, 0, 0.37953, 

516.405, 85, 0, 0.37953, 

516.405, 86, 0, 0.37953, 

516.405, 87, 0, 0.37953, 

516.405, 88, 0, 0.37953, 

516.405, 89, 0, 0.37953, 

516.405, 90, 0, 0.37953, 

516.405, 91, 0, 0.37953, 

516.405, 92, 0, 0.37953, 

516.405, 93, 0, 0.37953, 

516.405, 94, 0, 0.37953, 

516.405, 95, 0, 0.37953, 

516.405, 96, 0, 0.37953, 

516.405, 97, 0, 0.37953, 

516.405, 98, 0, 0.37953, 

516.405, 99, 0, 0.37953, 

516.405, 100, 0, 0.37953, 

516.405, 101, 0, 0.37953, 

516.405, 102, 0, 0.37953, 

516.405, 103, 0, 0.37953, 

516.405, 104, 0, 0.37953, 

516.405, 105, 0, 0.37953, 

516.405, 106, 0, 0.37953, 

516.405, 107, 0, 0.37953, 

516.405, 108, 0, 0.37953, 

516.405, 109, 0, 0.37953, 

516.405, 110, 0, 0.37953, 

516.405, 111, 0, 0.37953, 

516.405, 112, 0, 0.37953, 

516.405, 113, 0, 0.37953, 

516.405, 114, 0, 0.37953, 

516.405, 115, 0, 0.37953, 

516.405, 116, 0, 0.37953, 

516.405, 117, 0, 0.37953, 

516.405, 118, 0, 0.37953, 

516.405, 119, 0, 0.37953, 

519.04, 0, 0, 0.379542, 

519.04, 1, 0, 0.379542, 

519.04, 2, 0, 0.379542, 

519.04, 3, 0, 0.379542, 

519.04, 4, 0, 0.379542, 

519.04, 5, 0, 0.379542, 

519.04, 6, 0, 0.379542, 

519.04, 7, 0, 0.379542, 

519.04, 8, 0, 0.379542, 

519.04, 9, 0, 0.379542, 

519.04, 10, 0, 0.379542, 

519.04, 11, 0, 0.379542, 

519.04, 12, 0, 0.379542, 

519.04, 13, 0, 0.379542, 

519.04, 14, 0, 0.379542, 

519.04, 15, 0, 0.379542, 

519.04, 16, 0, 0.379542, 

519.04, 17, 0, 0.379542, 

519.04, 18, 0, 0.379542, 

519.04, 19, 0, 0.379542, 

519.04, 20, 0, 0.379542, 

519.04, 21, 0, 0.379542, 

519.04, 22, 0, 0.379542, 

519.04, 23, 0, 0.379542, 

519.04, 24, 0, 0.379542, 

519.04, 25, 0, 0.379542, 

519.04, 26, 0, 0.379542, 

519.04, 27, 0, 0.379542, 

519.04, 28, 0, 0.379542, 

519.04, 29, 0, 0.379542, 

519.04, 30, 0, 0.379542, 

519.04, 31, 0, 0.379542, 

519.04, 32, 0, 0.379542, 

519.04, 33, 0, 0.379542, 

519.04, 34, 0, 0.379542, 

519.04, 35, 0, 0.379542, 

519.04, 36, 0, 0.379542, 

519.04, 37, 0, 0.379542, 

519.04, 38, 0, 0.379542, 

519.04, 39, 0, 0.379542, 

519.04, 40, 0, 0.379542, 

519.04, 41, 0, 0.379542, 

519.04, 42, 0, 0.379542, 

519.04, 43, 0, 0.379542, 

519.04, 44, 0, 0.379542, 

519.04, 45, 0, 0.379542, 

519.04, 46, 0, 0.379542, 

519.04, 47, 0, 0.379542, 

519.04, 48, 0, 0.379542, 

519.04, 49, 0, 0.379542, 

519.04, 50, 0, 0.379542, 

519.04, 51, 0, 0.379542, 

519.04, 52, 0, 0.379542, 

519.04, 53, 0, 0.379542, 

519.04, 54, 0, 0.379542, 

519.04, 55, 0, 0.379542, 

519.04, 56, 0, 0.379542, 

519.04, 57, 0, 0.379542, 

519.04, 58, 0, 0.379542, 

519.04, 59, 0, 0.379542, 

519.04, 60, 0, 0.379542, 

519.04, 61, 0, 0.379542, 

519.04, 62, 0, 0.379542, 

519.04, 63, 0, 0.379542, 

519.04, 64, 0, 0.379542, 

519.04, 65, 0, 0.379542, 

519.04, 66, 0, 0.379542, 

519.04, 67, 0, 0.379542, 

519.04, 68, 0, 0.379542, 

519.04, 69, 0, 0.379542, 

519.04, 70, 0, 0.379542, 

519.04, 71, 0, 0.379542, 

519.04, 72, 0, 0.379542, 

519.04, 73, 0, 0.379542, 

519.04, 74, 0, 0.379542, 

519.04, 75, 0, 0.379542, 

519.04, 76, 0, 0.379542, 

519.04, 77, 0, 0.379542, 

519.04, 78, 0, 0.379542, 

519.04, 79, 0, 0.379542, 

519.04, 80, 0, 0.379542, 

519.04, 81, 0, 0.379542, 

519.04, 82, 0, 0.379542, 

519.04, 83, 0, 0.379542, 

519.04, 84, 0, 0.379542, 

519.04, 85, 0, 0.379542, 

519.04, 86, 0, 0.379542, 

519.04, 87, 0, 0.379542, 

519.04, 88, 0, 0.379542, 

519.04, 89, 0, 0.379542, 

519.04, 90, 0, 0.379542, 

519.04, 91, 0, 0.379542, 

519.04, 92, 0, 0.379542, 

519.04, 93, 0, 0.379542, 

519.04, 94, 0, 0.379542, 

519.04, 95, 0, 0.379542, 

519.04, 96, 0, 0.379542, 

519.04, 97, 0, 0.379542, 

519.04, 98, 0, 0.379542, 

519.04, 99, 0, 0.379542, 

519.04, 100, 0, 0.379542, 

519.04, 101, 0, 0.379542, 

519.04, 102, 0, 0.379542, 

519.04, 103, 0, 0.379542, 

519.04, 104, 0, 0.379542, 

519.04, 105, 0, 0.379542, 

519.04, 106, 0, 0.379542, 

519.04, 107, 0, 0.379542, 

519.04, 108, 0, 0.379542, 

519.04, 109, 0, 0.379542, 

519.04, 110, 0, 0.379542, 

519.04, 111, 0, 0.379542, 

519.04, 112, 0, 0.379542, 

519.04, 113, 0, 0.379542, 

519.04, 114, 0, 0.379542, 

519.04, 115, 0, 0.379542, 

519.04, 116, 0, 0.379542, 

519.04, 117, 0, 0.379542, 

519.04, 118, 0, 0.379542, 

519.04, 119, 0, 0.379542, 

521.675, 0, 0, 0.37956, 

521.675, 1, 0, 0.37956, 

521.675, 2, 0, 0.37956, 

521.675, 3, 0, 0.37956, 

521.675, 4, 0, 0.37956, 

521.675, 5, 0, 0.37956, 

521.675, 6, 0, 0.37956, 

521.675, 7, 0, 0.37956, 

521.675, 8, 0, 0.37956, 

521.675, 9, 0, 0.37956, 

521.675, 10, 0, 0.37956, 

521.675, 11, 0, 0.37956, 

521.675, 12, 0, 0.37956, 

521.675, 13, 0, 0.37956, 

521.675, 14, 0, 0.37956, 

521.675, 15, 0, 0.37956, 

521.675, 16, 0, 0.37956, 

521.675, 17, 0, 0.37956, 

521.675, 18, 0, 0.37956, 

521.675, 19, 0, 0.37956, 

521.675, 20, 0, 0.37956, 

521.675, 21, 0, 0.37956, 

521.675, 22, 0, 0.37956, 

521.675, 23, 0, 0.37956, 

521.675, 24, 0, 0.37956, 

521.675, 25, 0, 0.37956, 

521.675, 26, 0, 0.37956, 

521.675, 27, 0, 0.37956, 

521.675, 28, 0, 0.37956, 

521.675, 29, 0, 0.37956, 

521.675, 30, 0, 0.37956, 

521.675, 31, 0, 0.37956, 

521.675, 32, 0, 0.37956, 

521.675, 33, 0, 0.37956, 

521.675, 34, 0, 0.37956, 

521.675, 35, 0, 0.37956, 

521.675, 36, 0, 0.37956, 

521.675, 37, 0, 0.37956, 

521.675, 38, 0, 0.37956, 

521.675, 39, 0, 0.37956, 

521.675, 40, 0, 0.37956, 

521.675, 41, 0, 0.37956, 

521.675, 42, 0, 0.37956, 

521.675, 43, 0, 0.37956, 

521.675, 44, 0, 0.37956, 

521.675, 45, 0, 0.37956, 

521.675, 46, 0, 0.37956, 

521.675, 47, 0, 0.37956, 

521.675, 48, 0, 0.37956, 

521.675, 49, 0, 0.37956, 

521.675, 50, 0, 0.37956, 

521.675, 51, 0, 0.37956, 

521.675, 52, 0, 0.37956, 

521.675, 53, 0, 0.37956, 

521.675, 54, 0, 0.37956, 

521.675, 55, 0, 0.37956, 

521.675, 56, 0, 0.37956, 

521.675, 57, 0, 0.37956, 

521.675, 58, 0, 0.37956, 

521.675, 59, 0, 0.37956, 

521.675, 60, 0, 0.37956, 

521.675, 61, 0, 0.37956, 

521.675, 62, 0, 0.37956, 

521.675, 63, 0, 0.37956, 

521.675, 64, 0, 0.37956, 

521.675, 65, 0, 0.37956, 

521.675, 66, 0, 0.37956, 

521.675, 67, 0, 0.37956, 

521.675, 68, 0, 0.37956, 

521.675, 69, 0, 0.37956, 

521.675, 70, 0, 0.37956, 

521.675, 71, 0, 0.37956, 

521.675, 72, 0, 0.37956, 

521.675, 73, 0, 0.37956, 

521.675, 74, 0, 0.37956, 

521.675, 75, 0, 0.37956, 

521.675, 76, 0, 0.37956, 

521.675, 77, 0, 0.37956, 

521.675, 78, 0, 0.37956, 

521.675, 79, 0, 0.37956, 

521.675, 80, 0, 0.37956, 

521.675, 81, 0, 0.37956, 

521.675, 82, 0, 0.37956, 

521.675, 83, 0, 0.37956, 

521.675, 84, 0, 0.37956, 

521.675, 85, 0, 0.37956, 

521.675, 86, 0, 0.37956, 

521.675, 87, 0, 0.37956, 

521.675, 88, 0, 0.37956, 

521.675, 89, 0, 0.37956, 

521.675, 90, 0, 0.37956, 

521.675, 91, 0, 0.37956, 

521.675, 92, 0, 0.37956, 

521.675, 93, 0, 0.37956, 

521.675, 94, 0, 0.37956, 

521.675, 95, 0, 0.37956, 

521.675, 96, 0, 0.37956, 

521.675, 97, 0, 0.37956, 

521.675, 98, 0, 0.37956, 

521.675, 99, 0, 0.37956, 

521.675, 100, 0, 0.37956, 

521.675, 101, 0, 0.37956, 

521.675, 102, 0, 0.37956, 

521.675, 103, 0, 0.37956, 

521.675, 104, 0, 0.37956, 

521.675, 105, 0, 0.37956, 

521.675, 106, 0, 0.37956, 

521.675, 107, 0, 0.37956, 

521.675, 108, 0, 0.37956, 

521.675, 109, 0, 0.37956, 

521.675, 110, 0, 0.37956, 

521.675, 111, 0, 0.37956, 

521.675, 112, 0, 0.37956, 

521.675, 113, 0, 0.37956, 

521.675, 114, 0, 0.37956, 

521.675, 115, 0, 0.37956, 

521.675, 116, 0, 0.37956, 

521.675, 117, 0, 0.37956, 

521.675, 118, 0, 0.37956, 

521.675, 119, 0, 0.37956, 

524.31, 0, 0, 0.379586, 

524.31, 1, 0, 0.379586, 

524.31, 2, 0, 0.379586, 

524.31, 3, 0, 0.379586, 

524.31, 4, 0, 0.379586, 

524.31, 5, 0, 0.379586, 

524.31, 6, 0, 0.379586, 

524.31, 7, 0, 0.379586, 

524.31, 8, 0, 0.379586, 

524.31, 9, 0, 0.379586, 

524.31, 10, 0, 0.379586, 

524.31, 11, 0, 0.379586, 

524.31, 12, 0, 0.379586, 

524.31, 13, 0, 0.379586, 

524.31, 14, 0, 0.379586, 

524.31, 15, 0, 0.379586, 

524.31, 16, 0, 0.379586, 

524.31, 17, 0, 0.379586, 

524.31, 18, 0, 0.379586, 

524.31, 19, 0, 0.379586, 

524.31, 20, 0, 0.379586, 

524.31, 21, 0, 0.379586, 

524.31, 22, 0, 0.379586, 

524.31, 23, 0, 0.379586, 

524.31, 24, 0, 0.379586, 

524.31, 25, 0, 0.379586, 

524.31, 26, 0, 0.379586, 

524.31, 27, 0, 0.379586, 

524.31, 28, 0, 0.379586, 

524.31, 29, 0, 0.379586, 

524.31, 30, 0, 0.379586, 

524.31, 31, 0, 0.379586, 

524.31, 32, 0, 0.379586, 

524.31, 33, 0, 0.379586, 

524.31, 34, 0, 0.379586, 

524.31, 35, 0, 0.379586, 

524.31, 36, 0, 0.379586, 

524.31, 37, 0, 0.379586, 

524.31, 38, 0, 0.379586, 

524.31, 39, 0, 0.379586, 

524.31, 40, 0, 0.379586, 

524.31, 41, 0, 0.379586, 

524.31, 42, 0, 0.379586, 

524.31, 43, 0, 0.379586, 

524.31, 44, 0, 0.379586, 

524.31, 45, 0, 0.379586, 

524.31, 46, 0, 0.379586, 

524.31, 47, 0, 0.379586, 

524.31, 48, 0, 0.379586, 

524.31, 49, 0, 0.379586, 

524.31, 50, 0, 0.379586, 

524.31, 51, 0, 0.379586, 

524.31, 52, 0, 0.379586, 

524.31, 53, 0, 0.379586, 

524.31, 54, 0, 0.379586, 

524.31, 55, 0, 0.379586, 

524.31, 56, 0, 0.379586, 

524.31, 57, 0, 0.379586, 

524.31, 58, 0, 0.379586, 

524.31, 59, 0, 0.379586, 

524.31, 60, 0, 0.379586, 

524.31, 61, 0, 0.379586, 

524.31, 62, 0, 0.379586, 

524.31, 63, 0, 0.379586, 

524.31, 64, 0, 0.379586, 

524.31, 65, 0, 0.379586, 

524.31, 66, 0, 0.379586, 

524.31, 67, 0, 0.379586, 

524.31, 68, 0, 0.379586, 

524.31, 69, 0, 0.379586, 

524.31, 70, 0, 0.379586, 

524.31, 71, 0, 0.379586, 

524.31, 72, 0, 0.379586, 

524.31, 73, 0, 0.379586, 

524.31, 74, 0, 0.379586, 

524.31, 75, 0, 0.379586, 

524.31, 76, 0, 0.379586, 

524.31, 77, 0, 0.379586, 

524.31, 78, 0, 0.379586, 

524.31, 79, 0, 0.379586, 

524.31, 80, 0, 0.379586, 

524.31, 81, 0, 0.379586, 

524.31, 82, 0, 0.379586, 

524.31, 83, 0, 0.379586, 

524.31, 84, 0, 0.379586, 

524.31, 85, 0, 0.379586, 

524.31, 86, 0, 0.379586, 

524.31, 87, 0, 0.379586, 

524.31, 88, 0, 0.379586, 

524.31, 89, 0, 0.379586, 

524.31, 90, 0, 0.379586, 

524.31, 91, 0, 0.379586, 

524.31, 92, 0, 0.379586, 

524.31, 93, 0, 0.379586, 

524.31, 94, 0, 0.379586, 

524.31, 95, 0, 0.379586, 

524.31, 96, 0, 0.379586, 

524.31, 97, 0, 0.379586, 

524.31, 98, 0, 0.379586, 

524.31, 99, 0, 0.379586, 

524.31, 100, 0, 0.379586, 

524.31, 101, 0, 0.379586, 

524.31, 102, 0, 0.379586, 

524.31, 103, 0, 0.379586, 

524.31, 104, 0, 0.379586, 

524.31, 105, 0, 0.379586, 

524.31, 106, 0, 0.379586, 

524.31, 107, 0, 0.379586, 

524.31, 108, 0, 0.379586, 

524.31, 109, 0, 0.379586, 

524.31, 110, 0, 0.379586, 

524.31, 111, 0, 0.379586, 

524.31, 112, 0, 0.379586, 

524.31, 113, 0, 0.379586, 

524.31, 114, 0, 0.379586, 

524.31, 115, 0, 0.379586, 

524.31, 116, 0, 0.379586, 

524.31, 117, 0, 0.379586, 

524.31, 118, 0, 0.379586, 

524.31, 119, 0, 0.379586, 

526.944, 0, 0, 0.379625, 

526.944, 1, 0, 0.379625, 

526.944, 2, 0, 0.379625, 

526.944, 3, 0, 0.379625, 

526.944, 4, 0, 0.379625, 

526.944, 5, 0, 0.379625, 

526.944, 6, 0, 0.379625, 

526.944, 7, 0, 0.379625, 

526.944, 8, 0, 0.379625, 

526.944, 9, 0, 0.379625, 

526.944, 10, 0, 0.379625, 

526.944, 11, 0, 0.379625, 

526.944, 12, 0, 0.379625, 

526.944, 13, 0, 0.379625, 

526.944, 14, 0, 0.379625, 

526.944, 15, 0, 0.379625, 

526.944, 16, 0, 0.379625, 

526.944, 17, 0, 0.379625, 

526.944, 18, 0, 0.379625, 

526.944, 19, 0, 0.379625, 

526.944, 20, 0, 0.379625, 

526.944, 21, 0, 0.379625, 

526.944, 22, 0, 0.379625, 

526.944, 23, 0, 0.379625, 

526.944, 24, 0, 0.379625, 

526.944, 25, 0, 0.379625, 

526.944, 26, 0, 0.379625, 

526.944, 27, 0, 0.379625, 

526.944, 28, 0, 0.379625, 

526.944, 29, 0, 0.379625, 

526.944, 30, 0, 0.379625, 

526.944, 31, 0, 0.379625, 

526.944, 32, 0, 0.379625, 

526.944, 33, 0, 0.379625, 

526.944, 34, 0, 0.379625, 

526.944, 35, 0, 0.379625, 

526.944, 36, 0, 0.379625, 

526.944, 37, 0, 0.379625, 

526.944, 38, 0, 0.379625, 

526.944, 39, 0, 0.379625, 

526.944, 40, 0, 0.379625, 

526.944, 41, 0, 0.379625, 

526.944, 42, 0, 0.379625, 

526.944, 43, 0, 0.379625, 

526.944, 44, 0, 0.379625, 

526.944, 45, 0, 0.379625, 

526.944, 46, 0, 0.379625, 

526.944, 47, 0, 0.379625, 

526.944, 48, 0, 0.379625, 

526.944, 49, 0, 0.379625, 

526.944, 50, 0, 0.379625, 

526.944, 51, 0, 0.379625, 

526.944, 52, 0, 0.379625, 

526.944, 53, 0, 0.379625, 

526.944, 54, 0, 0.379625, 

526.944, 55, 0, 0.379625, 

526.944, 56, 0, 0.379625, 

526.944, 57, 0, 0.379625, 

526.944, 58, 0, 0.379625, 

526.944, 59, 0, 0.379625, 

526.944, 60, 0, 0.379625, 

526.944, 61, 0, 0.379625, 

526.944, 62, 0, 0.379625, 

526.944, 63, 0, 0.379625, 

526.944, 64, 0, 0.379625, 

526.944, 65, 0, 0.379625, 

526.944, 66, 0, 0.379625, 

526.944, 67, 0, 0.379625, 

526.944, 68, 0, 0.379625, 

526.944, 69, 0, 0.379625, 

526.944, 70, 0, 0.379625, 

526.944, 71, 0, 0.379625, 

526.944, 72, 0, 0.379625, 

526.944, 73, 0, 0.379625, 

526.944, 74, 0, 0.379625, 

526.944, 75, 0, 0.379625, 

526.944, 76, 0, 0.379625, 

526.944, 77, 0, 0.379625, 

526.944, 78, 0, 0.379625, 

526.944, 79, 0, 0.379625, 

526.944, 80, 0, 0.379625, 

526.944, 81, 0, 0.379625, 

526.944, 82, 0, 0.379625, 

526.944, 83, 0, 0.379625, 

526.944, 84, 0, 0.379625, 

526.944, 85, 0, 0.379625, 

526.944, 86, 0, 0.379625, 

526.944, 87, 0, 0.379625, 

526.944, 88, 0, 0.379625, 

526.944, 89, 0, 0.379625, 

526.944, 90, 0, 0.379625, 

526.944, 91, 0, 0.379625, 

526.944, 92, 0, 0.379625, 

526.944, 93, 0, 0.379625, 

526.944, 94, 0, 0.379625, 

526.944, 95, 0, 0.379625, 

526.944, 96, 0, 0.379625, 

526.944, 97, 0, 0.379625, 

526.944, 98, 0, 0.379625, 

526.944, 99, 0, 0.379625, 

526.944, 100, 0, 0.379625, 

526.944, 101, 0, 0.379625, 

526.944, 102, 0, 0.379625, 

526.944, 103, 0, 0.379625, 

526.944, 104, 0, 0.379625, 

526.944, 105, 0, 0.379625, 

526.944, 106, 0, 0.379625, 

526.944, 107, 0, 0.379625, 

526.944, 108, 0, 0.379625, 

526.944, 109, 0, 0.379625, 

526.944, 110, 0, 0.379625, 

526.944, 111, 0, 0.379625, 

526.944, 112, 0, 0.379625, 

526.944, 113, 0, 0.379625, 

526.944, 114, 0, 0.379625, 

526.944, 115, 0, 0.379625, 

526.944, 116, 0, 0.379625, 

526.944, 117, 0, 0.379625, 

526.944, 118, 0, 0.379625, 

526.944, 119, 0, 0.379625, 

529.579, 0, 0, 0.379681, 

529.579, 1, 0, 0.379681, 

529.579, 2, 0, 0.379681, 

529.579, 3, 0, 0.379681, 

529.579, 4, 0, 0.379681, 

529.579, 5, 0, 0.379681, 

529.579, 6, 0, 0.379681, 

529.579, 7, 0, 0.379681, 

529.579, 8, 0, 0.379681, 

529.579, 9, 0, 0.379681, 

529.579, 10, 0, 0.379681, 

529.579, 11, 0, 0.379681, 

529.579, 12, 0, 0.379681, 

529.579, 13, 0, 0.379681, 

529.579, 14, 0, 0.379681, 

529.579, 15, 0, 0.379681, 

529.579, 16, 0, 0.379681, 

529.579, 17, 0, 0.379681, 

529.579, 18, 0, 0.379681, 

529.579, 19, 0, 0.379681, 

529.579, 20, 0, 0.379681, 

529.579, 21, 0, 0.379681, 

529.579, 22, 0, 0.379681, 

529.579, 23, 0, 0.379681, 

529.579, 24, 0, 0.379681, 

529.579, 25, 0, 0.379681, 

529.579, 26, 0, 0.379681, 

529.579, 27, 0, 0.379681, 

529.579, 28, 0, 0.379681, 

529.579, 29, 0, 0.379681, 

529.579, 30, 0, 0.379681, 

529.579, 31, 0, 0.379681, 

529.579, 32, 0, 0.379681, 

529.579, 33, 0, 0.379681, 

529.579, 34, 0, 0.379681, 

529.579, 35, 0, 0.379681, 

529.579, 36, 0, 0.379681, 

529.579, 37, 0, 0.379681, 

529.579, 38, 0, 0.379681, 

529.579, 39, 0, 0.379681, 

529.579, 40, 0, 0.379681, 

529.579, 41, 0, 0.379681, 

529.579, 42, 0, 0.379681, 

529.579, 43, 0, 0.379681, 

529.579, 44, 0, 0.379681, 

529.579, 45, 0, 0.379681, 

529.579, 46, 0, 0.379681, 

529.579, 47, 0, 0.379681, 

529.579, 48, 0, 0.379681, 

529.579, 49, 0, 0.379681, 

529.579, 50, 0, 0.379681, 

529.579, 51, 0, 0.379681, 

529.579, 52, 0, 0.379681, 

529.579, 53, 0, 0.379681, 

529.579, 54, 0, 0.379681, 

529.579, 55, 0, 0.379681, 

529.579, 56, 0, 0.379681, 

529.579, 57, 0, 0.379681, 

529.579, 58, 0, 0.379681, 

529.579, 59, 0, 0.379681, 

529.579, 60, 0, 0.379681, 

529.579, 61, 0, 0.379681, 

529.579, 62, 0, 0.379681, 

529.579, 63, 0, 0.379681, 

529.579, 64, 0, 0.379681, 

529.579, 65, 0, 0.379681, 

529.579, 66, 0, 0.379681, 

529.579, 67, 0, 0.379681, 

529.579, 68, 0, 0.379681, 

529.579, 69, 0, 0.379681, 

529.579, 70, 0, 0.379681, 

529.579, 71, 0, 0.379681, 

529.579, 72, 0, 0.379681, 

529.579, 73, 0, 0.379681, 

529.579, 74, 0, 0.379681, 

529.579, 75, 0, 0.379681, 

529.579, 76, 0, 0.379681, 

529.579, 77, 0, 0.379681, 

529.579, 78, 0, 0.379681, 

529.579, 79, 0, 0.379681, 

529.579, 80, 0, 0.379681, 

529.579, 81, 0, 0.379681, 

529.579, 82, 0, 0.379681, 

529.579, 83, 0, 0.379681, 

529.579, 84, 0, 0.379681, 

529.579, 85, 0, 0.379681, 

529.579, 86, 0, 0.379681, 

529.579, 87, 0, 0.379681, 

529.579, 88, 0, 0.379681, 

529.579, 89, 0, 0.379681, 

529.579, 90, 0, 0.379681, 

529.579, 91, 0, 0.379681, 

529.579, 92, 0, 0.379681, 

529.579, 93, 0, 0.379681, 

529.579, 94, 0, 0.379681, 

529.579, 95, 0, 0.379681, 

529.579, 96, 0, 0.379681, 

529.579, 97, 0, 0.379681, 

529.579, 98, 0, 0.379681, 

529.579, 99, 0, 0.379681, 

529.579, 100, 0, 0.379681, 

529.579, 101, 0, 0.379681, 

529.579, 102, 0, 0.379681, 

529.579, 103, 0, 0.379681, 

529.579, 104, 0, 0.379681, 

529.579, 105, 0, 0.379681, 

529.579, 106, 0, 0.379681, 

529.579, 107, 0, 0.379681, 

529.579, 108, 0, 0.379681, 

529.579, 109, 0, 0.379681, 

529.579, 110, 0, 0.379681, 

529.579, 111, 0, 0.379681, 

529.579, 112, 0, 0.379681, 

529.579, 113, 0, 0.379681, 

529.579, 114, 0, 0.379681, 

529.579, 115, 0, 0.379681, 

529.579, 116, 0, 0.379681, 

529.579, 117, 0, 0.379681, 

529.579, 118, 0, 0.379681, 

529.579, 119, 0, 0.379681, 

532.214, 0, 0, 0.379762, 

532.214, 1, 0, 0.379762, 

532.214, 2, 0, 0.379762, 

532.214, 3, 0, 0.379762, 

532.214, 4, 0, 0.379762, 

532.214, 5, 0, 0.379762, 

532.214, 6, 0, 0.379762, 

532.214, 7, 0, 0.379762, 

532.214, 8, 0, 0.379762, 

532.214, 9, 0, 0.379762, 

532.214, 10, 0, 0.379762, 

532.214, 11, 0, 0.379762, 

532.214, 12, 0, 0.379762, 

532.214, 13, 0, 0.379762, 

532.214, 14, 0, 0.379762, 

532.214, 15, 0, 0.379762, 

532.214, 16, 0, 0.379762, 

532.214, 17, 0, 0.379762, 

532.214, 18, 0, 0.379762, 

532.214, 19, 0, 0.379762, 

532.214, 20, 0, 0.379762, 

532.214, 21, 0, 0.379762, 

532.214, 22, 0, 0.379762, 

532.214, 23, 0, 0.379762, 

532.214, 24, 0, 0.379762, 

532.214, 25, 0, 0.379762, 

532.214, 26, 0, 0.379762, 

532.214, 27, 0, 0.379762, 

532.214, 28, 0, 0.379762, 

532.214, 29, 0, 0.379762, 

532.214, 30, 0, 0.379762, 

532.214, 31, 0, 0.379762, 

532.214, 32, 0, 0.379762, 

532.214, 33, 0, 0.379762, 

532.214, 34, 0, 0.379762, 

532.214, 35, 0, 0.379762, 

532.214, 36, 0, 0.379762, 

532.214, 37, 0, 0.379762, 

532.214, 38, 0, 0.379762, 

532.214, 39, 0, 0.379762, 

532.214, 40, 0, 0.379762, 

532.214, 41, 0, 0.379762, 

532.214, 42, 0, 0.379762, 

532.214, 43, 0, 0.379762, 

532.214, 44, 0, 0.379762, 

532.214, 45, 0, 0.379762, 

532.214, 46, 0, 0.379762, 

532.214, 47, 0, 0.379762, 

532.214, 48, 0, 0.379762, 

532.214, 49, 0, 0.379762, 

532.214, 50, 0, 0.379762, 

532.214, 51, 0, 0.379762, 

532.214, 52, 0, 0.379762, 

532.214, 53, 0, 0.379762, 

532.214, 54, 0, 0.379762, 

532.214, 55, 0, 0.379762, 

532.214, 56, 0, 0.379762, 

532.214, 57, 0, 0.379762, 

532.214, 58, 0, 0.379762, 

532.214, 59, 0, 0.379762, 

532.214, 60, 0, 0.379762, 

532.214, 61, 0, 0.379762, 

532.214, 62, 0, 0.379762, 

532.214, 63, 0, 0.379762, 

532.214, 64, 0, 0.379762, 

532.214, 65, 0, 0.379762, 

532.214, 66, 0, 0.379762, 

532.214, 67, 0, 0.379762, 

532.214, 68, 0, 0.379762, 

532.214, 69, 0, 0.379762, 

532.214, 70, 0, 0.379762, 

532.214, 71, 0, 0.379762, 

532.214, 72, 0, 0.379762, 

532.214, 73, 0, 0.379762, 

532.214, 74, 0, 0.379762, 

532.214, 75, 0, 0.379762, 

532.214, 76, 0, 0.379762, 

532.214, 77, 0, 0.379762, 

532.214, 78, 0, 0.379762, 

532.214, 79, 0, 0.379762, 

532.214, 80, 0, 0.379762, 

532.214, 81, 0, 0.379762, 

532.214, 82, 0, 0.379762, 

532.214, 83, 0, 0.379762, 

532.214, 84, 0, 0.379762, 

532.214, 85, 0, 0.379762, 

532.214, 86, 0, 0.379762, 

532.214, 87, 0, 0.379762, 

532.214, 88, 0, 0.379762, 

532.214, 89, 0, 0.379762, 

532.214, 90, 0, 0.379762, 

532.214, 91, 0, 0.379762, 

532.214, 92, 0, 0.379762, 

532.214, 93, 0, 0.379762, 

532.214, 94, 0, 0.379762, 

532.214, 95, 0, 0.379762, 

532.214, 96, 0, 0.379762, 

532.214, 97, 0, 0.379762, 

532.214, 98, 0, 0.379762, 

532.214, 99, 0, 0.379762, 

532.214, 100, 0, 0.379762, 

532.214, 101, 0, 0.379762, 

532.214, 102, 0, 0.379762, 

532.214, 103, 0, 0.379762, 

532.214, 104, 0, 0.379762, 

532.214, 105, 0, 0.379762, 

532.214, 106, 0, 0.379762, 

532.214, 107, 0, 0.379762, 

532.214, 108, 0, 0.379762, 

532.214, 109, 0, 0.379762, 

532.214, 110, 0, 0.379762, 

532.214, 111, 0, 0.379762, 

532.214, 112, 0, 0.379762, 

532.214, 113, 0, 0.379762, 

532.214, 114, 0, 0.379762, 

532.214, 115, 0, 0.379762, 

532.214, 116, 0, 0.379762, 

532.214, 117, 0, 0.379762, 

532.214, 118, 0, 0.379762, 

532.214, 119, 0, 0.379762, 

534.849, 0, 0, 0.379878, 

534.849, 1, 0, 0.379878, 

534.849, 2, 0, 0.379878, 

534.849, 3, 0, 0.379878, 

534.849, 4, 0, 0.379878, 

534.849, 5, 0, 0.379878, 

534.849, 6, 0, 0.379878, 

534.849, 7, 0, 0.379878, 

534.849, 8, 0, 0.379878, 

534.849, 9, 0, 0.379878, 

534.849, 10, 0, 0.379878, 

534.849, 11, 0, 0.379878, 

534.849, 12, 0, 0.379878, 

534.849, 13, 0, 0.379878, 

534.849, 14, 0, 0.379878, 

534.849, 15, 0, 0.379878, 

534.849, 16, 0, 0.379878, 

534.849, 17, 0, 0.379878, 

534.849, 18, 0, 0.379878, 

534.849, 19, 0, 0.379878, 

534.849, 20, 0, 0.379878, 

534.849, 21, 0, 0.379878, 

534.849, 22, 0, 0.379878, 

534.849, 23, 0, 0.379878, 

534.849, 24, 0, 0.379878, 

534.849, 25, 0, 0.379878, 

534.849, 26, 0, 0.379878, 

534.849, 27, 0, 0.379878, 

534.849, 28, 0, 0.379878, 

534.849, 29, 0, 0.379878, 

534.849, 30, 0, 0.379878, 

534.849, 31, 0, 0.379878, 

534.849, 32, 0, 0.379878, 

534.849, 33, 0, 0.379878, 

534.849, 34, 0, 0.379878, 

534.849, 35, 0, 0.379878, 

534.849, 36, 0, 0.379878, 

534.849, 37, 0, 0.379878, 

534.849, 38, 0, 0.379878, 

534.849, 39, 0, 0.379878, 

534.849, 40, 0, 0.379878, 

534.849, 41, 0, 0.379878, 

534.849, 42, 0, 0.379878, 

534.849, 43, 0, 0.379878, 

534.849, 44, 0, 0.379878, 

534.849, 45, 0, 0.379878, 

534.849, 46, 0, 0.379878, 

534.849, 47, 0, 0.379878, 

534.849, 48, 0, 0.379878, 

534.849, 49, 0, 0.379878, 

534.849, 50, 0, 0.379878, 

534.849, 51, 0, 0.379878, 

534.849, 52, 0, 0.379878, 

534.849, 53, 0, 0.379878, 

534.849, 54, 0, 0.379878, 

534.849, 55, 0, 0.379878, 

534.849, 56, 0, 0.379878, 

534.849, 57, 0, 0.379878, 

534.849, 58, 0, 0.379878, 

534.849, 59, 0, 0.379878, 

534.849, 60, 0, 0.379878, 

534.849, 61, 0, 0.379878, 

534.849, 62, 0, 0.379878, 

534.849, 63, 0, 0.379878, 

534.849, 64, 0, 0.379878, 

534.849, 65, 0, 0.379878, 

534.849, 66, 0, 0.379878, 

534.849, 67, 0, 0.379878, 

534.849, 68, 0, 0.379878, 

534.849, 69, 0, 0.379878, 

534.849, 70, 0, 0.379878, 

534.849, 71, 0, 0.379878, 

534.849, 72, 0, 0.379878, 

534.849, 73, 0, 0.379878, 

534.849, 74, 0, 0.379878, 

534.849, 75, 0, 0.379878, 

534.849, 76, 0, 0.379878, 

534.849, 77, 0, 0.379878, 

534.849, 78, 0, 0.379878, 

534.849, 79, 0, 0.379878, 

534.849, 80, 0, 0.379878, 

534.849, 81, 0, 0.379878, 

534.849, 82, 0, 0.379878, 

534.849, 83, 0, 0.379878, 

534.849, 84, 0, 0.379878, 

534.849, 85, 0, 0.379878, 

534.849, 86, 0, 0.379878, 

534.849, 87, 0, 0.379878, 

534.849, 88, 0, 0.379878, 

534.849, 89, 0, 0.379878, 

534.849, 90, 0, 0.379878, 

534.849, 91, 0, 0.379878, 

534.849, 92, 0, 0.379878, 

534.849, 93, 0, 0.379878, 

534.849, 94, 0, 0.379878, 

534.849, 95, 0, 0.379878, 

534.849, 96, 0, 0.379878, 

534.849, 97, 0, 0.379878, 

534.849, 98, 0, 0.379878, 

534.849, 99, 0, 0.379878, 

534.849, 100, 0, 0.379878, 

534.849, 101, 0, 0.379878, 

534.849, 102, 0, 0.379878, 

534.849, 103, 0, 0.379878, 

534.849, 104, 0, 0.379878, 

534.849, 105, 0, 0.379878, 

534.849, 106, 0, 0.379878, 

534.849, 107, 0, 0.379878, 

534.849, 108, 0, 0.379878, 

534.849, 109, 0, 0.379878, 

534.849, 110, 0, 0.379878, 

534.849, 111, 0, 0.379878, 

534.849, 112, 0, 0.379878, 

534.849, 113, 0, 0.379878, 

534.849, 114, 0, 0.379878, 

534.849, 115, 0, 0.379878, 

534.849, 116, 0, 0.379878, 

534.849, 117, 0, 0.379878, 

534.849, 118, 0, 0.379878, 

534.849, 119, 0, 0.379878, 

537.483, 0, 0, 0.380042, 

537.483, 1, 0, 0.380042, 

537.483, 2, 0, 0.380042, 

537.483, 3, 0, 0.380042, 

537.483, 4, 0, 0.380042, 

537.483, 5, 0, 0.380042, 

537.483, 6, 0, 0.380042, 

537.483, 7, 0, 0.380042, 

537.483, 8, 0, 0.380042, 

537.483, 9, 0, 0.380042, 

537.483, 10, 0, 0.380042, 

537.483, 11, 0, 0.380042, 

537.483, 12, 0, 0.380042, 

537.483, 13, 0, 0.380042, 

537.483, 14, 0, 0.380042, 

537.483, 15, 0, 0.380042, 

537.483, 16, 0, 0.380042, 

537.483, 17, 0, 0.380042, 

537.483, 18, 0, 0.380042, 

537.483, 19, 0, 0.380042, 

537.483, 20, 0, 0.380042, 

537.483, 21, 0, 0.380042, 

537.483, 22, 0, 0.380042, 

537.483, 23, 0, 0.380042, 

537.483, 24, 0, 0.380042, 

537.483, 25, 0, 0.380042, 

537.483, 26, 0, 0.380042, 

537.483, 27, 0, 0.380042, 

537.483, 28, 0, 0.380042, 

537.483, 29, 0, 0.380042, 

537.483, 30, 0, 0.380042, 

537.483, 31, 0, 0.380042, 

537.483, 32, 0, 0.380042, 

537.483, 33, 0, 0.380042, 

537.483, 34, 0, 0.380042, 

537.483, 35, 0, 0.380042, 

537.483, 36, 0, 0.380042, 

537.483, 37, 0, 0.380042, 

537.483, 38, 0, 0.380042, 

537.483, 39, 0, 0.380042, 

537.483, 40, 0, 0.380042, 

537.483, 41, 0, 0.380042, 

537.483, 42, 0, 0.380042, 

537.483, 43, 0, 0.380042, 

537.483, 44, 0, 0.380042, 

537.483, 45, 0, 0.380042, 

537.483, 46, 0, 0.380042, 

537.483, 47, 0, 0.380042, 

537.483, 48, 0, 0.380042, 

537.483, 49, 0, 0.380042, 

537.483, 50, 0, 0.380042, 

537.483, 51, 0, 0.380042, 

537.483, 52, 0, 0.380042, 

537.483, 53, 0, 0.380042, 

537.483, 54, 0, 0.380042, 

537.483, 55, 0, 0.380042, 

537.483, 56, 0, 0.380042, 

537.483, 57, 0, 0.380042, 

537.483, 58, 0, 0.380042, 

537.483, 59, 0, 0.380042, 

537.483, 60, 0, 0.380042, 

537.483, 61, 0, 0.380042, 

537.483, 62, 0, 0.380042, 

537.483, 63, 0, 0.380042, 

537.483, 64, 0, 0.380042, 

537.483, 65, 0, 0.380042, 

537.483, 66, 0, 0.380042, 

537.483, 67, 0, 0.380042, 

537.483, 68, 0, 0.380042, 

537.483, 69, 0, 0.380042, 

537.483, 70, 0, 0.380042, 

537.483, 71, 0, 0.380042, 

537.483, 72, 0, 0.380042, 

537.483, 73, 0, 0.380042, 

537.483, 74, 0, 0.380042, 

537.483, 75, 0, 0.380042, 

537.483, 76, 0, 0.380042, 

537.483, 77, 0, 0.380042, 

537.483, 78, 0, 0.380042, 

537.483, 79, 0, 0.380042, 

537.483, 80, 0, 0.380042, 

537.483, 81, 0, 0.380042, 

537.483, 82, 0, 0.380042, 

537.483, 83, 0, 0.380042, 

537.483, 84, 0, 0.380042, 

537.483, 85, 0, 0.380042, 

537.483, 86, 0, 0.380042, 

537.483, 87, 0, 0.380042, 

537.483, 88, 0, 0.380042, 

537.483, 89, 0, 0.380042, 

537.483, 90, 0, 0.380042, 

537.483, 91, 0, 0.380042, 

537.483, 92, 0, 0.380042, 

537.483, 93, 0, 0.380042, 

537.483, 94, 0, 0.380042, 

537.483, 95, 0, 0.380042, 

537.483, 96, 0, 0.380042, 

537.483, 97, 0, 0.380042, 

537.483, 98, 0, 0.380042, 

537.483, 99, 0, 0.380042, 

537.483, 100, 0, 0.380042, 

537.483, 101, 0, 0.380042, 

537.483, 102, 0, 0.380042, 

537.483, 103, 0, 0.380042, 

537.483, 104, 0, 0.380042, 

537.483, 105, 0, 0.380042, 

537.483, 106, 0, 0.380042, 

537.483, 107, 0, 0.380042, 

537.483, 108, 0, 0.380042, 

537.483, 109, 0, 0.380042, 

537.483, 110, 0, 0.380042, 

537.483, 111, 0, 0.380042, 

537.483, 112, 0, 0.380042, 

537.483, 113, 0, 0.380042, 

537.483, 114, 0, 0.380042, 

537.483, 115, 0, 0.380042, 

537.483, 116, 0, 0.380042, 

537.483, 117, 0, 0.380042, 

537.483, 118, 0, 0.380042, 

537.483, 119, 0, 0.380042, 

540.118, 0, 0, 0.380273, 

540.118, 1, 0, 0.380273, 

540.118, 2, 0, 0.380273, 

540.118, 3, 0, 0.380273, 

540.118, 4, 0, 0.380273, 

540.118, 5, 0, 0.380273, 

540.118, 6, 0, 0.380273, 

540.118, 7, 0, 0.380273, 

540.118, 8, 0, 0.380273, 

540.118, 9, 0, 0.380273, 

540.118, 10, 0, 0.380273, 

540.118, 11, 0, 0.380273, 

540.118, 12, 0, 0.380273, 

540.118, 13, 0, 0.380273, 

540.118, 14, 0, 0.380273, 

540.118, 15, 0, 0.380273, 

540.118, 16, 0, 0.380273, 

540.118, 17, 0, 0.380273, 

540.118, 18, 0, 0.380273, 

540.118, 19, 0, 0.380273, 

540.118, 20, 0, 0.380273, 

540.118, 21, 0, 0.380273, 

540.118, 22, 0, 0.380273, 

540.118, 23, 0, 0.380273, 

540.118, 24, 0, 0.380273, 

540.118, 25, 0, 0.380273, 

540.118, 26, 0, 0.380273, 

540.118, 27, 0, 0.380273, 

540.118, 28, 0, 0.380273, 

540.118, 29, 0, 0.380273, 

540.118, 30, 0, 0.380273, 

540.118, 31, 0, 0.380273, 

540.118, 32, 0, 0.380273, 

540.118, 33, 0, 0.380273, 

540.118, 34, 0, 0.380273, 

540.118, 35, 0, 0.380273, 

540.118, 36, 0, 0.380273, 

540.118, 37, 0, 0.380273, 

540.118, 38, 0, 0.380273, 

540.118, 39, 0, 0.380273, 

540.118, 40, 0, 0.380273, 

540.118, 41, 0, 0.380273, 

540.118, 42, 0, 0.380273, 

540.118, 43, 0, 0.380273, 

540.118, 44, 0, 0.380273, 

540.118, 45, 0, 0.380273, 

540.118, 46, 0, 0.380273, 

540.118, 47, 0, 0.380273, 

540.118, 48, 0, 0.380273, 

540.118, 49, 0, 0.380273, 

540.118, 50, 0, 0.380273, 

540.118, 51, 0, 0.380273, 

540.118, 52, 0, 0.380273, 

540.118, 53, 0, 0.380273, 

540.118, 54, 0, 0.380273, 

540.118, 55, 0, 0.380273, 

540.118, 56, 0, 0.380273, 

540.118, 57, 0, 0.380273, 

540.118, 58, 0, 0.380273, 

540.118, 59, 0, 0.380273, 

540.118, 60, 0, 0.380273, 

540.118, 61, 0, 0.380273, 

540.118, 62, 0, 0.380273, 

540.118, 63, 0, 0.380273, 

540.118, 64, 0, 0.380273, 

540.118, 65, 0, 0.380273, 

540.118, 66, 0, 0.380273, 

540.118, 67, 0, 0.380273, 

540.118, 68, 0, 0.380273, 

540.118, 69, 0, 0.380273, 

540.118, 70, 0, 0.380273, 

540.118, 71, 0, 0.380273, 

540.118, 72, 0, 0.380273, 

540.118, 73, 0, 0.380273, 

540.118, 74, 0, 0.380273, 

540.118, 75, 0, 0.380273, 

540.118, 76, 0, 0.380273, 

540.118, 77, 0, 0.380273, 

540.118, 78, 0, 0.380273, 

540.118, 79, 0, 0.380273, 

540.118, 80, 0, 0.380273, 

540.118, 81, 0, 0.380273, 

540.118, 82, 0, 0.380273, 

540.118, 83, 0, 0.380273, 

540.118, 84, 0, 0.380273, 

540.118, 85, 0, 0.380273, 

540.118, 86, 0, 0.380273, 

540.118, 87, 0, 0.380273, 

540.118, 88, 0, 0.380273, 

540.118, 89, 0, 0.380273, 

540.118, 90, 0, 0.380273, 

540.118, 91, 0, 0.380273, 

540.118, 92, 0, 0.380273, 

540.118, 93, 0, 0.380273, 

540.118, 94, 0, 0.380273, 

540.118, 95, 0, 0.380273, 

540.118, 96, 0, 0.380273, 

540.118, 97, 0, 0.380273, 

540.118, 98, 0, 0.380273, 

540.118, 99, 0, 0.380273, 

540.118, 100, 0, 0.380273, 

540.118, 101, 0, 0.380273, 

540.118, 102, 0, 0.380273, 

540.118, 103, 0, 0.380273, 

540.118, 104, 0, 0.380273, 

540.118, 105, 0, 0.380273, 

540.118, 106, 0, 0.380273, 

540.118, 107, 0, 0.380273, 

540.118, 108, 0, 0.380273, 

540.118, 109, 0, 0.380273, 

540.118, 110, 0, 0.380273, 

540.118, 111, 0, 0.380273, 

540.118, 112, 0, 0.380273, 

540.118, 113, 0, 0.380273, 

540.118, 114, 0, 0.380273, 

540.118, 115, 0, 0.380273, 

540.118, 116, 0, 0.380273, 

540.118, 117, 0, 0.380273, 

540.118, 118, 0, 0.380273, 

540.118, 119, 0, 0.380273, 

542.753, 0, 0, 0.380593, 

542.753, 1, 0, 0.380593, 

542.753, 2, 0, 0.380593, 

542.753, 3, 0, 0.380593, 

542.753, 4, 0, 0.380593, 

542.753, 5, 0, 0.380593, 

542.753, 6, 0, 0.380593, 

542.753, 7, 0, 0.380593, 

542.753, 8, 0, 0.380593, 

542.753, 9, 0, 0.380593, 

542.753, 10, 0, 0.380593, 

542.753, 11, 0, 0.380593, 

542.753, 12, 0, 0.380593, 

542.753, 13, 0, 0.380593, 

542.753, 14, 0, 0.380593, 

542.753, 15, 0, 0.380593, 

542.753, 16, 0, 0.380593, 

542.753, 17, 0, 0.380593, 

542.753, 18, 0, 0.380593, 

542.753, 19, 0, 0.380593, 

542.753, 20, 0, 0.380593, 

542.753, 21, 0, 0.380593, 

542.753, 22, 0, 0.380593, 

542.753, 23, 0, 0.380593, 

542.753, 24, 0, 0.380593, 

542.753, 25, 0, 0.380593, 

542.753, 26, 0, 0.380593, 

542.753, 27, 0, 0.380593, 

542.753, 28, 0, 0.380593, 

542.753, 29, 0, 0.380593, 

542.753, 30, 0, 0.380593, 

542.753, 31, 0, 0.380593, 

542.753, 32, 0, 0.380593, 

542.753, 33, 0, 0.380593, 

542.753, 34, 0, 0.380593, 

542.753, 35, 0, 0.380593, 

542.753, 36, 0, 0.380593, 

542.753, 37, 0, 0.380593, 

542.753, 38, 0, 0.380593, 

542.753, 39, 0, 0.380593, 

542.753, 40, 0, 0.380593, 

542.753, 41, 0, 0.380593, 

542.753, 42, 0, 0.380593, 

542.753, 43, 0, 0.380593, 

542.753, 44, 0, 0.380593, 

542.753, 45, 0, 0.380593, 

542.753, 46, 0, 0.380593, 

542.753, 47, 0, 0.380593, 

542.753, 48, 0, 0.380593, 

542.753, 49, 0, 0.380593, 

542.753, 50, 0, 0.380593, 

542.753, 51, 0, 0.380593, 

542.753, 52, 0, 0.380593, 

542.753, 53, 0, 0.380593, 

542.753, 54, 0, 0.380593, 

542.753, 55, 0, 0.380593, 

542.753, 56, 0, 0.380593, 

542.753, 57, 0, 0.380593, 

542.753, 58, 0, 0.380593, 

542.753, 59, 0, 0.380593, 

542.753, 60, 0, 0.380593, 

542.753, 61, 0, 0.380593, 

542.753, 62, 0, 0.380593, 

542.753, 63, 0, 0.380593, 

542.753, 64, 0, 0.380593, 

542.753, 65, 0, 0.380593, 

542.753, 66, 0, 0.380593, 

542.753, 67, 0, 0.380593, 

542.753, 68, 0, 0.380593, 

542.753, 69, 0, 0.380593, 

542.753, 70, 0, 0.380593, 

542.753, 71, 0, 0.380593, 

542.753, 72, 0, 0.380593, 

542.753, 73, 0, 0.380593, 

542.753, 74, 0, 0.380593, 

542.753, 75, 0, 0.380593, 

542.753, 76, 0, 0.380593, 

542.753, 77, 0, 0.380593, 

542.753, 78, 0, 0.380593, 

542.753, 79, 0, 0.380593, 

542.753, 80, 0, 0.380593, 

542.753, 81, 0, 0.380593, 

542.753, 82, 0, 0.380593, 

542.753, 83, 0, 0.380593, 

542.753, 84, 0, 0.380593, 

542.753, 85, 0, 0.380593, 

542.753, 86, 0, 0.380593, 

542.753, 87, 0, 0.380593, 

542.753, 88, 0, 0.380593, 

542.753, 89, 0, 0.380593, 

542.753, 90, 0, 0.380593, 

542.753, 91, 0, 0.380593, 

542.753, 92, 0, 0.380593, 

542.753, 93, 0, 0.380593, 

542.753, 94, 0, 0.380593, 

542.753, 95, 0, 0.380593, 

542.753, 96, 0, 0.380593, 

542.753, 97, 0, 0.380593, 

542.753, 98, 0, 0.380593, 

542.753, 99, 0, 0.380593, 

542.753, 100, 0, 0.380593, 

542.753, 101, 0, 0.380593, 

542.753, 102, 0, 0.380593, 

542.753, 103, 0, 0.380593, 

542.753, 104, 0, 0.380593, 

542.753, 105, 0, 0.380593, 

542.753, 106, 0, 0.380593, 

542.753, 107, 0, 0.380593, 

542.753, 108, 0, 0.380593, 

542.753, 109, 0, 0.380593, 

542.753, 110, 0, 0.380593, 

542.753, 111, 0, 0.380593, 

542.753, 112, 0, 0.380593, 

542.753, 113, 0, 0.380593, 

542.753, 114, 0, 0.380593, 

542.753, 115, 0, 0.380593, 

542.753, 116, 0, 0.380593, 

542.753, 117, 0, 0.380593, 

542.753, 118, 0, 0.380593, 

542.753, 119, 0, 0.380593, 

545.387, 0, 0, 0.381037, 

545.387, 1, 0, 0.381037, 

545.387, 2, 0, 0.381037, 

545.387, 3, 0, 0.381037, 

545.387, 4, 0, 0.381037, 

545.387, 5, 0, 0.381037, 

545.387, 6, 0, 0.381037, 

545.387, 7, 0, 0.381037, 

545.387, 8, 0, 0.381037, 

545.387, 9, 0, 0.381037, 

545.387, 10, 0, 0.381037, 

545.387, 11, 0, 0.381037, 

545.387, 12, 0, 0.381037, 

545.387, 13, 0, 0.381037, 

545.387, 14, 0, 0.381037, 

545.387, 15, 0, 0.381037, 

545.387, 16, 0, 0.381037, 

545.387, 17, 0, 0.381037, 

545.387, 18, 0, 0.381037, 

545.387, 19, 0, 0.381037, 

545.387, 20, 0, 0.381037, 

545.387, 21, 0, 0.381037, 

545.387, 22, 0, 0.381037, 

545.387, 23, 0, 0.381037, 

545.387, 24, 0, 0.381037, 

545.387, 25, 0, 0.381037, 

545.387, 26, 0, 0.381037, 

545.387, 27, 0, 0.381037, 

545.387, 28, 0, 0.381037, 

545.387, 29, 0, 0.381037, 

545.387, 30, 0, 0.381037, 

545.387, 31, 0, 0.381037, 

545.387, 32, 0, 0.381037, 

545.387, 33, 0, 0.381037, 

545.387, 34, 0, 0.381037, 

545.387, 35, 0, 0.381037, 

545.387, 36, 0, 0.381037, 

545.387, 37, 0, 0.381037, 

545.387, 38, 0, 0.381037, 

545.387, 39, 0, 0.381037, 

545.387, 40, 0, 0.381037, 

545.387, 41, 0, 0.381037, 

545.387, 42, 0, 0.381037, 

545.387, 43, 0, 0.381037, 

545.387, 44, 0, 0.381037, 

545.387, 45, 0, 0.381037, 

545.387, 46, 0, 0.381037, 

545.387, 47, 0, 0.381037, 

545.387, 48, 0, 0.381037, 

545.387, 49, 0, 0.381037, 

545.387, 50, 0, 0.381037, 

545.387, 51, 0, 0.381037, 

545.387, 52, 0, 0.381037, 

545.387, 53, 0, 0.381037, 

545.387, 54, 0, 0.381037, 

545.387, 55, 0, 0.381037, 

545.387, 56, 0, 0.381037, 

545.387, 57, 0, 0.381037, 

545.387, 58, 0, 0.381037, 

545.387, 59, 0, 0.381037, 

545.387, 60, 0, 0.381037, 

545.387, 61, 0, 0.381037, 

545.387, 62, 0, 0.381037, 

545.387, 63, 0, 0.381037, 

545.387, 64, 0, 0.381037, 

545.387, 65, 0, 0.381037, 

545.387, 66, 0, 0.381037, 

545.387, 67, 0, 0.381037, 

545.387, 68, 0, 0.381037, 

545.387, 69, 0, 0.381037, 

545.387, 70, 0, 0.381037, 

545.387, 71, 0, 0.381037, 

545.387, 72, 0, 0.381037, 

545.387, 73, 0, 0.381037, 

545.387, 74, 0, 0.381037, 

545.387, 75, 0, 0.381037, 

545.387, 76, 0, 0.381037, 

545.387, 77, 0, 0.381037, 

545.387, 78, 0, 0.381037, 

545.387, 79, 0, 0.381037, 

545.387, 80, 0, 0.381037, 

545.387, 81, 0, 0.381037, 

545.387, 82, 0, 0.381037, 

545.387, 83, 0, 0.381037, 

545.387, 84, 0, 0.381037, 

545.387, 85, 0, 0.381037, 

545.387, 86, 0, 0.381037, 

545.387, 87, 0, 0.381037, 

545.387, 88, 0, 0.381037, 

545.387, 89, 0, 0.381037, 

545.387, 90, 0, 0.381037, 

545.387, 91, 0, 0.381037, 

545.387, 92, 0, 0.381037, 

545.387, 93, 0, 0.381037, 

545.387, 94, 0, 0.381037, 

545.387, 95, 0, 0.381037, 

545.387, 96, 0, 0.381037, 

545.387, 97, 0, 0.381037, 

545.387, 98, 0, 0.381037, 

545.387, 99, 0, 0.381037, 

545.387, 100, 0, 0.381037, 

545.387, 101, 0, 0.381037, 

545.387, 102, 0, 0.381037, 

545.387, 103, 0, 0.381037, 

545.387, 104, 0, 0.381037, 

545.387, 105, 0, 0.381037, 

545.387, 106, 0, 0.381037, 

545.387, 107, 0, 0.381037, 

545.387, 108, 0, 0.381037, 

545.387, 109, 0, 0.381037, 

545.387, 110, 0, 0.381037, 

545.387, 111, 0, 0.381037, 

545.387, 112, 0, 0.381037, 

545.387, 113, 0, 0.381037, 

545.387, 114, 0, 0.381037, 

545.387, 115, 0, 0.381037, 

545.387, 116, 0, 0.381037, 

545.387, 117, 0, 0.381037, 

545.387, 118, 0, 0.381037, 

545.387, 119, 0, 0.381037, 

548.022, 0, 0, 0.381646, 

548.022, 1, 0, 0.381646, 

548.022, 2, 0, 0.381646, 

548.022, 3, 0, 0.381646, 

548.022, 4, 0, 0.381646, 

548.022, 5, 0, 0.381646, 

548.022, 6, 0, 0.381646, 

548.022, 7, 0, 0.381646, 

548.022, 8, 0, 0.381646, 

548.022, 9, 0, 0.381646, 

548.022, 10, 0, 0.381646, 

548.022, 11, 0, 0.381646, 

548.022, 12, 0, 0.381646, 

548.022, 13, 0, 0.381646, 

548.022, 14, 0, 0.381646, 

548.022, 15, 0, 0.381646, 

548.022, 16, 0, 0.381646, 

548.022, 17, 0, 0.381646, 

548.022, 18, 0, 0.381646, 

548.022, 19, 0, 0.381646, 

548.022, 20, 0, 0.381646, 

548.022, 21, 0, 0.381646, 

548.022, 22, 0, 0.381646, 

548.022, 23, 0, 0.381646, 

548.022, 24, 0, 0.381646, 

548.022, 25, 0, 0.381646, 

548.022, 26, 0, 0.381646, 

548.022, 27, 0, 0.381646, 

548.022, 28, 0, 0.381646, 

548.022, 29, 0, 0.381646, 

548.022, 30, 0, 0.381646, 

548.022, 31, 0, 0.381646, 

548.022, 32, 0, 0.381646, 

548.022, 33, 0, 0.381646, 

548.022, 34, 0, 0.381646, 

548.022, 35, 0, 0.381646, 

548.022, 36, 0, 0.381646, 

548.022, 37, 0, 0.381646, 

548.022, 38, 0, 0.381646, 

548.022, 39, 0, 0.381646, 

548.022, 40, 0, 0.381646, 

548.022, 41, 0, 0.381646, 

548.022, 42, 0, 0.381646, 

548.022, 43, 0, 0.381646, 

548.022, 44, 0, 0.381646, 

548.022, 45, 0, 0.381646, 

548.022, 46, 0, 0.381646, 

548.022, 47, 0, 0.381646, 

548.022, 48, 0, 0.381646, 

548.022, 49, 0, 0.381646, 

548.022, 50, 0, 0.381646, 

548.022, 51, 0, 0.381646, 

548.022, 52, 0, 0.381646, 

548.022, 53, 0, 0.381646, 

548.022, 54, 0, 0.381646, 

548.022, 55, 0, 0.381646, 

548.022, 56, 0, 0.381646, 

548.022, 57, 0, 0.381646, 

548.022, 58, 0, 0.381646, 

548.022, 59, 0, 0.381646, 

548.022, 60, 0, 0.381646, 

548.022, 61, 0, 0.381646, 

548.022, 62, 0, 0.381646, 

548.022, 63, 0, 0.381646, 

548.022, 64, 0, 0.381646, 

548.022, 65, 0, 0.381646, 

548.022, 66, 0, 0.381646, 

548.022, 67, 0, 0.381646, 

548.022, 68, 0, 0.381646, 

548.022, 69, 0, 0.381646, 

548.022, 70, 0, 0.381646, 

548.022, 71, 0, 0.381646, 

548.022, 72, 0, 0.381646, 

548.022, 73, 0, 0.381646, 

548.022, 74, 0, 0.381646, 

548.022, 75, 0, 0.381646, 

548.022, 76, 0, 0.381646, 

548.022, 77, 0, 0.381646, 

548.022, 78, 0, 0.381646, 

548.022, 79, 0, 0.381646, 

548.022, 80, 0, 0.381646, 

548.022, 81, 0, 0.381646, 

548.022, 82, 0, 0.381646, 

548.022, 83, 0, 0.381646, 

548.022, 84, 0, 0.381646, 

548.022, 85, 0, 0.381646, 

548.022, 86, 0, 0.381646, 

548.022, 87, 0, 0.381646, 

548.022, 88, 0, 0.381646, 

548.022, 89, 0, 0.381646, 

548.022, 90, 0, 0.381646, 

548.022, 91, 0, 0.381646, 

548.022, 92, 0, 0.381646, 

548.022, 93, 0, 0.381646, 

548.022, 94, 0, 0.381646, 

548.022, 95, 0, 0.381646, 

548.022, 96, 0, 0.381646, 

548.022, 97, 0, 0.381646, 

548.022, 98, 0, 0.381646, 

548.022, 99, 0, 0.381646, 

548.022, 100, 0, 0.381646, 

548.022, 101, 0, 0.381646, 

548.022, 102, 0, 0.381646, 

548.022, 103, 0, 0.381646, 

548.022, 104, 0, 0.381646, 

548.022, 105, 0, 0.381646, 

548.022, 106, 0, 0.381646, 

548.022, 107, 0, 0.381646, 

548.022, 108, 0, 0.381646, 

548.022, 109, 0, 0.381646, 

548.022, 110, 0, 0.381646, 

548.022, 111, 0, 0.381646, 

548.022, 112, 0, 0.381646, 

548.022, 113, 0, 0.381646, 

548.022, 114, 0, 0.381646, 

548.022, 115, 0, 0.381646, 

548.022, 116, 0, 0.381646, 

548.022, 117, 0, 0.381646, 

548.022, 118, 0, 0.381646, 

548.022, 119, 0, 0.381646, 

550.657, 0, 0, 0.382475, 

550.657, 1, 0, 0.382475, 

550.657, 2, 0, 0.382475, 

550.657, 3, 0, 0.382475, 

550.657, 4, 0, 0.382475, 

550.657, 5, 0, 0.382475, 

550.657, 6, 0, 0.382475, 

550.657, 7, 0, 0.382475, 

550.657, 8, 0, 0.382475, 

550.657, 9, 0, 0.382475, 

550.657, 10, 0, 0.382475, 

550.657, 11, 0, 0.382475, 

550.657, 12, 0, 0.382475, 

550.657, 13, 0, 0.382475, 

550.657, 14, 0, 0.382475, 

550.657, 15, 0, 0.382475, 

550.657, 16, 0, 0.382475, 

550.657, 17, 0, 0.382475, 

550.657, 18, 0, 0.382475, 

550.657, 19, 0, 0.382475, 

550.657, 20, 0, 0.382475, 

550.657, 21, 0, 0.382475, 

550.657, 22, 0, 0.382475, 

550.657, 23, 0, 0.382475, 

550.657, 24, 0, 0.382475, 

550.657, 25, 0, 0.382475, 

550.657, 26, 0, 0.382475, 

550.657, 27, 0, 0.382475, 

550.657, 28, 0, 0.382475, 

550.657, 29, 0, 0.382475, 

550.657, 30, 0, 0.382475, 

550.657, 31, 0, 0.382475, 

550.657, 32, 0, 0.382475, 

550.657, 33, 0, 0.382475, 

550.657, 34, 0, 0.382475, 

550.657, 35, 0, 0.382475, 

550.657, 36, 0, 0.382475, 

550.657, 37, 0, 0.382475, 

550.657, 38, 0, 0.382475, 

550.657, 39, 0, 0.382475, 

550.657, 40, 0, 0.382475, 

550.657, 41, 0, 0.382475, 

550.657, 42, 0, 0.382475, 

550.657, 43, 0, 0.382475, 

550.657, 44, 0, 0.382475, 

550.657, 45, 0, 0.382475, 

550.657, 46, 0, 0.382475, 

550.657, 47, 0, 0.382475, 

550.657, 48, 0, 0.382475, 

550.657, 49, 0, 0.382475, 

550.657, 50, 0, 0.382475, 

550.657, 51, 0, 0.382475, 

550.657, 52, 0, 0.382475, 

550.657, 53, 0, 0.382475, 

550.657, 54, 0, 0.382475, 

550.657, 55, 0, 0.382475, 

550.657, 56, 0, 0.382475, 

550.657, 57, 0, 0.382475, 

550.657, 58, 0, 0.382475, 

550.657, 59, 0, 0.382475, 

550.657, 60, 0, 0.382475, 

550.657, 61, 0, 0.382475, 

550.657, 62, 0, 0.382475, 

550.657, 63, 0, 0.382475, 

550.657, 64, 0, 0.382475, 

550.657, 65, 0, 0.382475, 

550.657, 66, 0, 0.382475, 

550.657, 67, 0, 0.382475, 

550.657, 68, 0, 0.382475, 

550.657, 69, 0, 0.382475, 

550.657, 70, 0, 0.382475, 

550.657, 71, 0, 0.382475, 

550.657, 72, 0, 0.382475, 

550.657, 73, 0, 0.382475, 

550.657, 74, 0, 0.382475, 

550.657, 75, 0, 0.382475, 

550.657, 76, 0, 0.382475, 

550.657, 77, 0, 0.382475, 

550.657, 78, 0, 0.382475, 

550.657, 79, 0, 0.382475, 

550.657, 80, 0, 0.382475, 

550.657, 81, 0, 0.382475, 

550.657, 82, 0, 0.382475, 

550.657, 83, 0, 0.382475, 

550.657, 84, 0, 0.382475, 

550.657, 85, 0, 0.382475, 

550.657, 86, 0, 0.382475, 

550.657, 87, 0, 0.382475, 

550.657, 88, 0, 0.382475, 

550.657, 89, 0, 0.382475, 

550.657, 90, 0, 0.382475, 

550.657, 91, 0, 0.382475, 

550.657, 92, 0, 0.382475, 

550.657, 93, 0, 0.382475, 

550.657, 94, 0, 0.382475, 

550.657, 95, 0, 0.382475, 

550.657, 96, 0, 0.382475, 

550.657, 97, 0, 0.382475, 

550.657, 98, 0, 0.382475, 

550.657, 99, 0, 0.382475, 

550.657, 100, 0, 0.382475, 

550.657, 101, 0, 0.382475, 

550.657, 102, 0, 0.382475, 

550.657, 103, 0, 0.382475, 

550.657, 104, 0, 0.382475, 

550.657, 105, 0, 0.382475, 

550.657, 106, 0, 0.382475, 

550.657, 107, 0, 0.382475, 

550.657, 108, 0, 0.382475, 

550.657, 109, 0, 0.382475, 

550.657, 110, 0, 0.382475, 

550.657, 111, 0, 0.382475, 

550.657, 112, 0, 0.382475, 

550.657, 113, 0, 0.382475, 

550.657, 114, 0, 0.382475, 

550.657, 115, 0, 0.382475, 

550.657, 116, 0, 0.382475, 

550.657, 117, 0, 0.382475, 

550.657, 118, 0, 0.382475, 

550.657, 119, 0, 0.382475, 

553.292, 0, 0, 0.383598, 

553.292, 1, 0, 0.383598, 

553.292, 2, 0, 0.383598, 

553.292, 3, 0, 0.383598, 

553.292, 4, 0, 0.383598, 

553.292, 5, 0, 0.383598, 

553.292, 6, 0, 0.383598, 

553.292, 7, 0, 0.383598, 

553.292, 8, 0, 0.383598, 

553.292, 9, 0, 0.383598, 

553.292, 10, 0, 0.383598, 

553.292, 11, 0, 0.383598, 

553.292, 12, 0, 0.383598, 

553.292, 13, 0, 0.383598, 

553.292, 14, 0, 0.383598, 

553.292, 15, 0, 0.383598, 

553.292, 16, 0, 0.383598, 

553.292, 17, 0, 0.383598, 

553.292, 18, 0, 0.383598, 

553.292, 19, 0, 0.383598, 

553.292, 20, 0, 0.383598, 

553.292, 21, 0, 0.383598, 

553.292, 22, 0, 0.383598, 

553.292, 23, 0, 0.383598, 

553.292, 24, 0, 0.383598, 

553.292, 25, 0, 0.383598, 

553.292, 26, 0, 0.383598, 

553.292, 27, 0, 0.383598, 

553.292, 28, 0, 0.383598, 

553.292, 29, 0, 0.383598, 

553.292, 30, 0, 0.383598, 

553.292, 31, 0, 0.383598, 

553.292, 32, 0, 0.383598, 

553.292, 33, 0, 0.383598, 

553.292, 34, 0, 0.383598, 

553.292, 35, 0, 0.383598, 

553.292, 36, 0, 0.383598, 

553.292, 37, 0, 0.383598, 

553.292, 38, 0, 0.383598, 

553.292, 39, 0, 0.383598, 

553.292, 40, 0, 0.383598, 

553.292, 41, 0, 0.383598, 

553.292, 42, 0, 0.383598, 

553.292, 43, 0, 0.383598, 

553.292, 44, 0, 0.383598, 

553.292, 45, 0, 0.383598, 

553.292, 46, 0, 0.383598, 

553.292, 47, 0, 0.383598, 

553.292, 48, 0, 0.383598, 

553.292, 49, 0, 0.383598, 

553.292, 50, 0, 0.383598, 

553.292, 51, 0, 0.383598, 

553.292, 52, 0, 0.383598, 

553.292, 53, 0, 0.383598, 

553.292, 54, 0, 0.383598, 

553.292, 55, 0, 0.383598, 

553.292, 56, 0, 0.383598, 

553.292, 57, 0, 0.383598, 

553.292, 58, 0, 0.383598, 

553.292, 59, 0, 0.383598, 

553.292, 60, 0, 0.383598, 

553.292, 61, 0, 0.383598, 

553.292, 62, 0, 0.383598, 

553.292, 63, 0, 0.383598, 

553.292, 64, 0, 0.383598, 

553.292, 65, 0, 0.383598, 

553.292, 66, 0, 0.383598, 

553.292, 67, 0, 0.383598, 

553.292, 68, 0, 0.383598, 

553.292, 69, 0, 0.383598, 

553.292, 70, 0, 0.383598, 

553.292, 71, 0, 0.383598, 

553.292, 72, 0, 0.383598, 

553.292, 73, 0, 0.383598, 

553.292, 74, 0, 0.383598, 

553.292, 75, 0, 0.383598, 

553.292, 76, 0, 0.383598, 

553.292, 77, 0, 0.383598, 

553.292, 78, 0, 0.383598, 

553.292, 79, 0, 0.383598, 

553.292, 80, 0, 0.383598, 

553.292, 81, 0, 0.383598, 

553.292, 82, 0, 0.383598, 

553.292, 83, 0, 0.383598, 

553.292, 84, 0, 0.383598, 

553.292, 85, 0, 0.383598, 

553.292, 86, 0, 0.383598, 

553.292, 87, 0, 0.383598, 

553.292, 88, 0, 0.383598, 

553.292, 89, 0, 0.383598, 

553.292, 90, 0, 0.383598, 

553.292, 91, 0, 0.383598, 

553.292, 92, 0, 0.383598, 

553.292, 93, 0, 0.383598, 

553.292, 94, 0, 0.383598, 

553.292, 95, 0, 0.383598, 

553.292, 96, 0, 0.383598, 

553.292, 97, 0, 0.383598, 

553.292, 98, 0, 0.383598, 

553.292, 99, 0, 0.383598, 

553.292, 100, 0, 0.383598, 

553.292, 101, 0, 0.383598, 

553.292, 102, 0, 0.383598, 

553.292, 103, 0, 0.383598, 

553.292, 104, 0, 0.383598, 

553.292, 105, 0, 0.383598, 

553.292, 106, 0, 0.383598, 

553.292, 107, 0, 0.383598, 

553.292, 108, 0, 0.383598, 

553.292, 109, 0, 0.383598, 

553.292, 110, 0, 0.383598, 

553.292, 111, 0, 0.383598, 

553.292, 112, 0, 0.383598, 

553.292, 113, 0, 0.383598, 

553.292, 114, 0, 0.383598, 

553.292, 115, 0, 0.383598, 

553.292, 116, 0, 0.383598, 

553.292, 117, 0, 0.383598, 

553.292, 118, 0, 0.383598, 

553.292, 119, 0, 0.383598, 

555.926, 0, 0, 0.38511, 

555.926, 1, 0, 0.38511, 

555.926, 2, 0, 0.38511, 

555.926, 3, 0, 0.38511, 

555.926, 4, 0, 0.38511, 

555.926, 5, 0, 0.38511, 

555.926, 6, 0, 0.38511, 

555.926, 7, 0, 0.38511, 

555.926, 8, 0, 0.38511, 

555.926, 9, 0, 0.38511, 

555.926, 10, 0, 0.38511, 

555.926, 11, 0, 0.38511, 

555.926, 12, 0, 0.38511, 

555.926, 13, 0, 0.38511, 

555.926, 14, 0, 0.38511, 

555.926, 15, 0, 0.38511, 

555.926, 16, 0, 0.38511, 

555.926, 17, 0, 0.38511, 

555.926, 18, 0, 0.38511, 

555.926, 19, 0, 0.38511, 

555.926, 20, 0, 0.38511, 

555.926, 21, 0, 0.38511, 

555.926, 22, 0, 0.38511, 

555.926, 23, 0, 0.38511, 

555.926, 24, 0, 0.38511, 

555.926, 25, 0, 0.38511, 

555.926, 26, 0, 0.38511, 

555.926, 27, 0, 0.38511, 

555.926, 28, 0, 0.38511, 

555.926, 29, 0, 0.38511, 

555.926, 30, 0, 0.38511, 

555.926, 31, 0, 0.38511, 

555.926, 32, 0, 0.38511, 

555.926, 33, 0, 0.38511, 

555.926, 34, 0, 0.38511, 

555.926, 35, 0, 0.38511, 

555.926, 36, 0, 0.38511, 

555.926, 37, 0, 0.38511, 

555.926, 38, 0, 0.38511, 

555.926, 39, 0, 0.38511, 

555.926, 40, 0, 0.38511, 

555.926, 41, 0, 0.38511, 

555.926, 42, 0, 0.38511, 

555.926, 43, 0, 0.38511, 

555.926, 44, 0, 0.38511, 

555.926, 45, 0, 0.38511, 

555.926, 46, 0, 0.38511, 

555.926, 47, 0, 0.38511, 

555.926, 48, 0, 0.38511, 

555.926, 49, 0, 0.38511, 

555.926, 50, 0, 0.38511, 

555.926, 51, 0, 0.38511, 

555.926, 52, 0, 0.38511, 

555.926, 53, 0, 0.38511, 

555.926, 54, 0, 0.38511, 

555.926, 55, 0, 0.38511, 

555.926, 56, 0, 0.38511, 

555.926, 57, 0, 0.38511, 

555.926, 58, 0, 0.38511, 

555.926, 59, 0, 0.38511, 

555.926, 60, 0, 0.38511, 

555.926, 61, 0, 0.38511, 

555.926, 62, 0, 0.38511, 

555.926, 63, 0, 0.38511, 

555.926, 64, 0, 0.38511, 

555.926, 65, 0, 0.38511, 

555.926, 66, 0, 0.38511, 

555.926, 67, 0, 0.38511, 

555.926, 68, 0, 0.38511, 

555.926, 69, 0, 0.38511, 

555.926, 70, 0, 0.38511, 

555.926, 71, 0, 0.38511, 

555.926, 72, 0, 0.38511, 

555.926, 73, 0, 0.38511, 

555.926, 74, 0, 0.38511, 

555.926, 75, 0, 0.38511, 

555.926, 76, 0, 0.38511, 

555.926, 77, 0, 0.38511, 

555.926, 78, 0, 0.38511, 

555.926, 79, 0, 0.38511, 

555.926, 80, 0, 0.38511, 

555.926, 81, 0, 0.38511, 

555.926, 82, 0, 0.38511, 

555.926, 83, 0, 0.38511, 

555.926, 84, 0, 0.38511, 

555.926, 85, 0, 0.38511, 

555.926, 86, 0, 0.38511, 

555.926, 87, 0, 0.38511, 

555.926, 88, 0, 0.38511, 

555.926, 89, 0, 0.38511, 

555.926, 90, 0, 0.38511, 

555.926, 91, 0, 0.38511, 

555.926, 92, 0, 0.38511, 

555.926, 93, 0, 0.38511, 

555.926, 94, 0, 0.38511, 

555.926, 95, 0, 0.38511, 

555.926, 96, 0, 0.38511, 

555.926, 97, 0, 0.38511, 

555.926, 98, 0, 0.38511, 

555.926, 99, 0, 0.38511, 

555.926, 100, 0, 0.38511, 

555.926, 101, 0, 0.38511, 

555.926, 102, 0, 0.38511, 

555.926, 103, 0, 0.38511, 

555.926, 104, 0, 0.38511, 

555.926, 105, 0, 0.38511, 

555.926, 106, 0, 0.38511, 

555.926, 107, 0, 0.38511, 

555.926, 108, 0, 0.38511, 

555.926, 109, 0, 0.38511, 

555.926, 110, 0, 0.38511, 

555.926, 111, 0, 0.38511, 

555.926, 112, 0, 0.38511, 

555.926, 113, 0, 0.38511, 

555.926, 114, 0, 0.38511, 

555.926, 115, 0, 0.38511, 

555.926, 116, 0, 0.38511, 

555.926, 117, 0, 0.38511, 

555.926, 118, 0, 0.38511, 

555.926, 119, 0, 0.38511, 

558.561, 0, 0, 0.387133, 

558.561, 1, 0, 0.387133, 

558.561, 2, 0, 0.387133, 

558.561, 3, 0, 0.387133, 

558.561, 4, 0, 0.387133, 

558.561, 5, 0, 0.387133, 

558.561, 6, 0, 0.387133, 

558.561, 7, 0, 0.387133, 

558.561, 8, 0, 0.387133, 

558.561, 9, 0, 0.387133, 

558.561, 10, 0, 0.387133, 

558.561, 11, 0, 0.387133, 

558.561, 12, 0, 0.387133, 

558.561, 13, 0, 0.387133, 

558.561, 14, 0, 0.387133, 

558.561, 15, 0, 0.387133, 

558.561, 16, 0, 0.387133, 

558.561, 17, 0, 0.387133, 

558.561, 18, 0, 0.387133, 

558.561, 19, 0, 0.387133, 

558.561, 20, 0, 0.387133, 

558.561, 21, 0, 0.387133, 

558.561, 22, 0, 0.387133, 

558.561, 23, 0, 0.387133, 

558.561, 24, 0, 0.387133, 

558.561, 25, 0, 0.387133, 

558.561, 26, 0, 0.387133, 

558.561, 27, 0, 0.387133, 

558.561, 28, 0, 0.387133, 

558.561, 29, 0, 0.387133, 

558.561, 30, 0, 0.387133, 

558.561, 31, 0, 0.387133, 

558.561, 32, 0, 0.387133, 

558.561, 33, 0, 0.387133, 

558.561, 34, 0, 0.387133, 

558.561, 35, 0, 0.387133, 

558.561, 36, 0, 0.387133, 

558.561, 37, 0, 0.387133, 

558.561, 38, 0, 0.387133, 

558.561, 39, 0, 0.387133, 

558.561, 40, 0, 0.387133, 

558.561, 41, 0, 0.387133, 

558.561, 42, 0, 0.387133, 

558.561, 43, 0, 0.387133, 

558.561, 44, 0, 0.387133, 

558.561, 45, 0, 0.387133, 

558.561, 46, 0, 0.387133, 

558.561, 47, 0, 0.387133, 

558.561, 48, 0, 0.387133, 

558.561, 49, 0, 0.387133, 

558.561, 50, 0, 0.387133, 

558.561, 51, 0, 0.387133, 

558.561, 52, 0, 0.387133, 

558.561, 53, 0, 0.387133, 

558.561, 54, 0, 0.387133, 

558.561, 55, 0, 0.387133, 

558.561, 56, 0, 0.387133, 

558.561, 57, 0, 0.387133, 

558.561, 58, 0, 0.387133, 

558.561, 59, 0, 0.387133, 

558.561, 60, 0, 0.387133, 

558.561, 61, 0, 0.387133, 

558.561, 62, 0, 0.387133, 

558.561, 63, 0, 0.387133, 

558.561, 64, 0, 0.387133, 

558.561, 65, 0, 0.387133, 

558.561, 66, 0, 0.387133, 

558.561, 67, 0, 0.387133, 

558.561, 68, 0, 0.387133, 

558.561, 69, 0, 0.387133, 

558.561, 70, 0, 0.387133, 

558.561, 71, 0, 0.387133, 

558.561, 72, 0, 0.387133, 

558.561, 73, 0, 0.387133, 

558.561, 74, 0, 0.387133, 

558.561, 75, 0, 0.387133, 

558.561, 76, 0, 0.387133, 

558.561, 77, 0, 0.387133, 

558.561, 78, 0, 0.387133, 

558.561, 79, 0, 0.387133, 

558.561, 80, 0, 0.387133, 

558.561, 81, 0, 0.387133, 

558.561, 82, 0, 0.387133, 

558.561, 83, 0, 0.387133, 

558.561, 84, 0, 0.387133, 

558.561, 85, 0, 0.387133, 

558.561, 86, 0, 0.387133, 

558.561, 87, 0, 0.387133, 

558.561, 88, 0, 0.387133, 

558.561, 89, 0, 0.387133, 

558.561, 90, 0, 0.387133, 

558.561, 91, 0, 0.387133, 

558.561, 92, 0, 0.387133, 

558.561, 93, 0, 0.387133, 

558.561, 94, 0, 0.387133, 

558.561, 95, 0, 0.387133, 

558.561, 96, 0, 0.387133, 

558.561, 97, 0, 0.387133, 

558.561, 98, 0, 0.387133, 

558.561, 99, 0, 0.387133, 

558.561, 100, 0, 0.387133, 

558.561, 101, 0, 0.387133, 

558.561, 102, 0, 0.387133, 

558.561, 103, 0, 0.387133, 

558.561, 104, 0, 0.387133, 

558.561, 105, 0, 0.387133, 

558.561, 106, 0, 0.387133, 

558.561, 107, 0, 0.387133, 

558.561, 108, 0, 0.387133, 

558.561, 109, 0, 0.387133, 

558.561, 110, 0, 0.387133, 

558.561, 111, 0, 0.387133, 

558.561, 112, 0, 0.387133, 

558.561, 113, 0, 0.387133, 

558.561, 114, 0, 0.387133, 

558.561, 115, 0, 0.387133, 

558.561, 116, 0, 0.387133, 

558.561, 117, 0, 0.387133, 

558.561, 118, 0, 0.387133, 

558.561, 119, 0, 0.387133, 

561.196, 0, 0, 0.389828, 

561.196, 1, 0, 0.389828, 

561.196, 2, 0, 0.389828, 

561.196, 3, 0, 0.389828, 

561.196, 4, 0, 0.389828, 

561.196, 5, 0, 0.389828, 

561.196, 6, 0, 0.389828, 

561.196, 7, 0, 0.389828, 

561.196, 8, 0, 0.389828, 

561.196, 9, 0, 0.389828, 

561.196, 10, 0, 0.389828, 

561.196, 11, 0, 0.389828, 

561.196, 12, 0, 0.389828, 

561.196, 13, 0, 0.389828, 

561.196, 14, 0, 0.389828, 

561.196, 15, 0, 0.389828, 

561.196, 16, 0, 0.389828, 

561.196, 17, 0, 0.389828, 

561.196, 18, 0, 0.389828, 

561.196, 19, 0, 0.389828, 

561.196, 20, 0, 0.389828, 

561.196, 21, 0, 0.389828, 

561.196, 22, 0, 0.389828, 

561.196, 23, 0, 0.389828, 

561.196, 24, 0, 0.389828, 

561.196, 25, 0, 0.389828, 

561.196, 26, 0, 0.389828, 

561.196, 27, 0, 0.389828, 

561.196, 28, 0, 0.389828, 

561.196, 29, 0, 0.389828, 

561.196, 30, 0, 0.389828, 

561.196, 31, 0, 0.389828, 

561.196, 32, 0, 0.389828, 

561.196, 33, 0, 0.389828, 

561.196, 34, 0, 0.389828, 

561.196, 35, 0, 0.389828, 

561.196, 36, 0, 0.389828, 

561.196, 37, 0, 0.389828, 

561.196, 38, 0, 0.389828, 

561.196, 39, 0, 0.389828, 

561.196, 40, 0, 0.389828, 

561.196, 41, 0, 0.389828, 

561.196, 42, 0, 0.389828, 

561.196, 43, 0, 0.389828, 

561.196, 44, 0, 0.389828, 

561.196, 45, 0, 0.389828, 

561.196, 46, 0, 0.389828, 

561.196, 47, 0, 0.389828, 

561.196, 48, 0, 0.389828, 

561.196, 49, 0, 0.389828, 

561.196, 50, 0, 0.389828, 

561.196, 51, 0, 0.389828, 

561.196, 52, 0, 0.389828, 

561.196, 53, 0, 0.389828, 

561.196, 54, 0, 0.389828, 

561.196, 55, 0, 0.389828, 

561.196, 56, 0, 0.389828, 

561.196, 57, 0, 0.389828, 

561.196, 58, 0, 0.389828, 

561.196, 59, 0, 0.389828, 

561.196, 60, 0, 0.389828, 

561.196, 61, 0, 0.389828, 

561.196, 62, 0, 0.389828, 

561.196, 63, 0, 0.389828, 

561.196, 64, 0, 0.389828, 

561.196, 65, 0, 0.389828, 

561.196, 66, 0, 0.389828, 

561.196, 67, 0, 0.389828, 

561.196, 68, 0, 0.389828, 

561.196, 69, 0, 0.389828, 

561.196, 70, 0, 0.389828, 

561.196, 71, 0, 0.389828, 

561.196, 72, 0, 0.389828, 

561.196, 73, 0, 0.389828, 

561.196, 74, 0, 0.389828, 

561.196, 75, 0, 0.389828, 

561.196, 76, 0, 0.389828, 

561.196, 77, 0, 0.389828, 

561.196, 78, 0, 0.389828, 

561.196, 79, 0, 0.389828, 

561.196, 80, 0, 0.389828, 

561.196, 81, 0, 0.389828, 

561.196, 82, 0, 0.389828, 

561.196, 83, 0, 0.389828, 

561.196, 84, 0, 0.389828, 

561.196, 85, 0, 0.389828, 

561.196, 86, 0, 0.389828, 

561.196, 87, 0, 0.389828, 

561.196, 88, 0, 0.389828, 

561.196, 89, 0, 0.389828, 

561.196, 90, 0, 0.389828, 

561.196, 91, 0, 0.389828, 

561.196, 92, 0, 0.389828, 

561.196, 93, 0, 0.389828, 

561.196, 94, 0, 0.389828, 

561.196, 95, 0, 0.389828, 

561.196, 96, 0, 0.389828, 

561.196, 97, 0, 0.389828, 

561.196, 98, 0, 0.389828, 

561.196, 99, 0, 0.389828, 

561.196, 100, 0, 0.389828, 

561.196, 101, 0, 0.389828, 

561.196, 102, 0, 0.389828, 

561.196, 103, 0, 0.389828, 

561.196, 104, 0, 0.389828, 

561.196, 105, 0, 0.389828, 

561.196, 106, 0, 0.389828, 

561.196, 107, 0, 0.389828, 

561.196, 108, 0, 0.389828, 

561.196, 109, 0, 0.389828, 

561.196, 110, 0, 0.389828, 

561.196, 111, 0, 0.389828, 

561.196, 112, 0, 0.389828, 

561.196, 113, 0, 0.389828, 

561.196, 114, 0, 0.389828, 

561.196, 115, 0, 0.389828, 

561.196, 116, 0, 0.389828, 

561.196, 117, 0, 0.389828, 

561.196, 118, 0, 0.389828, 

561.196, 119, 0, 0.389828, 

563.83, 0, 0, 0.393404, 

563.83, 1, 0, 0.393404, 

563.83, 2, 0, 0.393404, 

563.83, 3, 0, 0.393404, 

563.83, 4, 0, 0.393404, 

563.83, 5, 0, 0.393404, 

563.83, 6, 0, 0.393404, 

563.83, 7, 0, 0.393404, 

563.83, 8, 0, 0.393404, 

563.83, 9, 0, 0.393404, 

563.83, 10, 0, 0.393404, 

563.83, 11, 0, 0.393404, 

563.83, 12, 0, 0.393404, 

563.83, 13, 0, 0.393404, 

563.83, 14, 0, 0.393404, 

563.83, 15, 0, 0.393404, 

563.83, 16, 0, 0.393404, 

563.83, 17, 0, 0.393404, 

563.83, 18, 0, 0.393404, 

563.83, 19, 0, 0.393404, 

563.83, 20, 0, 0.393404, 

563.83, 21, 0, 0.393404, 

563.83, 22, 0, 0.393404, 

563.83, 23, 0, 0.393404, 

563.83, 24, 0, 0.393404, 

563.83, 25, 0, 0.393404, 

563.83, 26, 0, 0.393404, 

563.83, 27, 0, 0.393404, 

563.83, 28, 0, 0.393404, 

563.83, 29, 0, 0.393404, 

563.83, 30, 0, 0.393404, 

563.83, 31, 0, 0.393404, 

563.83, 32, 0, 0.393404, 

563.83, 33, 0, 0.393404, 

563.83, 34, 0, 0.393404, 

563.83, 35, 0, 0.393404, 

563.83, 36, 0, 0.393404, 

563.83, 37, 0, 0.393404, 

563.83, 38, 0, 0.393404, 

563.83, 39, 0, 0.393404, 

563.83, 40, 0, 0.393404, 

563.83, 41, 0, 0.393404, 

563.83, 42, 0, 0.393404, 

563.83, 43, 0, 0.393404, 

563.83, 44, 0, 0.393404, 

563.83, 45, 0, 0.393404, 

563.83, 46, 0, 0.393404, 

563.83, 47, 0, 0.393404, 

563.83, 48, 0, 0.393404, 

563.83, 49, 0, 0.393404, 

563.83, 50, 0, 0.393404, 

563.83, 51, 0, 0.393404, 

563.83, 52, 0, 0.393404, 

563.83, 53, 0, 0.393404, 

563.83, 54, 0, 0.393404, 

563.83, 55, 0, 0.393404, 

563.83, 56, 0, 0.393404, 

563.83, 57, 0, 0.393404, 

563.83, 58, 0, 0.393404, 

563.83, 59, 0, 0.393404, 

563.83, 60, 0, 0.393404, 

563.83, 61, 0, 0.393404, 

563.83, 62, 0, 0.393404, 

563.83, 63, 0, 0.393404, 

563.83, 64, 0, 0.393404, 

563.83, 65, 0, 0.393404, 

563.83, 66, 0, 0.393404, 

563.83, 67, 0, 0.393404, 

563.83, 68, 0, 0.393404, 

563.83, 69, 0, 0.393404, 

563.83, 70, 0, 0.393404, 

563.83, 71, 0, 0.393404, 

563.83, 72, 0, 0.393404, 

563.83, 73, 0, 0.393404, 

563.83, 74, 0, 0.393404, 

563.83, 75, 0, 0.393404, 

563.83, 76, 0, 0.393404, 

563.83, 77, 0, 0.393404, 

563.83, 78, 0, 0.393404, 

563.83, 79, 0, 0.393404, 

563.83, 80, 0, 0.393404, 

563.83, 81, 0, 0.393404, 

563.83, 82, 0, 0.393404, 

563.83, 83, 0, 0.393404, 

563.83, 84, 0, 0.393404, 

563.83, 85, 0, 0.393404, 

563.83, 86, 0, 0.393404, 

563.83, 87, 0, 0.393404, 

563.83, 88, 0, 0.393404, 

563.83, 89, 0, 0.393404, 

563.83, 90, 0, 0.393404, 

563.83, 91, 0, 0.393404, 

563.83, 92, 0, 0.393404, 

563.83, 93, 0, 0.393404, 

563.83, 94, 0, 0.393404, 

563.83, 95, 0, 0.393404, 

563.83, 96, 0, 0.393404, 

563.83, 97, 0, 0.393404, 

563.83, 98, 0, 0.393404, 

563.83, 99, 0, 0.393404, 

563.83, 100, 0, 0.393404, 

563.83, 101, 0, 0.393404, 

563.83, 102, 0, 0.393404, 

563.83, 103, 0, 0.393404, 

563.83, 104, 0, 0.393404, 

563.83, 105, 0, 0.393404, 

563.83, 106, 0, 0.393404, 

563.83, 107, 0, 0.393404, 

563.83, 108, 0, 0.393404, 

563.83, 109, 0, 0.393404, 

563.83, 110, 0, 0.393404, 

563.83, 111, 0, 0.393404, 

563.83, 112, 0, 0.393404, 

563.83, 113, 0, 0.393404, 

563.83, 114, 0, 0.393404, 

563.83, 115, 0, 0.393404, 

563.83, 116, 0, 0.393404, 

563.83, 117, 0, 0.393404, 

563.83, 118, 0, 0.393404, 

563.83, 119, 0, 0.393404, 

566.465, 0, 0, 0.398135, 

566.465, 1, 0, 0.398135, 

566.465, 2, 0, 0.398135, 

566.465, 3, 0, 0.398135, 

566.465, 4, 0, 0.398135, 

566.465, 5, 0, 0.398135, 

566.465, 6, 0, 0.398135, 

566.465, 7, 0, 0.398135, 

566.465, 8, 0, 0.398135, 

566.465, 9, 0, 0.398135, 

566.465, 10, 0, 0.398135, 

566.465, 11, 0, 0.398135, 

566.465, 12, 0, 0.398135, 

566.465, 13, 0, 0.398135, 

566.465, 14, 0, 0.398135, 

566.465, 15, 0, 0.398135, 

566.465, 16, 0, 0.398135, 

566.465, 17, 0, 0.398135, 

566.465, 18, 0, 0.398135, 

566.465, 19, 0, 0.398135, 

566.465, 20, 0, 0.398135, 

566.465, 21, 0, 0.398135, 

566.465, 22, 0, 0.398135, 

566.465, 23, 0, 0.398135, 

566.465, 24, 0, 0.398135, 

566.465, 25, 0, 0.398135, 

566.465, 26, 0, 0.398135, 

566.465, 27, 0, 0.398135, 

566.465, 28, 0, 0.398135, 

566.465, 29, 0, 0.398135, 

566.465, 30, 0, 0.398135, 

566.465, 31, 0, 0.398135, 

566.465, 32, 0, 0.398135, 

566.465, 33, 0, 0.398135, 

566.465, 34, 0, 0.398135, 

566.465, 35, 0, 0.398135, 

566.465, 36, 0, 0.398135, 

566.465, 37, 0, 0.398135, 

566.465, 38, 0, 0.398135, 

566.465, 39, 0, 0.398135, 

566.465, 40, 0, 0.398135, 

566.465, 41, 0, 0.398135, 

566.465, 42, 0, 0.398135, 

566.465, 43, 0, 0.398135, 

566.465, 44, 0, 0.398135, 

566.465, 45, 0, 0.398135, 

566.465, 46, 0, 0.398135, 

566.465, 47, 0, 0.398135, 

566.465, 48, 0, 0.398135, 

566.465, 49, 0, 0.398135, 

566.465, 50, 0, 0.398135, 

566.465, 51, 0, 0.398135, 

566.465, 52, 0, 0.398135, 

566.465, 53, 0, 0.398135, 

566.465, 54, 0, 0.398135, 

566.465, 55, 0, 0.398135, 

566.465, 56, 0, 0.398135, 

566.465, 57, 0, 0.398135, 

566.465, 58, 0, 0.398135, 

566.465, 59, 0, 0.398135, 

566.465, 60, 0, 0.398135, 

566.465, 61, 0, 0.398135, 

566.465, 62, 0, 0.398135, 

566.465, 63, 0, 0.398135, 

566.465, 64, 0, 0.398135, 

566.465, 65, 0, 0.398135, 

566.465, 66, 0, 0.398135, 

566.465, 67, 0, 0.398135, 

566.465, 68, 0, 0.398135, 

566.465, 69, 0, 0.398135, 

566.465, 70, 0, 0.398135, 

566.465, 71, 0, 0.398135, 

566.465, 72, 0, 0.398135, 

566.465, 73, 0, 0.398135, 

566.465, 74, 0, 0.398135, 

566.465, 75, 0, 0.398135, 

566.465, 76, 0, 0.398135, 

566.465, 77, 0, 0.398135, 

566.465, 78, 0, 0.398135, 

566.465, 79, 0, 0.398135, 

566.465, 80, 0, 0.398135, 

566.465, 81, 0, 0.398135, 

566.465, 82, 0, 0.398135, 

566.465, 83, 0, 0.398135, 

566.465, 84, 0, 0.398135, 

566.465, 85, 0, 0.398135, 

566.465, 86, 0, 0.398135, 

566.465, 87, 0, 0.398135, 

566.465, 88, 0, 0.398135, 

566.465, 89, 0, 0.398135, 

566.465, 90, 0, 0.398135, 

566.465, 91, 0, 0.398135, 

566.465, 92, 0, 0.398135, 

566.465, 93, 0, 0.398135, 

566.465, 94, 0, 0.398135, 

566.465, 95, 0, 0.398135, 

566.465, 96, 0, 0.398135, 

566.465, 97, 0, 0.398135, 

566.465, 98, 0, 0.398135, 

566.465, 99, 0, 0.398135, 

566.465, 100, 0, 0.398135, 

566.465, 101, 0, 0.398135, 

566.465, 102, 0, 0.398135, 

566.465, 103, 0, 0.398135, 

566.465, 104, 0, 0.398135, 

566.465, 105, 0, 0.398135, 

566.465, 106, 0, 0.398135, 

566.465, 107, 0, 0.398135, 

566.465, 108, 0, 0.398135, 

566.465, 109, 0, 0.398135, 

566.465, 110, 0, 0.398135, 

566.465, 111, 0, 0.398135, 

566.465, 112, 0, 0.398135, 

566.465, 113, 0, 0.398135, 

566.465, 114, 0, 0.398135, 

566.465, 115, 0, 0.398135, 

566.465, 116, 0, 0.398135, 

566.465, 117, 0, 0.398135, 

566.465, 118, 0, 0.398135, 

566.465, 119, 0, 0.398135, 

569.1, 0, 0, 0.404382, 

569.1, 1, 0, 0.404382, 

569.1, 2, 0, 0.404382, 

569.1, 3, 0, 0.404382, 

569.1, 4, 0, 0.404382, 

569.1, 5, 0, 0.404382, 

569.1, 6, 0, 0.404382, 

569.1, 7, 0, 0.404382, 

569.1, 8, 0, 0.404382, 

569.1, 9, 0, 0.404382, 

569.1, 10, 0, 0.404382, 

569.1, 11, 0, 0.404382, 

569.1, 12, 0, 0.404382, 

569.1, 13, 0, 0.404382, 

569.1, 14, 0, 0.404382, 

569.1, 15, 0, 0.404382, 

569.1, 16, 0, 0.404382, 

569.1, 17, 0, 0.404382, 

569.1, 18, 0, 0.404382, 

569.1, 19, 0, 0.404382, 

569.1, 20, 0, 0.404382, 

569.1, 21, 0, 0.404382, 

569.1, 22, 0, 0.404382, 

569.1, 23, 0, 0.404382, 

569.1, 24, 0, 0.404382, 

569.1, 25, 0, 0.404382, 

569.1, 26, 0, 0.404382, 

569.1, 27, 0, 0.404382, 

569.1, 28, 0, 0.404382, 

569.1, 29, 0, 0.404382, 

569.1, 30, 0, 0.404382, 

569.1, 31, 0, 0.404382, 

569.1, 32, 0, 0.404382, 

569.1, 33, 0, 0.404382, 

569.1, 34, 0, 0.404382, 

569.1, 35, 0, 0.404382, 

569.1, 36, 0, 0.404382, 

569.1, 37, 0, 0.404382, 

569.1, 38, 0, 0.404382, 

569.1, 39, 0, 0.404382, 

569.1, 40, 0, 0.404382, 

569.1, 41, 0, 0.404382, 

569.1, 42, 0, 0.404382, 

569.1, 43, 0, 0.404382, 

569.1, 44, 0, 0.404382, 

569.1, 45, 0, 0.404382, 

569.1, 46, 0, 0.404382, 

569.1, 47, 0, 0.404382, 

569.1, 48, 0, 0.404382, 

569.1, 49, 0, 0.404382, 

569.1, 50, 0, 0.404382, 

569.1, 51, 0, 0.404382, 

569.1, 52, 0, 0.404382, 

569.1, 53, 0, 0.404382, 

569.1, 54, 0, 0.404382, 

569.1, 55, 0, 0.404382, 

569.1, 56, 0, 0.404382, 

569.1, 57, 0, 0.404382, 

569.1, 58, 0, 0.404382, 

569.1, 59, 0, 0.404382, 

569.1, 60, 0, 0.404382, 

569.1, 61, 0, 0.404382, 

569.1, 62, 0, 0.404382, 

569.1, 63, 0, 0.404382, 

569.1, 64, 0, 0.404382, 

569.1, 65, 0, 0.404382, 

569.1, 66, 0, 0.404382, 

569.1, 67, 0, 0.404382, 

569.1, 68, 0, 0.404382, 

569.1, 69, 0, 0.404382, 

569.1, 70, 0, 0.404382, 

569.1, 71, 0, 0.404382, 

569.1, 72, 0, 0.404382, 

569.1, 73, 0, 0.404382, 

569.1, 74, 0, 0.404382, 

569.1, 75, 0, 0.404382, 

569.1, 76, 0, 0.404382, 

569.1, 77, 0, 0.404382, 

569.1, 78, 0, 0.404382, 

569.1, 79, 0, 0.404382, 

569.1, 80, 0, 0.404382, 

569.1, 81, 0, 0.404382, 

569.1, 82, 0, 0.404382, 

569.1, 83, 0, 0.404382, 

569.1, 84, 0, 0.404382, 

569.1, 85, 0, 0.404382, 

569.1, 86, 0, 0.404382, 

569.1, 87, 0, 0.404382, 

569.1, 88, 0, 0.404382, 

569.1, 89, 0, 0.404382, 

569.1, 90, 0, 0.404382, 

569.1, 91, 0, 0.404382, 

569.1, 92, 0, 0.404382, 

569.1, 93, 0, 0.404382, 

569.1, 94, 0, 0.404382, 

569.1, 95, 0, 0.404382, 

569.1, 96, 0, 0.404382, 

569.1, 97, 0, 0.404382, 

569.1, 98, 0, 0.404382, 

569.1, 99, 0, 0.404382, 

569.1, 100, 0, 0.404382, 

569.1, 101, 0, 0.404382, 

569.1, 102, 0, 0.404382, 

569.1, 103, 0, 0.404382, 

569.1, 104, 0, 0.404382, 

569.1, 105, 0, 0.404382, 

569.1, 106, 0, 0.404382, 

569.1, 107, 0, 0.404382, 

569.1, 108, 0, 0.404382, 

569.1, 109, 0, 0.404382, 

569.1, 110, 0, 0.404382, 

569.1, 111, 0, 0.404382, 

569.1, 112, 0, 0.404382, 

569.1, 113, 0, 0.404382, 

569.1, 114, 0, 0.404382, 

569.1, 115, 0, 0.404382, 

569.1, 116, 0, 0.404382, 

569.1, 117, 0, 0.404382, 

569.1, 118, 0, 0.404382, 

569.1, 119, 0, 0.404382, 

571.735, 0, 0, 0.412625, 

571.735, 1, 0, 0.412625, 

571.735, 2, 0, 0.412625, 

571.735, 3, 0, 0.412625, 

571.735, 4, 0, 0.412625, 

571.735, 5, 0, 0.412625, 

571.735, 6, 0, 0.412625, 

571.735, 7, 0, 0.412625, 

571.735, 8, 0, 0.412625, 

571.735, 9, 0, 0.412625, 

571.735, 10, 0, 0.412625, 

571.735, 11, 0, 0.412625, 

571.735, 12, 0, 0.412625, 

571.735, 13, 0, 0.412625, 

571.735, 14, 0, 0.412625, 

571.735, 15, 0, 0.412625, 

571.735, 16, 0, 0.412625, 

571.735, 17, 0, 0.412625, 

571.735, 18, 0, 0.412625, 

571.735, 19, 0, 0.412625, 

571.735, 20, 0, 0.412625, 

571.735, 21, 0, 0.412625, 

571.735, 22, 0, 0.412625, 

571.735, 23, 0, 0.412625, 

571.735, 24, 0, 0.412625, 

571.735, 25, 0, 0.412625, 

571.735, 26, 0, 0.412625, 

571.735, 27, 0, 0.412625, 

571.735, 28, 0, 0.412625, 

571.735, 29, 0, 0.412625, 

571.735, 30, 0, 0.412625, 

571.735, 31, 0, 0.412625, 

571.735, 32, 0, 0.412625, 

571.735, 33, 0, 0.412625, 

571.735, 34, 0, 0.412625, 

571.735, 35, 0, 0.412625, 

571.735, 36, 0, 0.412625, 

571.735, 37, 0, 0.412625, 

571.735, 38, 0, 0.412625, 

571.735, 39, 0, 0.412625, 

571.735, 40, 0, 0.412625, 

571.735, 41, 0, 0.412625, 

571.735, 42, 0, 0.412625, 

571.735, 43, 0, 0.412625, 

571.735, 44, 0, 0.412625, 

571.735, 45, 0, 0.412625, 

571.735, 46, 0, 0.412625, 

571.735, 47, 0, 0.412625, 

571.735, 48, 0, 0.412625, 

571.735, 49, 0, 0.412625, 

571.735, 50, 0, 0.412625, 

571.735, 51, 0, 0.412625, 

571.735, 52, 0, 0.412625, 

571.735, 53, 0, 0.412625, 

571.735, 54, 0, 0.412625, 

571.735, 55, 0, 0.412625, 

571.735, 56, 0, 0.412625, 

571.735, 57, 0, 0.412625, 

571.735, 58, 0, 0.412625, 

571.735, 59, 0, 0.412625, 

571.735, 60, 0, 0.412625, 

571.735, 61, 0, 0.412625, 

571.735, 62, 0, 0.412625, 

571.735, 63, 0, 0.412625, 

571.735, 64, 0, 0.412625, 

571.735, 65, 0, 0.412625, 

571.735, 66, 0, 0.412625, 

571.735, 67, 0, 0.412625, 

571.735, 68, 0, 0.412625, 

571.735, 69, 0, 0.412625, 

571.735, 70, 0, 0.412625, 

571.735, 71, 0, 0.412625, 

571.735, 72, 0, 0.412625, 

571.735, 73, 0, 0.412625, 

571.735, 74, 0, 0.412625, 

571.735, 75, 0, 0.412625, 

571.735, 76, 0, 0.412625, 

571.735, 77, 0, 0.412625, 

571.735, 78, 0, 0.412625, 

571.735, 79, 0, 0.412625, 

571.735, 80, 0, 0.412625, 

571.735, 81, 0, 0.412625, 

571.735, 82, 0, 0.412625, 

571.735, 83, 0, 0.412625, 

571.735, 84, 0, 0.412625, 

571.735, 85, 0, 0.412625, 

571.735, 86, 0, 0.412625, 

571.735, 87, 0, 0.412625, 

571.735, 88, 0, 0.412625, 

571.735, 89, 0, 0.412625, 

571.735, 90, 0, 0.412625, 

571.735, 91, 0, 0.412625, 

571.735, 92, 0, 0.412625, 

571.735, 93, 0, 0.412625, 

571.735, 94, 0, 0.412625, 

571.735, 95, 0, 0.412625, 

571.735, 96, 0, 0.412625, 

571.735, 97, 0, 0.412625, 

571.735, 98, 0, 0.412625, 

571.735, 99, 0, 0.412625, 

571.735, 100, 0, 0.412625, 

571.735, 101, 0, 0.412625, 

571.735, 102, 0, 0.412625, 

571.735, 103, 0, 0.412625, 

571.735, 104, 0, 0.412625, 

571.735, 105, 0, 0.412625, 

571.735, 106, 0, 0.412625, 

571.735, 107, 0, 0.412625, 

571.735, 108, 0, 0.412625, 

571.735, 109, 0, 0.412625, 

571.735, 110, 0, 0.412625, 

571.735, 111, 0, 0.412625, 

571.735, 112, 0, 0.412625, 

571.735, 113, 0, 0.412625, 

571.735, 114, 0, 0.412625, 

571.735, 115, 0, 0.412625, 

571.735, 116, 0, 0.412625, 

571.735, 117, 0, 0.412625, 

571.735, 118, 0, 0.412625, 

571.735, 119, 0, 0.412625, 

574.369, 0, 0, 0.423508, 

574.369, 1, 0, 0.423508, 

574.369, 2, 0, 0.423508, 

574.369, 3, 0, 0.423508, 

574.369, 4, 0, 0.423508, 

574.369, 5, 0, 0.423508, 

574.369, 6, 0, 0.423508, 

574.369, 7, 0, 0.423508, 

574.369, 8, 0, 0.423508, 

574.369, 9, 0, 0.423508, 

574.369, 10, 0, 0.423508, 

574.369, 11, 0, 0.423508, 

574.369, 12, 0, 0.423508, 

574.369, 13, 0, 0.423508, 

574.369, 14, 0, 0.423508, 

574.369, 15, 0, 0.423508, 

574.369, 16, 0, 0.423508, 

574.369, 17, 0, 0.423508, 

574.369, 18, 0, 0.423508, 

574.369, 19, 0, 0.423508, 

574.369, 20, 0, 0.423508, 

574.369, 21, 0, 0.423508, 

574.369, 22, 0, 0.423508, 

574.369, 23, 0, 0.423508, 

574.369, 24, 0, 0.423508, 

574.369, 25, 0, 0.423508, 

574.369, 26, 0, 0.423508, 

574.369, 27, 0, 0.423508, 

574.369, 28, 0, 0.423508, 

574.369, 29, 0, 0.423508, 

574.369, 30, 0, 0.423508, 

574.369, 31, 0, 0.423508, 

574.369, 32, 0, 0.423508, 

574.369, 33, 0, 0.423508, 

574.369, 34, 0, 0.423508, 

574.369, 35, 0, 0.423508, 

574.369, 36, 0, 0.423508, 

574.369, 37, 0, 0.423508, 

574.369, 38, 0, 0.423508, 

574.369, 39, 0, 0.423508, 

574.369, 40, 0, 0.423508, 

574.369, 41, 0, 0.423508, 

574.369, 42, 0, 0.423508, 

574.369, 43, 0, 0.423508, 

574.369, 44, 0, 0.423508, 

574.369, 45, 0, 0.423508, 

574.369, 46, 0, 0.423508, 

574.369, 47, 0, 0.423508, 

574.369, 48, 0, 0.423508, 

574.369, 49, 0, 0.423508, 

574.369, 50, 0, 0.423508, 

574.369, 51, 0, 0.423508, 

574.369, 52, 0, 0.423508, 

574.369, 53, 0, 0.423508, 

574.369, 54, 0, 0.423508, 

574.369, 55, 0, 0.423508, 

574.369, 56, 0, 0.423508, 

574.369, 57, 0, 0.423508, 

574.369, 58, 0, 0.423508, 

574.369, 59, 0, 0.423508, 

574.369, 60, 0, 0.423508, 

574.369, 61, 0, 0.423508, 

574.369, 62, 0, 0.423508, 

574.369, 63, 0, 0.423508, 

574.369, 64, 0, 0.423508, 

574.369, 65, 0, 0.423508, 

574.369, 66, 0, 0.423508, 

574.369, 67, 0, 0.423508, 

574.369, 68, 0, 0.423508, 

574.369, 69, 0, 0.423508, 

574.369, 70, 0, 0.423508, 

574.369, 71, 0, 0.423508, 

574.369, 72, 0, 0.423508, 

574.369, 73, 0, 0.423508, 

574.369, 74, 0, 0.423508, 

574.369, 75, 0, 0.423508, 

574.369, 76, 0, 0.423508, 

574.369, 77, 0, 0.423508, 

574.369, 78, 0, 0.423508, 

574.369, 79, 0, 0.423508, 

574.369, 80, 0, 0.423508, 

574.369, 81, 0, 0.423508, 

574.369, 82, 0, 0.423508, 

574.369, 83, 0, 0.423508, 

574.369, 84, 0, 0.423508, 

574.369, 85, 0, 0.423508, 

574.369, 86, 0, 0.423508, 

574.369, 87, 0, 0.423508, 

574.369, 88, 0, 0.423508, 

574.369, 89, 0, 0.423508, 

574.369, 90, 0, 0.423508, 

574.369, 91, 0, 0.423508, 

574.369, 92, 0, 0.423508, 

574.369, 93, 0, 0.423508, 

574.369, 94, 0, 0.423508, 

574.369, 95, 0, 0.423508, 

574.369, 96, 0, 0.423508, 

574.369, 97, 0, 0.423508, 

574.369, 98, 0, 0.423508, 

574.369, 99, 0, 0.423508, 

574.369, 100, 0, 0.423508, 

574.369, 101, 0, 0.423508, 

574.369, 102, 0, 0.423508, 

574.369, 103, 0, 0.423508, 

574.369, 104, 0, 0.423508, 

574.369, 105, 0, 0.423508, 

574.369, 106, 0, 0.423508, 

574.369, 107, 0, 0.423508, 

574.369, 108, 0, 0.423508, 

574.369, 109, 0, 0.423508, 

574.369, 110, 0, 0.423508, 

574.369, 111, 0, 0.423508, 

574.369, 112, 0, 0.423508, 

574.369, 113, 0, 0.423508, 

574.369, 114, 0, 0.423508, 

574.369, 115, 0, 0.423508, 

574.369, 116, 0, 0.423508, 

574.369, 117, 0, 0.423508, 

574.369, 118, 0, 0.423508, 

574.369, 119, 0, 0.423508, 

577.004, 0, 0, 0.437913, 

577.004, 1, 0, 0.437913, 

577.004, 2, 0, 0.437913, 

577.004, 3, 0, 0.437913, 

577.004, 4, 0, 0.437913, 

577.004, 5, 0, 0.437913, 

577.004, 6, 0, 0.437913, 

577.004, 7, 0, 0.437913, 

577.004, 8, 0, 0.437913, 

577.004, 9, 0, 0.437913, 

577.004, 10, 0, 0.437913, 

577.004, 11, 0, 0.437913, 

577.004, 12, 0, 0.437913, 

577.004, 13, 0, 0.437913, 

577.004, 14, 0, 0.437913, 

577.004, 15, 0, 0.437913, 

577.004, 16, 0, 0.437913, 

577.004, 17, 0, 0.437913, 

577.004, 18, 0, 0.437913, 

577.004, 19, 0, 0.437913, 

577.004, 20, 0, 0.437913, 

577.004, 21, 0, 0.437913, 

577.004, 22, 0, 0.437913, 

577.004, 23, 0, 0.437913, 

577.004, 24, 0, 0.437913, 

577.004, 25, 0, 0.437913, 

577.004, 26, 0, 0.437913, 

577.004, 27, 0, 0.437913, 

577.004, 28, 0, 0.437913, 

577.004, 29, 0, 0.437913, 

577.004, 30, 0, 0.437913, 

577.004, 31, 0, 0.437913, 

577.004, 32, 0, 0.437913, 

577.004, 33, 0, 0.437913, 

577.004, 34, 0, 0.437913, 

577.004, 35, 0, 0.437913, 

577.004, 36, 0, 0.437913, 

577.004, 37, 0, 0.437913, 

577.004, 38, 0, 0.437913, 

577.004, 39, 0, 0.437913, 

577.004, 40, 0, 0.437913, 

577.004, 41, 0, 0.437913, 

577.004, 42, 0, 0.437913, 

577.004, 43, 0, 0.437913, 

577.004, 44, 0, 0.437913, 

577.004, 45, 0, 0.437913, 

577.004, 46, 0, 0.437913, 

577.004, 47, 0, 0.437913, 

577.004, 48, 0, 0.437913, 

577.004, 49, 0, 0.437913, 

577.004, 50, 0, 0.437913, 

577.004, 51, 0, 0.437913, 

577.004, 52, 0, 0.437913, 

577.004, 53, 0, 0.437913, 

577.004, 54, 0, 0.437913, 

577.004, 55, 0, 0.437913, 

577.004, 56, 0, 0.437913, 

577.004, 57, 0, 0.437913, 

577.004, 58, 0, 0.437913, 

577.004, 59, 0, 0.437913, 

577.004, 60, 0, 0.437913, 

577.004, 61, 0, 0.437913, 

577.004, 62, 0, 0.437913, 

577.004, 63, 0, 0.437913, 

577.004, 64, 0, 0.437913, 

577.004, 65, 0, 0.437913, 

577.004, 66, 0, 0.437913, 

577.004, 67, 0, 0.437913, 

577.004, 68, 0, 0.437913, 

577.004, 69, 0, 0.437913, 

577.004, 70, 0, 0.437913, 

577.004, 71, 0, 0.437913, 

577.004, 72, 0, 0.437913, 

577.004, 73, 0, 0.437913, 

577.004, 74, 0, 0.437913, 

577.004, 75, 0, 0.437913, 

577.004, 76, 0, 0.437913, 

577.004, 77, 0, 0.437913, 

577.004, 78, 0, 0.437913, 

577.004, 79, 0, 0.437913, 

577.004, 80, 0, 0.437913, 

577.004, 81, 0, 0.437913, 

577.004, 82, 0, 0.437913, 

577.004, 83, 0, 0.437913, 

577.004, 84, 0, 0.437913, 

577.004, 85, 0, 0.437913, 

577.004, 86, 0, 0.437913, 

577.004, 87, 0, 0.437913, 

577.004, 88, 0, 0.437913, 

577.004, 89, 0, 0.437913, 

577.004, 90, 0, 0.437913, 

577.004, 91, 0, 0.437913, 

577.004, 92, 0, 0.437913, 

577.004, 93, 0, 0.437913, 

577.004, 94, 0, 0.437913, 

577.004, 95, 0, 0.437913, 

577.004, 96, 0, 0.437913, 

577.004, 97, 0, 0.437913, 

577.004, 98, 0, 0.437913, 

577.004, 99, 0, 0.437913, 

577.004, 100, 0, 0.437913, 

577.004, 101, 0, 0.437913, 

577.004, 102, 0, 0.437913, 

577.004, 103, 0, 0.437913, 

577.004, 104, 0, 0.437913, 

577.004, 105, 0, 0.437913, 

577.004, 106, 0, 0.437913, 

577.004, 107, 0, 0.437913, 

577.004, 108, 0, 0.437913, 

577.004, 109, 0, 0.437913, 

577.004, 110, 0, 0.437913, 

577.004, 111, 0, 0.437913, 

577.004, 112, 0, 0.437913, 

577.004, 113, 0, 0.437913, 

577.004, 114, 0, 0.437913, 

577.004, 115, 0, 0.437913, 

577.004, 116, 0, 0.437913, 

577.004, 117, 0, 0.437913, 

577.004, 118, 0, 0.437913, 

577.004, 119, 0, 0.437913, 

579.639, 0, 0, 0.457062, 

579.639, 1, 0, 0.457062, 

579.639, 2, 0, 0.457062, 

579.639, 3, 0, 0.457062, 

579.639, 4, 0, 0.457062, 

579.639, 5, 0, 0.457062, 

579.639, 6, 0, 0.457062, 

579.639, 7, 0, 0.457062, 

579.639, 8, 0, 0.457062, 

579.639, 9, 0, 0.457062, 

579.639, 10, 0, 0.457062, 

579.639, 11, 0, 0.457062, 

579.639, 12, 0, 0.457062, 

579.639, 13, 0, 0.457062, 

579.639, 14, 0, 0.457062, 

579.639, 15, 0, 0.457062, 

579.639, 16, 0, 0.457062, 

579.639, 17, 0, 0.457062, 

579.639, 18, 0, 0.457062, 

579.639, 19, 0, 0.457062, 

579.639, 20, 0, 0.457062, 

579.639, 21, 0, 0.457062, 

579.639, 22, 0, 0.457062, 

579.639, 23, 0, 0.457062, 

579.639, 24, 0, 0.457062, 

579.639, 25, 0, 0.457062, 

579.639, 26, 0, 0.457062, 

579.639, 27, 0, 0.457062, 

579.639, 28, 0, 0.457062, 

579.639, 29, 0, 0.457062, 

579.639, 30, 0, 0.457062, 

579.639, 31, 0, 0.457062, 

579.639, 32, 0, 0.457062, 

579.639, 33, 0, 0.457062, 

579.639, 34, 0, 0.457062, 

579.639, 35, 0, 0.457062, 

579.639, 36, 0, 0.457062, 

579.639, 37, 0, 0.457062, 

579.639, 38, 0, 0.457062, 

579.639, 39, 0, 0.457062, 

579.639, 40, 0, 0.457062, 

579.639, 41, 0, 0.457062, 

579.639, 42, 0, 0.457062, 

579.639, 43, 0, 0.457062, 

579.639, 44, 0, 0.457062, 

579.639, 45, 0, 0.457062, 

579.639, 46, 0, 0.457062, 

579.639, 47, 0, 0.457062, 

579.639, 48, 0, 0.457062, 

579.639, 49, 0, 0.457062, 

579.639, 50, 0, 0.457062, 

579.639, 51, 0, 0.457062, 

579.639, 52, 0, 0.457062, 

579.639, 53, 0, 0.457062, 

579.639, 54, 0, 0.457062, 

579.639, 55, 0, 0.457062, 

579.639, 56, 0, 0.457062, 

579.639, 57, 0, 0.457062, 

579.639, 58, 0, 0.457062, 

579.639, 59, 0, 0.457062, 

579.639, 60, 0, 0.457062, 

579.639, 61, 0, 0.457062, 

579.639, 62, 0, 0.457062, 

579.639, 63, 0, 0.457062, 

579.639, 64, 0, 0.457062, 

579.639, 65, 0, 0.457062, 

579.639, 66, 0, 0.457062, 

579.639, 67, 0, 0.457062, 

579.639, 68, 0, 0.457062, 

579.639, 69, 0, 0.457062, 

579.639, 70, 0, 0.457062, 

579.639, 71, 0, 0.457062, 

579.639, 72, 0, 0.457062, 

579.639, 73, 0, 0.457062, 

579.639, 74, 0, 0.457062, 

579.639, 75, 0, 0.457062, 

579.639, 76, 0, 0.457062, 

579.639, 77, 0, 0.457062, 

579.639, 78, 0, 0.457062, 

579.639, 79, 0, 0.457062, 

579.639, 80, 0, 0.457062, 

579.639, 81, 0, 0.457062, 

579.639, 82, 0, 0.457062, 

579.639, 83, 0, 0.457062, 

579.639, 84, 0, 0.457062, 

579.639, 85, 0, 0.457062, 

579.639, 86, 0, 0.457062, 

579.639, 87, 0, 0.457062, 

579.639, 88, 0, 0.457062, 

579.639, 89, 0, 0.457062, 

579.639, 90, 0, 0.457062, 

579.639, 91, 0, 0.457062, 

579.639, 92, 0, 0.457062, 

579.639, 93, 0, 0.457062, 

579.639, 94, 0, 0.457062, 

579.639, 95, 0, 0.457062, 

579.639, 96, 0, 0.457062, 

579.639, 97, 0, 0.457062, 

579.639, 98, 0, 0.457062, 

579.639, 99, 0, 0.457062, 

579.639, 100, 0, 0.457062, 

579.639, 101, 0, 0.457062, 

579.639, 102, 0, 0.457062, 

579.639, 103, 0, 0.457062, 

579.639, 104, 0, 0.457062, 

579.639, 105, 0, 0.457062, 

579.639, 106, 0, 0.457062, 

579.639, 107, 0, 0.457062, 

579.639, 108, 0, 0.457062, 

579.639, 109, 0, 0.457062, 

579.639, 110, 0, 0.457062, 

579.639, 111, 0, 0.457062, 

579.639, 112, 0, 0.457062, 

579.639, 113, 0, 0.457062, 

579.639, 114, 0, 0.457062, 

579.639, 115, 0, 0.457062, 

579.639, 116, 0, 0.457062, 

579.639, 117, 0, 0.457062, 

579.639, 118, 0, 0.457062, 

579.639, 119, 0, 0.457062, 

582.273, 0, 0, 0.482685, 

582.273, 1, 0, 0.482685, 

582.273, 2, 0, 0.482685, 

582.273, 3, 0, 0.482685, 

582.273, 4, 0, 0.482685, 

582.273, 5, 0, 0.482685, 

582.273, 6, 0, 0.482685, 

582.273, 7, 0, 0.482685, 

582.273, 8, 0, 0.482685, 

582.273, 9, 0, 0.482685, 

582.273, 10, 0, 0.482685, 

582.273, 11, 0, 0.482685, 

582.273, 12, 0, 0.482685, 

582.273, 13, 0, 0.482685, 

582.273, 14, 0, 0.482685, 

582.273, 15, 0, 0.482685, 

582.273, 16, 0, 0.482685, 

582.273, 17, 0, 0.482685, 

582.273, 18, 0, 0.482685, 

582.273, 19, 0, 0.482685, 

582.273, 20, 0, 0.482685, 

582.273, 21, 0, 0.482685, 

582.273, 22, 0, 0.482685, 

582.273, 23, 0, 0.482685, 

582.273, 24, 0, 0.482685, 

582.273, 25, 0, 0.482685, 

582.273, 26, 0, 0.482685, 

582.273, 27, 0, 0.482685, 

582.273, 28, 0, 0.482685, 

582.273, 29, 0, 0.482685, 

582.273, 30, 0, 0.482685, 

582.273, 31, 0, 0.482685, 

582.273, 32, 0, 0.482685, 

582.273, 33, 0, 0.482685, 

582.273, 34, 0, 0.482685, 

582.273, 35, 0, 0.482685, 

582.273, 36, 0, 0.482685, 

582.273, 37, 0, 0.482685, 

582.273, 38, 0, 0.482685, 

582.273, 39, 0, 0.482685, 

582.273, 40, 0, 0.482685, 

582.273, 41, 0, 0.482685, 

582.273, 42, 0, 0.482685, 

582.273, 43, 0, 0.482685, 

582.273, 44, 0, 0.482685, 

582.273, 45, 0, 0.482685, 

582.273, 46, 0, 0.482685, 

582.273, 47, 0, 0.482685, 

582.273, 48, 0, 0.482685, 

582.273, 49, 0, 0.482685, 

582.273, 50, 0, 0.482685, 

582.273, 51, 0, 0.482685, 

582.273, 52, 0, 0.482685, 

582.273, 53, 0, 0.482685, 

582.273, 54, 0, 0.482685, 

582.273, 55, 0, 0.482685, 

582.273, 56, 0, 0.482685, 

582.273, 57, 0, 0.482685, 

582.273, 58, 0, 0.482685, 

582.273, 59, 0, 0.482685, 

582.273, 60, 0, 0.482685, 

582.273, 61, 0, 0.482685, 

582.273, 62, 0, 0.482685, 

582.273, 63, 0, 0.482685, 

582.273, 64, 0, 0.482685, 

582.273, 65, 0, 0.482685, 

582.273, 66, 0, 0.482685, 

582.273, 67, 0, 0.482685, 

582.273, 68, 0, 0.482685, 

582.273, 69, 0, 0.482685, 

582.273, 70, 0, 0.482685, 

582.273, 71, 0, 0.482685, 

582.273, 72, 0, 0.482685, 

582.273, 73, 0, 0.482685, 

582.273, 74, 0, 0.482685, 

582.273, 75, 0, 0.482685, 

582.273, 76, 0, 0.482685, 

582.273, 77, 0, 0.482685, 

582.273, 78, 0, 0.482685, 

582.273, 79, 0, 0.482685, 

582.273, 80, 0, 0.482685, 

582.273, 81, 0, 0.482685, 

582.273, 82, 0, 0.482685, 

582.273, 83, 0, 0.482685, 

582.273, 84, 0, 0.482685, 

582.273, 85, 0, 0.482685, 

582.273, 86, 0, 0.482685, 

582.273, 87, 0, 0.482685, 

582.273, 88, 0, 0.482685, 

582.273, 89, 0, 0.482685, 

582.273, 90, 0, 0.482685, 

582.273, 91, 0, 0.482685, 

582.273, 92, 0, 0.482685, 

582.273, 93, 0, 0.482685, 

582.273, 94, 0, 0.482685, 

582.273, 95, 0, 0.482685, 

582.273, 96, 0, 0.482685, 

582.273, 97, 0, 0.482685, 

582.273, 98, 0, 0.482685, 

582.273, 99, 0, 0.482685, 

582.273, 100, 0, 0.482685, 

582.273, 101, 0, 0.482685, 

582.273, 102, 0, 0.482685, 

582.273, 103, 0, 0.482685, 

582.273, 104, 0, 0.482685, 

582.273, 105, 0, 0.482685, 

582.273, 106, 0, 0.482685, 

582.273, 107, 0, 0.482685, 

582.273, 108, 0, 0.482685, 

582.273, 109, 0, 0.482685, 

582.273, 110, 0, 0.482685, 

582.273, 111, 0, 0.482685, 

582.273, 112, 0, 0.482685, 

582.273, 113, 0, 0.482685, 

582.273, 114, 0, 0.482685, 

582.273, 115, 0, 0.482685, 

582.273, 116, 0, 0.482685, 

582.273, 117, 0, 0.482685, 

582.273, 118, 0, 0.482685, 

582.273, 119, 0, 0.482685, 

584.908, 0, 0, 0.517285, 

584.908, 1, 0, 0.517285, 

584.908, 2, 0, 0.517285, 

584.908, 3, 0, 0.517285, 

584.908, 4, 0, 0.517285, 

584.908, 5, 0, 0.517285, 

584.908, 6, 0, 0.517285, 

584.908, 7, 0, 0.517285, 

584.908, 8, 0, 0.517285, 

584.908, 9, 0, 0.517285, 

584.908, 10, 0, 0.517285, 

584.908, 11, 0, 0.517285, 

584.908, 12, 0, 0.517285, 

584.908, 13, 0, 0.517285, 

584.908, 14, 0, 0.517285, 

584.908, 15, 0, 0.517285, 

584.908, 16, 0, 0.517285, 

584.908, 17, 0, 0.517285, 

584.908, 18, 0, 0.517285, 

584.908, 19, 0, 0.517285, 

584.908, 20, 0, 0.517285, 

584.908, 21, 0, 0.517285, 

584.908, 22, 0, 0.517285, 

584.908, 23, 0, 0.517285, 

584.908, 24, 0, 0.517285, 

584.908, 25, 0, 0.517285, 

584.908, 26, 0, 0.517285, 

584.908, 27, 0, 0.517285, 

584.908, 28, 0, 0.517285, 

584.908, 29, 0, 0.517285, 

584.908, 30, 0, 0.517285, 

584.908, 31, 0, 0.517285, 

584.908, 32, 0, 0.517285, 

584.908, 33, 0, 0.517285, 

584.908, 34, 0, 0.517285, 

584.908, 35, 0, 0.517285, 

584.908, 36, 0, 0.517285, 

584.908, 37, 0, 0.517285, 

584.908, 38, 0, 0.517285, 

584.908, 39, 0, 0.517285, 

584.908, 40, 0, 0.517285, 

584.908, 41, 0, 0.517285, 

584.908, 42, 0, 0.517285, 

584.908, 43, 0, 0.517285, 

584.908, 44, 0, 0.517285, 

584.908, 45, 0, 0.517285, 

584.908, 46, 0, 0.517285, 

584.908, 47, 0, 0.517285, 

584.908, 48, 0, 0.517285, 

584.908, 49, 0, 0.517285, 

584.908, 50, 0, 0.517285, 

584.908, 51, 0, 0.517285, 

584.908, 52, 0, 0.517285, 

584.908, 53, 0, 0.517285, 

584.908, 54, 0, 0.517285, 

584.908, 55, 0, 0.517285, 

584.908, 56, 0, 0.517285, 

584.908, 57, 0, 0.517285, 

584.908, 58, 0, 0.517285, 

584.908, 59, 0, 0.517285, 

584.908, 60, 0, 0.517285, 

584.908, 61, 0, 0.517285, 

584.908, 62, 0, 0.517285, 

584.908, 63, 0, 0.517285, 

584.908, 64, 0, 0.517285, 

584.908, 65, 0, 0.517285, 

584.908, 66, 0, 0.517285, 

584.908, 67, 0, 0.517285, 

584.908, 68, 0, 0.517285, 

584.908, 69, 0, 0.517285, 

584.908, 70, 0, 0.517285, 

584.908, 71, 0, 0.517285, 

584.908, 72, 0, 0.517285, 

584.908, 73, 0, 0.517285, 

584.908, 74, 0, 0.517285, 

584.908, 75, 0, 0.517285, 

584.908, 76, 0, 0.517285, 

584.908, 77, 0, 0.517285, 

584.908, 78, 0, 0.517285, 

584.908, 79, 0, 0.517285, 

584.908, 80, 0, 0.517285, 

584.908, 81, 0, 0.517285, 

584.908, 82, 0, 0.517285, 

584.908, 83, 0, 0.517285, 

584.908, 84, 0, 0.517285, 

584.908, 85, 0, 0.517285, 

584.908, 86, 0, 0.517285, 

584.908, 87, 0, 0.517285, 

584.908, 88, 0, 0.517285, 

584.908, 89, 0, 0.517285, 

584.908, 90, 0, 0.517285, 

584.908, 91, 0, 0.517285, 

584.908, 92, 0, 0.517285, 

584.908, 93, 0, 0.517285, 

584.908, 94, 0, 0.517285, 

584.908, 95, 0, 0.517285, 

584.908, 96, 0, 0.517285, 

584.908, 97, 0, 0.517285, 

584.908, 98, 0, 0.517285, 

584.908, 99, 0, 0.517285, 

584.908, 100, 0, 0.517285, 

584.908, 101, 0, 0.517285, 

584.908, 102, 0, 0.517285, 

584.908, 103, 0, 0.517285, 

584.908, 104, 0, 0.517285, 

584.908, 105, 0, 0.517285, 

584.908, 106, 0, 0.517285, 

584.908, 107, 0, 0.517285, 

584.908, 108, 0, 0.517285, 

584.908, 109, 0, 0.517285, 

584.908, 110, 0, 0.517285, 

584.908, 111, 0, 0.517285, 

584.908, 112, 0, 0.517285, 

584.908, 113, 0, 0.517285, 

584.908, 114, 0, 0.517285, 

584.908, 115, 0, 0.517285, 

584.908, 116, 0, 0.517285, 

584.908, 117, 0, 0.517285, 

584.908, 118, 0, 0.517285, 

584.908, 119, 0, 0.517285, 

587.543, 0, 0, 0.564572, 

587.543, 1, 0, 0.564572, 

587.543, 2, 0, 0.564572, 

587.543, 3, 0, 0.564572, 

587.543, 4, 0, 0.564572, 

587.543, 5, 0, 0.564572, 

587.543, 6, 0, 0.564572, 

587.543, 7, 0, 0.564572, 

587.543, 8, 0, 0.564572, 

587.543, 9, 0, 0.564572, 

587.543, 10, 0, 0.564572, 

587.543, 11, 0, 0.564572, 

587.543, 12, 0, 0.564572, 

587.543, 13, 0, 0.564572, 

587.543, 14, 0, 0.564572, 

587.543, 15, 0, 0.564572, 

587.543, 16, 0, 0.564572, 

587.543, 17, 0, 0.564572, 

587.543, 18, 0, 0.564572, 

587.543, 19, 0, 0.564572, 

587.543, 20, 0, 0.564572, 

587.543, 21, 0, 0.564572, 

587.543, 22, 0, 0.564572, 

587.543, 23, 0, 0.564572, 

587.543, 24, 0, 0.564572, 

587.543, 25, 0, 0.564572, 

587.543, 26, 0, 0.564572, 

587.543, 27, 0, 0.564572, 

587.543, 28, 0, 0.564572, 

587.543, 29, 0, 0.564572, 

587.543, 30, 0, 0.564572, 

587.543, 31, 0, 0.564572, 

587.543, 32, 0, 0.564572, 

587.543, 33, 0, 0.564572, 

587.543, 34, 0, 0.564572, 

587.543, 35, 0, 0.564572, 

587.543, 36, 0, 0.564572, 

587.543, 37, 0, 0.564572, 

587.543, 38, 0, 0.564572, 

587.543, 39, 0, 0.564572, 

587.543, 40, 0, 0.564572, 

587.543, 41, 0, 0.564572, 

587.543, 42, 0, 0.564572, 

587.543, 43, 0, 0.564572, 

587.543, 44, 0, 0.564572, 

587.543, 45, 0, 0.564572, 

587.543, 46, 0, 0.564572, 

587.543, 47, 0, 0.564572, 

587.543, 48, 0, 0.564572, 

587.543, 49, 0, 0.564572, 

587.543, 50, 0, 0.564572, 

587.543, 51, 0, 0.564572, 

587.543, 52, 0, 0.564572, 

587.543, 53, 0, 0.564572, 

587.543, 54, 0, 0.564572, 

587.543, 55, 0, 0.564572, 

587.543, 56, 0, 0.564572, 

587.543, 57, 0, 0.564572, 

587.543, 58, 0, 0.564572, 

587.543, 59, 0, 0.564572, 

587.543, 60, 0, 0.564572, 

587.543, 61, 0, 0.564572, 

587.543, 62, 0, 0.564572, 

587.543, 63, 0, 0.564572, 

587.543, 64, 0, 0.564572, 

587.543, 65, 0, 0.564572, 

587.543, 66, 0, 0.564572, 

587.543, 67, 0, 0.564572, 

587.543, 68, 0, 0.564572, 

587.543, 69, 0, 0.564572, 

587.543, 70, 0, 0.564572, 

587.543, 71, 0, 0.564572, 

587.543, 72, 0, 0.564572, 

587.543, 73, 0, 0.564572, 

587.543, 74, 0, 0.564572, 

587.543, 75, 0, 0.564572, 

587.543, 76, 0, 0.564572, 

587.543, 77, 0, 0.564572, 

587.543, 78, 0, 0.564572, 

587.543, 79, 0, 0.564572, 

587.543, 80, 0, 0.564572, 

587.543, 81, 0, 0.564572, 

587.543, 82, 0, 0.564572, 

587.543, 83, 0, 0.564572, 

587.543, 84, 0, 0.564572, 

587.543, 85, 0, 0.564572, 

587.543, 86, 0, 0.564572, 

587.543, 87, 0, 0.564572, 

587.543, 88, 0, 0.564572, 

587.543, 89, 0, 0.564572, 

587.543, 90, 0, 0.564572, 

587.543, 91, 0, 0.564572, 

587.543, 92, 0, 0.564572, 

587.543, 93, 0, 0.564572, 

587.543, 94, 0, 0.564572, 

587.543, 95, 0, 0.564572, 

587.543, 96, 0, 0.564572, 

587.543, 97, 0, 0.564572, 

587.543, 98, 0, 0.564572, 

587.543, 99, 0, 0.564572, 

587.543, 100, 0, 0.564572, 

587.543, 101, 0, 0.564572, 

587.543, 102, 0, 0.564572, 

587.543, 103, 0, 0.564572, 

587.543, 104, 0, 0.564572, 

587.543, 105, 0, 0.564572, 

587.543, 106, 0, 0.564572, 

587.543, 107, 0, 0.564572, 

587.543, 108, 0, 0.564572, 

587.543, 109, 0, 0.564572, 

587.543, 110, 0, 0.564572, 

587.543, 111, 0, 0.564572, 

587.543, 112, 0, 0.564572, 

587.543, 113, 0, 0.564572, 

587.543, 114, 0, 0.564572, 

587.543, 115, 0, 0.564572, 

587.543, 116, 0, 0.564572, 

587.543, 117, 0, 0.564572, 

587.543, 118, 0, 0.564572, 

587.543, 119, 0, 0.564572, 

590.178, 0, 0, 0.630197, 

590.178, 1, 0, 0.630197, 

590.178, 2, 0, 0.630197, 

590.178, 3, 0, 0.630197, 

590.178, 4, 0, 0.630197, 

590.178, 5, 0, 0.630197, 

590.178, 6, 0, 0.630197, 

590.178, 7, 0, 0.630197, 

590.178, 8, 0, 0.630197, 

590.178, 9, 0, 0.630197, 

590.178, 10, 0, 0.630197, 

590.178, 11, 0, 0.630197, 

590.178, 12, 0, 0.630197, 

590.178, 13, 0, 0.630197, 

590.178, 14, 0, 0.630197, 

590.178, 15, 0, 0.630197, 

590.178, 16, 0, 0.630197, 

590.178, 17, 0, 0.630197, 

590.178, 18, 0, 0.630197, 

590.178, 19, 0, 0.630197, 

590.178, 20, 0, 0.630197, 

590.178, 21, 0, 0.630197, 

590.178, 22, 0, 0.630197, 

590.178, 23, 0, 0.630197, 

590.178, 24, 0, 0.630197, 

590.178, 25, 0, 0.630197, 

590.178, 26, 0, 0.630197, 

590.178, 27, 0, 0.630197, 

590.178, 28, 0, 0.630197, 

590.178, 29, 0, 0.630197, 

590.178, 30, 0, 0.630197, 

590.178, 31, 0, 0.630197, 

590.178, 32, 0, 0.630197, 

590.178, 33, 0, 0.630197, 

590.178, 34, 0, 0.630197, 

590.178, 35, 0, 0.630197, 

590.178, 36, 0, 0.630197, 

590.178, 37, 0, 0.630197, 

590.178, 38, 0, 0.630197, 

590.178, 39, 0, 0.630197, 

590.178, 40, 0, 0.630197, 

590.178, 41, 0, 0.630197, 

590.178, 42, 0, 0.630197, 

590.178, 43, 0, 0.630197, 

590.178, 44, 0, 0.630197, 

590.178, 45, 0, 0.630197, 

590.178, 46, 0, 0.630197, 

590.178, 47, 0, 0.630197, 

590.178, 48, 0, 0.630197, 

590.178, 49, 0, 0.630197, 

590.178, 50, 0, 0.630197, 

590.178, 51, 0, 0.630197, 

590.178, 52, 0, 0.630197, 

590.178, 53, 0, 0.630197, 

590.178, 54, 0, 0.630197, 

590.178, 55, 0, 0.630197, 

590.178, 56, 0, 0.630197, 

590.178, 57, 0, 0.630197, 

590.178, 58, 0, 0.630197, 

590.178, 59, 0, 0.630197, 

590.178, 60, 0, 0.630197, 

590.178, 61, 0, 0.630197, 

590.178, 62, 0, 0.630197, 

590.178, 63, 0, 0.630197, 

590.178, 64, 0, 0.630197, 

590.178, 65, 0, 0.630197, 

590.178, 66, 0, 0.630197, 

590.178, 67, 0, 0.630197, 

590.178, 68, 0, 0.630197, 

590.178, 69, 0, 0.630197, 

590.178, 70, 0, 0.630197, 

590.178, 71, 0, 0.630197, 

590.178, 72, 0, 0.630197, 

590.178, 73, 0, 0.630197, 

590.178, 74, 0, 0.630197, 

590.178, 75, 0, 0.630197, 

590.178, 76, 0, 0.630197, 

590.178, 77, 0, 0.630197, 

590.178, 78, 0, 0.630197, 

590.178, 79, 0, 0.630197, 

590.178, 80, 0, 0.630197, 

590.178, 81, 0, 0.630197, 

590.178, 82, 0, 0.630197, 

590.178, 83, 0, 0.630197, 

590.178, 84, 0, 0.630197, 

590.178, 85, 0, 0.630197, 

590.178, 86, 0, 0.630197, 

590.178, 87, 0, 0.630197, 

590.178, 88, 0, 0.630197, 

590.178, 89, 0, 0.630197, 

590.178, 90, 0, 0.630197, 

590.178, 91, 0, 0.630197, 

590.178, 92, 0, 0.630197, 

590.178, 93, 0, 0.630197, 

590.178, 94, 0, 0.630197, 

590.178, 95, 0, 0.630197, 

590.178, 96, 0, 0.630197, 

590.178, 97, 0, 0.630197, 

590.178, 98, 0, 0.630197, 

590.178, 99, 0, 0.630197, 

590.178, 100, 0, 0.630197, 

590.178, 101, 0, 0.630197, 

590.178, 102, 0, 0.630197, 

590.178, 103, 0, 0.630197, 

590.178, 104, 0, 0.630197, 

590.178, 105, 0, 0.630197, 

590.178, 106, 0, 0.630197, 

590.178, 107, 0, 0.630197, 

590.178, 108, 0, 0.630197, 

590.178, 109, 0, 0.630197, 

590.178, 110, 0, 0.630197, 

590.178, 111, 0, 0.630197, 

590.178, 112, 0, 0.630197, 

590.178, 113, 0, 0.630197, 

590.178, 114, 0, 0.630197, 

590.178, 115, 0, 0.630197, 

590.178, 116, 0, 0.630197, 

590.178, 117, 0, 0.630197, 

590.178, 118, 0, 0.630197, 

590.178, 119, 0, 0.630197, 

591.178, 0, 0, 0.681264, 

591.178, 1, 0, 0.681264, 

591.178, 2, 0, 0.681264, 

591.178, 3, 0, 0.681264, 

591.178, 4, 0, 0.681264, 

591.178, 5, 0, 0.681264, 

591.178, 6, 0, 0.681264, 

591.178, 7, 0, 0.681264, 

591.178, 8, 0, 0.681264, 

591.178, 9, 0, 0.681264, 

591.178, 10, 0, 0.681264, 

591.178, 11, 0, 0.681264, 

591.178, 12, 0, 0.681264, 

591.178, 13, 0, 0.681264, 

591.178, 14, 0, 0.681264, 

591.178, 15, 0, 0.681264, 

591.178, 16, 0, 0.681264, 

591.178, 17, 0, 0.681264, 

591.178, 18, 0, 0.681264, 

591.178, 19, 0, 0.681264, 

591.178, 20, 0, 0.681264, 

591.178, 21, 0, 0.681264, 

591.178, 22, 0, 0.681264, 

591.178, 23, 0, 0.681264, 

591.178, 24, 0, 0.681264, 

591.178, 25, 0, 0.681264, 

591.178, 26, 0, 0.681264, 

591.178, 27, 0, 0.681264, 

591.178, 28, 0, 0.681264, 

591.178, 29, 0, 0.681264, 

591.178, 30, 0, 0.681264, 

591.178, 31, 0, 0.681264, 

591.178, 32, 0, 0.681264, 

591.178, 33, 0, 0.681264, 

591.178, 34, 0, 0.681264, 

591.178, 35, 0, 0.681264, 

591.178, 36, 0, 0.681264, 

591.178, 37, 0, 0.681264, 

591.178, 38, 0, 0.681264, 

591.178, 39, 0, 0.681264, 

591.178, 40, 0, 0.681264, 

591.178, 41, 0, 0.681264, 

591.178, 42, 0, 0.681264, 

591.178, 43, 0, 0.681264, 

591.178, 44, 0, 0.681264, 

591.178, 45, 0, 0.681264, 

591.178, 46, 0, 0.681264, 

591.178, 47, 0, 0.681264, 

591.178, 48, 0, 0.681264, 

591.178, 49, 0, 0.681264, 

591.178, 50, 0, 0.681264, 

591.178, 51, 0, 0.681264, 

591.178, 52, 0, 0.681264, 

591.178, 53, 0, 0.681264, 

591.178, 54, 0, 0.681264, 

591.178, 55, 0, 0.681264, 

591.178, 56, 0, 0.681264, 

591.178, 57, 0, 0.681264, 

591.178, 58, 0, 0.681264, 

591.178, 59, 0, 0.681264, 

591.178, 60, 0, 0.681264, 

591.178, 61, 0, 0.681264, 

591.178, 62, 0, 0.681264, 

591.178, 63, 0, 0.681264, 

591.178, 64, 0, 0.681264, 

591.178, 65, 0, 0.681264, 

591.178, 66, 0, 0.681264, 

591.178, 67, 0, 0.681264, 

591.178, 68, 0, 0.681264, 

591.178, 69, 0, 0.681264, 

591.178, 70, 0, 0.681264, 

591.178, 71, 0, 0.681264, 

591.178, 72, 0, 0.681264, 

591.178, 73, 0, 0.681264, 

591.178, 74, 0, 0.681264, 

591.178, 75, 0, 0.681264, 

591.178, 76, 0, 0.681264, 

591.178, 77, 0, 0.681264, 

591.178, 78, 0, 0.681264, 

591.178, 79, 0, 0.681264, 

591.178, 80, 0, 0.681264, 

591.178, 81, 0, 0.681264, 

591.178, 82, 0, 0.681264, 

591.178, 83, 0, 0.681264, 

591.178, 84, 0, 0.681264, 

591.178, 85, 0, 0.681264, 

591.178, 86, 0, 0.681264, 

591.178, 87, 0, 0.681264, 

591.178, 88, 0, 0.681264, 

591.178, 89, 0, 0.681264, 

591.178, 90, 0, 0.681264, 

591.178, 91, 0, 0.681264, 

591.178, 92, 0, 0.681264, 

591.178, 93, 0, 0.681264, 

591.178, 94, 0, 0.681264, 

591.178, 95, 0, 0.681264, 

591.178, 96, 0, 0.681264, 

591.178, 97, 0, 0.681264, 

591.178, 98, 0, 0.681264, 

591.178, 99, 0, 0.681264, 

591.178, 100, 0, 0.681264, 

591.178, 101, 0, 0.681264, 

591.178, 102, 0, 0.681264, 

591.178, 103, 0, 0.681264, 

591.178, 104, 0, 0.681264, 

591.178, 105, 0, 0.681264, 

591.178, 106, 0, 0.681264, 

591.178, 107, 0, 0.681264, 

591.178, 108, 0, 0.681264, 

591.178, 109, 0, 0.681264, 

591.178, 110, 0, 0.681264, 

591.178, 111, 0, 0.681264, 

591.178, 112, 0, 0.681264, 

591.178, 113, 0, 0.681264, 

591.178, 114, 0, 0.681264, 

591.178, 115, 0, 0.681264, 

591.178, 116, 0, 0.681264, 

591.178, 117, 0, 0.681264, 

591.178, 118, 0, 0.681264, 

591.178, 119, 0, 0.681264, 

592.178, 0, 0, 0.713971, 

592.178, 1, 0, 0.713971, 

592.178, 2, 0, 0.713971, 

592.178, 3, 0, 0.713971, 

592.178, 4, 0, 0.713971, 

592.178, 5, 0, 0.713971, 

592.178, 6, 0, 0.713971, 

592.178, 7, 0, 0.713971, 

592.178, 8, 0, 0.713971, 

592.178, 9, 0, 0.713971, 

592.178, 10, 0, 0.713971, 

592.178, 11, 0, 0.713971, 

592.178, 12, 0, 0.713971, 

592.178, 13, 0, 0.713971, 

592.178, 14, 0, 0.713971, 

592.178, 15, 0, 0.713971, 

592.178, 16, 0, 0.713971, 

592.178, 17, 0, 0.713971, 

592.178, 18, 0, 0.713971, 

592.178, 19, 0, 0.713971, 

592.178, 20, 0, 0.713971, 

592.178, 21, 0, 0.713971, 

592.178, 22, 0, 0.713971, 

592.178, 23, 0, 0.713971, 

592.178, 24, 0, 0.713971, 

592.178, 25, 0, 0.713971, 

592.178, 26, 0, 0.713971, 

592.178, 27, 0, 0.713971, 

592.178, 28, 0, 0.713971, 

592.178, 29, 0, 0.713971, 

592.178, 30, 0, 0.713971, 

592.178, 31, 0, 0.713971, 

592.178, 32, 0, 0.713971, 

592.178, 33, 0, 0.713971, 

592.178, 34, 0, 0.713971, 

592.178, 35, 0, 0.713971, 

592.178, 36, 0, 0.713971, 

592.178, 37, 0, 0.713971, 

592.178, 38, 0, 0.713971, 

592.178, 39, 0, 0.713971, 

592.178, 40, 0, 0.713971, 

592.178, 41, 0, 0.713971, 

592.178, 42, 0, 0.713971, 

592.178, 43, 0, 0.713971, 

592.178, 44, 0, 0.713971, 

592.178, 45, 0, 0.713971, 

592.178, 46, 0, 0.713971, 

592.178, 47, 0, 0.713971, 

592.178, 48, 0, 0.713971, 

592.178, 49, 0, 0.713971, 

592.178, 50, 0, 0.713971, 

592.178, 51, 0, 0.713971, 

592.178, 52, 0, 0.713971, 

592.178, 53, 0, 0.713971, 

592.178, 54, 0, 0.713971, 

592.178, 55, 0, 0.713971, 

592.178, 56, 0, 0.713971, 

592.178, 57, 0, 0.713971, 

592.178, 58, 0, 0.713971, 

592.178, 59, 0, 0.713971, 

592.178, 60, 0, 0.713971, 

592.178, 61, 0, 0.713971, 

592.178, 62, 0, 0.713971, 

592.178, 63, 0, 0.713971, 

592.178, 64, 0, 0.713971, 

592.178, 65, 0, 0.713971, 

592.178, 66, 0, 0.713971, 

592.178, 67, 0, 0.713971, 

592.178, 68, 0, 0.713971, 

592.178, 69, 0, 0.713971, 

592.178, 70, 0, 0.713971, 

592.178, 71, 0, 0.713971, 

592.178, 72, 0, 0.713971, 

592.178, 73, 0, 0.713971, 

592.178, 74, 0, 0.713971, 

592.178, 75, 0, 0.713971, 

592.178, 76, 0, 0.713971, 

592.178, 77, 0, 0.713971, 

592.178, 78, 0, 0.713971, 

592.178, 79, 0, 0.713971, 

592.178, 80, 0, 0.713971, 

592.178, 81, 0, 0.713971, 

592.178, 82, 0, 0.713971, 

592.178, 83, 0, 0.713971, 

592.178, 84, 0, 0.713971, 

592.178, 85, 0, 0.713971, 

592.178, 86, 0, 0.713971, 

592.178, 87, 0, 0.713971, 

592.178, 88, 0, 0.713971, 

592.178, 89, 0, 0.713971, 

592.178, 90, 0, 0.713971, 

592.178, 91, 0, 0.713971, 

592.178, 92, 0, 0.713971, 

592.178, 93, 0, 0.713971, 

592.178, 94, 0, 0.713971, 

592.178, 95, 0, 0.713971, 

592.178, 96, 0, 0.713971, 

592.178, 97, 0, 0.713971, 

592.178, 98, 0, 0.713971, 

592.178, 99, 0, 0.713971, 

592.178, 100, 0, 0.713971, 

592.178, 101, 0, 0.713971, 

592.178, 102, 0, 0.713971, 

592.178, 103, 0, 0.713971, 

592.178, 104, 0, 0.713971, 

592.178, 105, 0, 0.713971, 

592.178, 106, 0, 0.713971, 

592.178, 107, 0, 0.713971, 

592.178, 108, 0, 0.713971, 

592.178, 109, 0, 0.713971, 

592.178, 110, 0, 0.713971, 

592.178, 111, 0, 0.713971, 

592.178, 112, 0, 0.713971, 

592.178, 113, 0, 0.713971, 

592.178, 114, 0, 0.713971, 

592.178, 115, 0, 0.713971, 

592.178, 116, 0, 0.713971, 

592.178, 117, 0, 0.713971, 

592.178, 118, 0, 0.713971, 

592.178, 119, 0, 0.713971, 

593.178, 0, 0, 0.744221, 

593.178, 1, 0, 0.744221, 

593.178, 2, 0, 0.744221, 

593.178, 3, 0, 0.744221, 

593.178, 4, 0, 0.744221, 

593.178, 5, 0, 0.744221, 

593.178, 6, 0, 0.744221, 

593.178, 7, 0, 0.744221, 

593.178, 8, 0, 0.744221, 

593.178, 9, 0, 0.744221, 

593.178, 10, 0, 0.744221, 

593.178, 11, 0, 0.744221, 

593.178, 12, 0, 0.744221, 

593.178, 13, 0, 0.744221, 

593.178, 14, 0, 0.744221, 

593.178, 15, 0, 0.744221, 

593.178, 16, 0, 0.744221, 

593.178, 17, 0, 0.744221, 

593.178, 18, 0, 0.744221, 

593.178, 19, 0, 0.744221, 

593.178, 20, 0, 0.744221, 

593.178, 21, 0, 0.744221, 

593.178, 22, 0, 0.744221, 

593.178, 23, 0, 0.744221, 

593.178, 24, 0, 0.744221, 

593.178, 25, 0, 0.744221, 

593.178, 26, 0, 0.744221, 

593.178, 27, 0, 0.744221, 

593.178, 28, 0, 0.744221, 

593.178, 29, 0, 0.744221, 

593.178, 30, 0, 0.744221, 

593.178, 31, 0, 0.744221, 

593.178, 32, 0, 0.744221, 

593.178, 33, 0, 0.744221, 

593.178, 34, 0, 0.744221, 

593.178, 35, 0, 0.744221, 

593.178, 36, 0, 0.744221, 

593.178, 37, 0, 0.744221, 

593.178, 38, 0, 0.744221, 

593.178, 39, 0, 0.744221, 

593.178, 40, 0, 0.744221, 

593.178, 41, 0, 0.744221, 

593.178, 42, 0, 0.744221, 

593.178, 43, 0, 0.744221, 

593.178, 44, 0, 0.744221, 

593.178, 45, 0, 0.744221, 

593.178, 46, 0, 0.744221, 

593.178, 47, 0, 0.744221, 

593.178, 48, 0, 0.744221, 

593.178, 49, 0, 0.744221, 

593.178, 50, 0, 0.744221, 

593.178, 51, 0, 0.744221, 

593.178, 52, 0, 0.744221, 

593.178, 53, 0, 0.744221, 

593.178, 54, 0, 0.744221, 

593.178, 55, 0, 0.744221, 

593.178, 56, 0, 0.744221, 

593.178, 57, 0, 0.744221, 

593.178, 58, 0, 0.744221, 

593.178, 59, 0, 0.744221, 

593.178, 60, 0, 0.744221, 

593.178, 61, 0, 0.744221, 

593.178, 62, 0, 0.744221, 

593.178, 63, 0, 0.744221, 

593.178, 64, 0, 0.744221, 

593.178, 65, 0, 0.744221, 

593.178, 66, 0, 0.744221, 

593.178, 67, 0, 0.744221, 

593.178, 68, 0, 0.744221, 

593.178, 69, 0, 0.744221, 

593.178, 70, 0, 0.744221, 

593.178, 71, 0, 0.744221, 

593.178, 72, 0, 0.744221, 

593.178, 73, 0, 0.744221, 

593.178, 74, 0, 0.744221, 

593.178, 75, 0, 0.744221, 

593.178, 76, 0, 0.744221, 

593.178, 77, 0, 0.744221, 

593.178, 78, 0, 0.744221, 

593.178, 79, 0, 0.744221, 

593.178, 80, 0, 0.744221, 

593.178, 81, 0, 0.744221, 

593.178, 82, 0, 0.744221, 

593.178, 83, 0, 0.744221, 

593.178, 84, 0, 0.744221, 

593.178, 85, 0, 0.744221, 

593.178, 86, 0, 0.744221, 

593.178, 87, 0, 0.744221, 

593.178, 88, 0, 0.744221, 

593.178, 89, 0, 0.744221, 

593.178, 90, 0, 0.744221, 

593.178, 91, 0, 0.744221, 

593.178, 92, 0, 0.744221, 

593.178, 93, 0, 0.744221, 

593.178, 94, 0, 0.744221, 

593.178, 95, 0, 0.744221, 

593.178, 96, 0, 0.744221, 

593.178, 97, 0, 0.744221, 

593.178, 98, 0, 0.744221, 

593.178, 99, 0, 0.744221, 

593.178, 100, 0, 0.744221, 

593.178, 101, 0, 0.744221, 

593.178, 102, 0, 0.744221, 

593.178, 103, 0, 0.744221, 

593.178, 104, 0, 0.744221, 

593.178, 105, 0, 0.744221, 

593.178, 106, 0, 0.744221, 

593.178, 107, 0, 0.744221, 

593.178, 108, 0, 0.744221, 

593.178, 109, 0, 0.744221, 

593.178, 110, 0, 0.744221, 

593.178, 111, 0, 0.744221, 

593.178, 112, 0, 0.744221, 

593.178, 113, 0, 0.744221, 

593.178, 114, 0, 0.744221, 

593.178, 115, 0, 0.744221, 

593.178, 116, 0, 0.744221, 

593.178, 117, 0, 0.744221, 

593.178, 118, 0, 0.744221, 

593.178, 119, 0, 0.744221, 

594.178, 0, 0, 0.772081, 

594.178, 1, 0, 0.772081, 

594.178, 2, 0, 0.772081, 

594.178, 3, 0, 0.772081, 

594.178, 4, 0, 0.772081, 

594.178, 5, 0, 0.772081, 

594.178, 6, 0, 0.772081, 

594.178, 7, 0, 0.772081, 

594.178, 8, 0, 0.772081, 

594.178, 9, 0, 0.772081, 

594.178, 10, 0, 0.772081, 

594.178, 11, 0, 0.772081, 

594.178, 12, 0, 0.772081, 

594.178, 13, 0, 0.772081, 

594.178, 14, 0, 0.772081, 

594.178, 15, 0, 0.772081, 

594.178, 16, 0, 0.772081, 

594.178, 17, 0, 0.772081, 

594.178, 18, 0, 0.772081, 

594.178, 19, 0, 0.772081, 

594.178, 20, 0, 0.772081, 

594.178, 21, 0, 0.772081, 

594.178, 22, 0, 0.772081, 

594.178, 23, 0, 0.772081, 

594.178, 24, 0, 0.772081, 

594.178, 25, 0, 0.772081, 

594.178, 26, 0, 0.772081, 

594.178, 27, 0, 0.772081, 

594.178, 28, 0, 0.772081, 

594.178, 29, 0, 0.772081, 

594.178, 30, 0, 0.772081, 

594.178, 31, 0, 0.772081, 

594.178, 32, 0, 0.772081, 

594.178, 33, 0, 0.772081, 

594.178, 34, 0, 0.772081, 

594.178, 35, 0, 0.772081, 

594.178, 36, 0, 0.772081, 

594.178, 37, 0, 0.772081, 

594.178, 38, 0, 0.772081, 

594.178, 39, 0, 0.772081, 

594.178, 40, 0, 0.772081, 

594.178, 41, 0, 0.772081, 

594.178, 42, 0, 0.772081, 

594.178, 43, 0, 0.772081, 

594.178, 44, 0, 0.772081, 

594.178, 45, 0, 0.772081, 

594.178, 46, 0, 0.772081, 

594.178, 47, 0, 0.772081, 

594.178, 48, 0, 0.772081, 

594.178, 49, 0, 0.772081, 

594.178, 50, 0, 0.772081, 

594.178, 51, 0, 0.772081, 

594.178, 52, 0, 0.772081, 

594.178, 53, 0, 0.772081, 

594.178, 54, 0, 0.772081, 

594.178, 55, 0, 0.772081, 

594.178, 56, 0, 0.772081, 

594.178, 57, 0, 0.772081, 

594.178, 58, 0, 0.772081, 

594.178, 59, 0, 0.772081, 

594.178, 60, 0, 0.772081, 

594.178, 61, 0, 0.772081, 

594.178, 62, 0, 0.772081, 

594.178, 63, 0, 0.772081, 

594.178, 64, 0, 0.772081, 

594.178, 65, 0, 0.772081, 

594.178, 66, 0, 0.772081, 

594.178, 67, 0, 0.772081, 

594.178, 68, 0, 0.772081, 

594.178, 69, 0, 0.772081, 

594.178, 70, 0, 0.772081, 

594.178, 71, 0, 0.772081, 

594.178, 72, 0, 0.772081, 

594.178, 73, 0, 0.772081, 

594.178, 74, 0, 0.772081, 

594.178, 75, 0, 0.772081, 

594.178, 76, 0, 0.772081, 

594.178, 77, 0, 0.772081, 

594.178, 78, 0, 0.772081, 

594.178, 79, 0, 0.772081, 

594.178, 80, 0, 0.772081, 

594.178, 81, 0, 0.772081, 

594.178, 82, 0, 0.772081, 

594.178, 83, 0, 0.772081, 

594.178, 84, 0, 0.772081, 

594.178, 85, 0, 0.772081, 

594.178, 86, 0, 0.772081, 

594.178, 87, 0, 0.772081, 

594.178, 88, 0, 0.772081, 

594.178, 89, 0, 0.772081, 

594.178, 90, 0, 0.772081, 

594.178, 91, 0, 0.772081, 

594.178, 92, 0, 0.772081, 

594.178, 93, 0, 0.772081, 

594.178, 94, 0, 0.772081, 

594.178, 95, 0, 0.772081, 

594.178, 96, 0, 0.772081, 

594.178, 97, 0, 0.772081, 

594.178, 98, 0, 0.772081, 

594.178, 99, 0, 0.772081, 

594.178, 100, 0, 0.772081, 

594.178, 101, 0, 0.772081, 

594.178, 102, 0, 0.772081, 

594.178, 103, 0, 0.772081, 

594.178, 104, 0, 0.772081, 

594.178, 105, 0, 0.772081, 

594.178, 106, 0, 0.772081, 

594.178, 107, 0, 0.772081, 

594.178, 108, 0, 0.772081, 

594.178, 109, 0, 0.772081, 

594.178, 110, 0, 0.772081, 

594.178, 111, 0, 0.772081, 

594.178, 112, 0, 0.772081, 

594.178, 113, 0, 0.772081, 

594.178, 114, 0, 0.772081, 

594.178, 115, 0, 0.772081, 

594.178, 116, 0, 0.772081, 

594.178, 117, 0, 0.772081, 

594.178, 118, 0, 0.772081, 

594.178, 119, 0, 0.772081, 

595.178, 0, 0, 0.797636, 

595.178, 1, 0, 0.797636, 

595.178, 2, 0, 0.797636, 

595.178, 3, 0, 0.797636, 

595.178, 4, 0, 0.797636, 

595.178, 5, 0, 0.797636, 

595.178, 6, 0, 0.797636, 

595.178, 7, 0, 0.797636, 

595.178, 8, 0, 0.797636, 

595.178, 9, 0, 0.797636, 

595.178, 10, 0, 0.797636, 

595.178, 11, 0, 0.797636, 

595.178, 12, 0, 0.797636, 

595.178, 13, 0, 0.797636, 

595.178, 14, 0, 0.797636, 

595.178, 15, 0, 0.797636, 

595.178, 16, 0, 0.797636, 

595.178, 17, 0, 0.797636, 

595.178, 18, 0, 0.797636, 

595.178, 19, 0, 0.797636, 

595.178, 20, 0, 0.797636, 

595.178, 21, 0, 0.797636, 

595.178, 22, 0, 0.797636, 

595.178, 23, 0, 0.797636, 

595.178, 24, 0, 0.797636, 

595.178, 25, 0, 0.797636, 

595.178, 26, 0, 0.797636, 

595.178, 27, 0, 0.797636, 

595.178, 28, 0, 0.797636, 

595.178, 29, 0, 0.797636, 

595.178, 30, 0, 0.797636, 

595.178, 31, 0, 0.797636, 

595.178, 32, 0, 0.797636, 

595.178, 33, 0, 0.797636, 

595.178, 34, 0, 0.797636, 

595.178, 35, 0, 0.797636, 

595.178, 36, 0, 0.797636, 

595.178, 37, 0, 0.797636, 

595.178, 38, 0, 0.797636, 

595.178, 39, 0, 0.797636, 

595.178, 40, 0, 0.797636, 

595.178, 41, 0, 0.797636, 

595.178, 42, 0, 0.797636, 

595.178, 43, 0, 0.797636, 

595.178, 44, 0, 0.797636, 

595.178, 45, 0, 0.797636, 

595.178, 46, 0, 0.797636, 

595.178, 47, 0, 0.797636, 

595.178, 48, 0, 0.797636, 

595.178, 49, 0, 0.797636, 

595.178, 50, 0, 0.797636, 

595.178, 51, 0, 0.797636, 

595.178, 52, 0, 0.797636, 

595.178, 53, 0, 0.797636, 

595.178, 54, 0, 0.797636, 

595.178, 55, 0, 0.797636, 

595.178, 56, 0, 0.797636, 

595.178, 57, 0, 0.797636, 

595.178, 58, 0, 0.797636, 

595.178, 59, 0, 0.797636, 

595.178, 60, 0, 0.797636, 

595.178, 61, 0, 0.797636, 

595.178, 62, 0, 0.797636, 

595.178, 63, 0, 0.797636, 

595.178, 64, 0, 0.797636, 

595.178, 65, 0, 0.797636, 

595.178, 66, 0, 0.797636, 

595.178, 67, 0, 0.797636, 

595.178, 68, 0, 0.797636, 

595.178, 69, 0, 0.797636, 

595.178, 70, 0, 0.797636, 

595.178, 71, 0, 0.797636, 

595.178, 72, 0, 0.797636, 

595.178, 73, 0, 0.797636, 

595.178, 74, 0, 0.797636, 

595.178, 75, 0, 0.797636, 

595.178, 76, 0, 0.797636, 

595.178, 77, 0, 0.797636, 

595.178, 78, 0, 0.797636, 

595.178, 79, 0, 0.797636, 

595.178, 80, 0, 0.797636, 

595.178, 81, 0, 0.797636, 

595.178, 82, 0, 0.797636, 

595.178, 83, 0, 0.797636, 

595.178, 84, 0, 0.797636, 

595.178, 85, 0, 0.797636, 

595.178, 86, 0, 0.797636, 

595.178, 87, 0, 0.797636, 

595.178, 88, 0, 0.797636, 

595.178, 89, 0, 0.797636, 

595.178, 90, 0, 0.797636, 

595.178, 91, 0, 0.797636, 

595.178, 92, 0, 0.797636, 

595.178, 93, 0, 0.797636, 

595.178, 94, 0, 0.797636, 

595.178, 95, 0, 0.797636, 

595.178, 96, 0, 0.797636, 

595.178, 97, 0, 0.797636, 

595.178, 98, 0, 0.797636, 

595.178, 99, 0, 0.797636, 

595.178, 100, 0, 0.797636, 

595.178, 101, 0, 0.797636, 

595.178, 102, 0, 0.797636, 

595.178, 103, 0, 0.797636, 

595.178, 104, 0, 0.797636, 

595.178, 105, 0, 0.797636, 

595.178, 106, 0, 0.797636, 

595.178, 107, 0, 0.797636, 

595.178, 108, 0, 0.797636, 

595.178, 109, 0, 0.797636, 

595.178, 110, 0, 0.797636, 

595.178, 111, 0, 0.797636, 

595.178, 112, 0, 0.797636, 

595.178, 113, 0, 0.797636, 

595.178, 114, 0, 0.797636, 

595.178, 115, 0, 0.797636, 

595.178, 116, 0, 0.797636, 

595.178, 117, 0, 0.797636, 

595.178, 118, 0, 0.797636, 

595.178, 119, 0, 0.797636, 

596.178, 0, 0, 0.820977, 

596.178, 1, 0, 0.820977, 

596.178, 2, 0, 0.820977, 

596.178, 3, 0, 0.820977, 

596.178, 4, 0, 0.820977, 

596.178, 5, 0, 0.820977, 

596.178, 6, 0, 0.820977, 

596.178, 7, 0, 0.820977, 

596.178, 8, 0, 0.820977, 

596.178, 9, 0, 0.820977, 

596.178, 10, 0, 0.820977, 

596.178, 11, 0, 0.820977, 

596.178, 12, 0, 0.820977, 

596.178, 13, 0, 0.820977, 

596.178, 14, 0, 0.820977, 

596.178, 15, 0, 0.820977, 

596.178, 16, 0, 0.820977, 

596.178, 17, 0, 0.820977, 

596.178, 18, 0, 0.820977, 

596.178, 19, 0, 0.820977, 

596.178, 20, 0, 0.820977, 

596.178, 21, 0, 0.820977, 

596.178, 22, 0, 0.820977, 

596.178, 23, 0, 0.820977, 

596.178, 24, 0, 0.820977, 

596.178, 25, 0, 0.820977, 

596.178, 26, 0, 0.820977, 

596.178, 27, 0, 0.820977, 

596.178, 28, 0, 0.820977, 

596.178, 29, 0, 0.820977, 

596.178, 30, 0, 0.820977, 

596.178, 31, 0, 0.820977, 

596.178, 32, 0, 0.820977, 

596.178, 33, 0, 0.820977, 

596.178, 34, 0, 0.820977, 

596.178, 35, 0, 0.820977, 

596.178, 36, 0, 0.820977, 

596.178, 37, 0, 0.820977, 

596.178, 38, 0, 0.820977, 

596.178, 39, 0, 0.820977, 

596.178, 40, 0, 0.820977, 

596.178, 41, 0, 0.820977, 

596.178, 42, 0, 0.820977, 

596.178, 43, 0, 0.820977, 

596.178, 44, 0, 0.820977, 

596.178, 45, 0, 0.820977, 

596.178, 46, 0, 0.820977, 

596.178, 47, 0, 0.820977, 

596.178, 48, 0, 0.820977, 

596.178, 49, 0, 0.820977, 

596.178, 50, 0, 0.820977, 

596.178, 51, 0, 0.820977, 

596.178, 52, 0, 0.820977, 

596.178, 53, 0, 0.820977, 

596.178, 54, 0, 0.820977, 

596.178, 55, 0, 0.820977, 

596.178, 56, 0, 0.820977, 

596.178, 57, 0, 0.820977, 

596.178, 58, 0, 0.820977, 

596.178, 59, 0, 0.820977, 

596.178, 60, 0, 0.820977, 

596.178, 61, 0, 0.820977, 

596.178, 62, 0, 0.820977, 

596.178, 63, 0, 0.820977, 

596.178, 64, 0, 0.820977, 

596.178, 65, 0, 0.820977, 

596.178, 66, 0, 0.820977, 

596.178, 67, 0, 0.820977, 

596.178, 68, 0, 0.820977, 

596.178, 69, 0, 0.820977, 

596.178, 70, 0, 0.820977, 

596.178, 71, 0, 0.820977, 

596.178, 72, 0, 0.820977, 

596.178, 73, 0, 0.820977, 

596.178, 74, 0, 0.820977, 

596.178, 75, 0, 0.820977, 

596.178, 76, 0, 0.820977, 

596.178, 77, 0, 0.820977, 

596.178, 78, 0, 0.820977, 

596.178, 79, 0, 0.820977, 

596.178, 80, 0, 0.820977, 

596.178, 81, 0, 0.820977, 

596.178, 82, 0, 0.820977, 

596.178, 83, 0, 0.820977, 

596.178, 84, 0, 0.820977, 

596.178, 85, 0, 0.820977, 

596.178, 86, 0, 0.820977, 

596.178, 87, 0, 0.820977, 

596.178, 88, 0, 0.820977, 

596.178, 89, 0, 0.820977, 

596.178, 90, 0, 0.820977, 

596.178, 91, 0, 0.820977, 

596.178, 92, 0, 0.820977, 

596.178, 93, 0, 0.820977, 

596.178, 94, 0, 0.820977, 

596.178, 95, 0, 0.820977, 

596.178, 96, 0, 0.820977, 

596.178, 97, 0, 0.820977, 

596.178, 98, 0, 0.820977, 

596.178, 99, 0, 0.820977, 

596.178, 100, 0, 0.820977, 

596.178, 101, 0, 0.820977, 

596.178, 102, 0, 0.820977, 

596.178, 103, 0, 0.820977, 

596.178, 104, 0, 0.820977, 

596.178, 105, 0, 0.820977, 

596.178, 106, 0, 0.820977, 

596.178, 107, 0, 0.820977, 

596.178, 108, 0, 0.820977, 

596.178, 109, 0, 0.820977, 

596.178, 110, 0, 0.820977, 

596.178, 111, 0, 0.820977, 

596.178, 112, 0, 0.820977, 

596.178, 113, 0, 0.820977, 

596.178, 114, 0, 0.820977, 

596.178, 115, 0, 0.820977, 

596.178, 116, 0, 0.820977, 

596.178, 117, 0, 0.820977, 

596.178, 118, 0, 0.820977, 

596.178, 119, 0, 0.820977, 

597.178, 0, 0, 0.842208, 

597.178, 1, 0, 0.842208, 

597.178, 2, 0, 0.842208, 

597.178, 3, 0, 0.842208, 

597.178, 4, 0, 0.842208, 

597.178, 5, 0, 0.842208, 

597.178, 6, 0, 0.842208, 

597.178, 7, 0, 0.842208, 

597.178, 8, 0, 0.842208, 

597.178, 9, 0, 0.842208, 

597.178, 10, 0, 0.842208, 

597.178, 11, 0, 0.842208, 

597.178, 12, 0, 0.842208, 

597.178, 13, 0, 0.842208, 

597.178, 14, 0, 0.842208, 

597.178, 15, 0, 0.842208, 

597.178, 16, 0, 0.842208, 

597.178, 17, 0, 0.842208, 

597.178, 18, 0, 0.842208, 

597.178, 19, 0, 0.842208, 

597.178, 20, 0, 0.842208, 

597.178, 21, 0, 0.842208, 

597.178, 22, 0, 0.842208, 

597.178, 23, 0, 0.842208, 

597.178, 24, 0, 0.842208, 

597.178, 25, 0, 0.842208, 

597.178, 26, 0, 0.842208, 

597.178, 27, 0, 0.842208, 

597.178, 28, 0, 0.842208, 

597.178, 29, 0, 0.842208, 

597.178, 30, 0, 0.842208, 

597.178, 31, 0, 0.842208, 

597.178, 32, 0, 0.842208, 

597.178, 33, 0, 0.842208, 

597.178, 34, 0, 0.842208, 

597.178, 35, 0, 0.842208, 

597.178, 36, 0, 0.842208, 

597.178, 37, 0, 0.842208, 

597.178, 38, 0, 0.842208, 

597.178, 39, 0, 0.842208, 

597.178, 40, 0, 0.842208, 

597.178, 41, 0, 0.842208, 

597.178, 42, 0, 0.842208, 

597.178, 43, 0, 0.842208, 

597.178, 44, 0, 0.842208, 

597.178, 45, 0, 0.842208, 

597.178, 46, 0, 0.842208, 

597.178, 47, 0, 0.842208, 

597.178, 48, 0, 0.842208, 

597.178, 49, 0, 0.842208, 

597.178, 50, 0, 0.842208, 

597.178, 51, 0, 0.842208, 

597.178, 52, 0, 0.842208, 

597.178, 53, 0, 0.842208, 

597.178, 54, 0, 0.842208, 

597.178, 55, 0, 0.842208, 

597.178, 56, 0, 0.842208, 

597.178, 57, 0, 0.842208, 

597.178, 58, 0, 0.842208, 

597.178, 59, 0, 0.842208, 

597.178, 60, 0, 0.842208, 

597.178, 61, 0, 0.842208, 

597.178, 62, 0, 0.842208, 

597.178, 63, 0, 0.842208, 

597.178, 64, 0, 0.842208, 

597.178, 65, 0, 0.842208, 

597.178, 66, 0, 0.842208, 

597.178, 67, 0, 0.842208, 

597.178, 68, 0, 0.842208, 

597.178, 69, 0, 0.842208, 

597.178, 70, 0, 0.842208, 

597.178, 71, 0, 0.842208, 

597.178, 72, 0, 0.842208, 

597.178, 73, 0, 0.842208, 

597.178, 74, 0, 0.842208, 

597.178, 75, 0, 0.842208, 

597.178, 76, 0, 0.842208, 

597.178, 77, 0, 0.842208, 

597.178, 78, 0, 0.842208, 

597.178, 79, 0, 0.842208, 

597.178, 80, 0, 0.842208, 

597.178, 81, 0, 0.842208, 

597.178, 82, 0, 0.842208, 

597.178, 83, 0, 0.842208, 

597.178, 84, 0, 0.842208, 

597.178, 85, 0, 0.842208, 

597.178, 86, 0, 0.842208, 

597.178, 87, 0, 0.842208, 

597.178, 88, 0, 0.842208, 

597.178, 89, 0, 0.842208, 

597.178, 90, 0, 0.842208, 

597.178, 91, 0, 0.842208, 

597.178, 92, 0, 0.842208, 

597.178, 93, 0, 0.842208, 

597.178, 94, 0, 0.842208, 

597.178, 95, 0, 0.842208, 

597.178, 96, 0, 0.842208, 

597.178, 97, 0, 0.842208, 

597.178, 98, 0, 0.842208, 

597.178, 99, 0, 0.842208, 

597.178, 100, 0, 0.842208, 

597.178, 101, 0, 0.842208, 

597.178, 102, 0, 0.842208, 

597.178, 103, 0, 0.842208, 

597.178, 104, 0, 0.842208, 

597.178, 105, 0, 0.842208, 

597.178, 106, 0, 0.842208, 

597.178, 107, 0, 0.842208, 

597.178, 108, 0, 0.842208, 

597.178, 109, 0, 0.842208, 

597.178, 110, 0, 0.842208, 

597.178, 111, 0, 0.842208, 

597.178, 112, 0, 0.842208, 

597.178, 113, 0, 0.842208, 

597.178, 114, 0, 0.842208, 

597.178, 115, 0, 0.842208, 

597.178, 116, 0, 0.842208, 

597.178, 117, 0, 0.842208, 

597.178, 118, 0, 0.842208, 

597.178, 119, 0, 0.842208, 

598.178, 0, 0, 0.861438, 

598.178, 1, 0, 0.861438, 

598.178, 2, 0, 0.861438, 

598.178, 3, 0, 0.861438, 

598.178, 4, 0, 0.861438, 

598.178, 5, 0, 0.861438, 

598.178, 6, 0, 0.861438, 

598.178, 7, 0, 0.861438, 

598.178, 8, 0, 0.861438, 

598.178, 9, 0, 0.861438, 

598.178, 10, 0, 0.861438, 

598.178, 11, 0, 0.861438, 

598.178, 12, 0, 0.861438, 

598.178, 13, 0, 0.861438, 

598.178, 14, 0, 0.861438, 

598.178, 15, 0, 0.861438, 

598.178, 16, 0, 0.861438, 

598.178, 17, 0, 0.861438, 

598.178, 18, 0, 0.861438, 

598.178, 19, 0, 0.861438, 

598.178, 20, 0, 0.861438, 

598.178, 21, 0, 0.861438, 

598.178, 22, 0, 0.861438, 

598.178, 23, 0, 0.861438, 

598.178, 24, 0, 0.861438, 

598.178, 25, 0, 0.861438, 

598.178, 26, 0, 0.861438, 

598.178, 27, 0, 0.861438, 

598.178, 28, 0, 0.861438, 

598.178, 29, 0, 0.861438, 

598.178, 30, 0, 0.861438, 

598.178, 31, 0, 0.861438, 

598.178, 32, 0, 0.861438, 

598.178, 33, 0, 0.861438, 

598.178, 34, 0, 0.861438, 

598.178, 35, 0, 0.861438, 

598.178, 36, 0, 0.861438, 

598.178, 37, 0, 0.861438, 

598.178, 38, 0, 0.861438, 

598.178, 39, 0, 0.861438, 

598.178, 40, 0, 0.861438, 

598.178, 41, 0, 0.861438, 

598.178, 42, 0, 0.861438, 

598.178, 43, 0, 0.861438, 

598.178, 44, 0, 0.861438, 

598.178, 45, 0, 0.861438, 

598.178, 46, 0, 0.861438, 

598.178, 47, 0, 0.861438, 

598.178, 48, 0, 0.861438, 

598.178, 49, 0, 0.861438, 

598.178, 50, 0, 0.861438, 

598.178, 51, 0, 0.861438, 

598.178, 52, 0, 0.861438, 

598.178, 53, 0, 0.861438, 

598.178, 54, 0, 0.861438, 

598.178, 55, 0, 0.861438, 

598.178, 56, 0, 0.861438, 

598.178, 57, 0, 0.861438, 

598.178, 58, 0, 0.861438, 

598.178, 59, 0, 0.861438, 

598.178, 60, 0, 0.861438, 

598.178, 61, 0, 0.861438, 

598.178, 62, 0, 0.861438, 

598.178, 63, 0, 0.861438, 

598.178, 64, 0, 0.861438, 

598.178, 65, 0, 0.861438, 

598.178, 66, 0, 0.861438, 

598.178, 67, 0, 0.861438, 

598.178, 68, 0, 0.861438, 

598.178, 69, 0, 0.861438, 

598.178, 70, 0, 0.861438, 

598.178, 71, 0, 0.861438, 

598.178, 72, 0, 0.861438, 

598.178, 73, 0, 0.861438, 

598.178, 74, 0, 0.861438, 

598.178, 75, 0, 0.861438, 

598.178, 76, 0, 0.861438, 

598.178, 77, 0, 0.861438, 

598.178, 78, 0, 0.861438, 

598.178, 79, 0, 0.861438, 

598.178, 80, 0, 0.861438, 

598.178, 81, 0, 0.861438, 

598.178, 82, 0, 0.861438, 

598.178, 83, 0, 0.861438, 

598.178, 84, 0, 0.861438, 

598.178, 85, 0, 0.861438, 

598.178, 86, 0, 0.861438, 

598.178, 87, 0, 0.861438, 

598.178, 88, 0, 0.861438, 

598.178, 89, 0, 0.861438, 

598.178, 90, 0, 0.861438, 

598.178, 91, 0, 0.861438, 

598.178, 92, 0, 0.861438, 

598.178, 93, 0, 0.861438, 

598.178, 94, 0, 0.861438, 

598.178, 95, 0, 0.861438, 

598.178, 96, 0, 0.861438, 

598.178, 97, 0, 0.861438, 

598.178, 98, 0, 0.861438, 

598.178, 99, 0, 0.861438, 

598.178, 100, 0, 0.861438, 

598.178, 101, 0, 0.861438, 

598.178, 102, 0, 0.861438, 

598.178, 103, 0, 0.861438, 

598.178, 104, 0, 0.861438, 

598.178, 105, 0, 0.861438, 

598.178, 106, 0, 0.861438, 

598.178, 107, 0, 0.861438, 

598.178, 108, 0, 0.861438, 

598.178, 109, 0, 0.861438, 

598.178, 110, 0, 0.861438, 

598.178, 111, 0, 0.861438, 

598.178, 112, 0, 0.861438, 

598.178, 113, 0, 0.861438, 

598.178, 114, 0, 0.861438, 

598.178, 115, 0, 0.861438, 

598.178, 116, 0, 0.861438, 

598.178, 117, 0, 0.861438, 

598.178, 118, 0, 0.861438, 

598.178, 119, 0, 0.861438, 

599.178, 0, 0, 0.87878, 

599.178, 1, 0, 0.87878, 

599.178, 2, 0, 0.87878, 

599.178, 3, 0, 0.87878, 

599.178, 4, 0, 0.87878, 

599.178, 5, 0, 0.87878, 

599.178, 6, 0, 0.87878, 

599.178, 7, 0, 0.87878, 

599.178, 8, 0, 0.87878, 

599.178, 9, 0, 0.87878, 

599.178, 10, 0, 0.87878, 

599.178, 11, 0, 0.87878, 

599.178, 12, 0, 0.87878, 

599.178, 13, 0, 0.87878, 

599.178, 14, 0, 0.87878, 

599.178, 15, 0, 0.87878, 

599.178, 16, 0, 0.87878, 

599.178, 17, 0, 0.87878, 

599.178, 18, 0, 0.87878, 

599.178, 19, 0, 0.87878, 

599.178, 20, 0, 0.87878, 

599.178, 21, 0, 0.87878, 

599.178, 22, 0, 0.87878, 

599.178, 23, 0, 0.87878, 

599.178, 24, 0, 0.87878, 

599.178, 25, 0, 0.87878, 

599.178, 26, 0, 0.87878, 

599.178, 27, 0, 0.87878, 

599.178, 28, 0, 0.87878, 

599.178, 29, 0, 0.87878, 

599.178, 30, 0, 0.87878, 

599.178, 31, 0, 0.87878, 

599.178, 32, 0, 0.87878, 

599.178, 33, 0, 0.87878, 

599.178, 34, 0, 0.87878, 

599.178, 35, 0, 0.87878, 

599.178, 36, 0, 0.87878, 

599.178, 37, 0, 0.87878, 

599.178, 38, 0, 0.87878, 

599.178, 39, 0, 0.87878, 

599.178, 40, 0, 0.87878, 

599.178, 41, 0, 0.87878, 

599.178, 42, 0, 0.87878, 

599.178, 43, 0, 0.87878, 

599.178, 44, 0, 0.87878, 

599.178, 45, 0, 0.87878, 

599.178, 46, 0, 0.87878, 

599.178, 47, 0, 0.87878, 

599.178, 48, 0, 0.87878, 

599.178, 49, 0, 0.87878, 

599.178, 50, 0, 0.87878, 

599.178, 51, 0, 0.87878, 

599.178, 52, 0, 0.87878, 

599.178, 53, 0, 0.87878, 

599.178, 54, 0, 0.87878, 

599.178, 55, 0, 0.87878, 

599.178, 56, 0, 0.87878, 

599.178, 57, 0, 0.87878, 

599.178, 58, 0, 0.87878, 

599.178, 59, 0, 0.87878, 

599.178, 60, 0, 0.87878, 

599.178, 61, 0, 0.87878, 

599.178, 62, 0, 0.87878, 

599.178, 63, 0, 0.87878, 

599.178, 64, 0, 0.87878, 

599.178, 65, 0, 0.87878, 

599.178, 66, 0, 0.87878, 

599.178, 67, 0, 0.87878, 

599.178, 68, 0, 0.87878, 

599.178, 69, 0, 0.87878, 

599.178, 70, 0, 0.87878, 

599.178, 71, 0, 0.87878, 

599.178, 72, 0, 0.87878, 

599.178, 73, 0, 0.87878, 

599.178, 74, 0, 0.87878, 

599.178, 75, 0, 0.87878, 

599.178, 76, 0, 0.87878, 

599.178, 77, 0, 0.87878, 

599.178, 78, 0, 0.87878, 

599.178, 79, 0, 0.87878, 

599.178, 80, 0, 0.87878, 

599.178, 81, 0, 0.87878, 

599.178, 82, 0, 0.87878, 

599.178, 83, 0, 0.87878, 

599.178, 84, 0, 0.87878, 

599.178, 85, 0, 0.87878, 

599.178, 86, 0, 0.87878, 

599.178, 87, 0, 0.87878, 

599.178, 88, 0, 0.87878, 

599.178, 89, 0, 0.87878, 

599.178, 90, 0, 0.87878, 

599.178, 91, 0, 0.87878, 

599.178, 92, 0, 0.87878, 

599.178, 93, 0, 0.87878, 

599.178, 94, 0, 0.87878, 

599.178, 95, 0, 0.87878, 

599.178, 96, 0, 0.87878, 

599.178, 97, 0, 0.87878, 

599.178, 98, 0, 0.87878, 

599.178, 99, 0, 0.87878, 

599.178, 100, 0, 0.87878, 

599.178, 101, 0, 0.87878, 

599.178, 102, 0, 0.87878, 

599.178, 103, 0, 0.87878, 

599.178, 104, 0, 0.87878, 

599.178, 105, 0, 0.87878, 

599.178, 106, 0, 0.87878, 

599.178, 107, 0, 0.87878, 

599.178, 108, 0, 0.87878, 

599.178, 109, 0, 0.87878, 

599.178, 110, 0, 0.87878, 

599.178, 111, 0, 0.87878, 

599.178, 112, 0, 0.87878, 

599.178, 113, 0, 0.87878, 

599.178, 114, 0, 0.87878, 

599.178, 115, 0, 0.87878, 

599.178, 116, 0, 0.87878, 

599.178, 117, 0, 0.87878, 

599.178, 118, 0, 0.87878, 

599.178, 119, 0, 0.87878, 

600.178, 0, 0, 0.894355, 

600.178, 1, 0, 0.894355, 

600.178, 2, 0, 0.894355, 

600.178, 3, 0, 0.894355, 

600.178, 4, 0, 0.894355, 

600.178, 5, 0, 0.894355, 

600.178, 6, 0, 0.894355, 

600.178, 7, 0, 0.894355, 

600.178, 8, 0, 0.894355, 

600.178, 9, 0, 0.894355, 

600.178, 10, 0, 0.894355, 

600.178, 11, 0, 0.894355, 

600.178, 12, 0, 0.894355, 

600.178, 13, 0, 0.894355, 

600.178, 14, 0, 0.894355, 

600.178, 15, 0, 0.894355, 

600.178, 16, 0, 0.894355, 

600.178, 17, 0, 0.894355, 

600.178, 18, 0, 0.894355, 

600.178, 19, 0, 0.894355, 

600.178, 20, 0, 0.894355, 

600.178, 21, 0, 0.894355, 

600.178, 22, 0, 0.894355, 

600.178, 23, 0, 0.894355, 

600.178, 24, 0, 0.894355, 

600.178, 25, 0, 0.894355, 

600.178, 26, 0, 0.894355, 

600.178, 27, 0, 0.894355, 

600.178, 28, 0, 0.894355, 

600.178, 29, 0, 0.894355, 

600.178, 30, 0, 0.894355, 

600.178, 31, 0, 0.894355, 

600.178, 32, 0, 0.894355, 

600.178, 33, 0, 0.894355, 

600.178, 34, 0, 0.894355, 

600.178, 35, 0, 0.894355, 

600.178, 36, 0, 0.894355, 

600.178, 37, 0, 0.894355, 

600.178, 38, 0, 0.894355, 

600.178, 39, 0, 0.894355, 

600.178, 40, 0, 0.894355, 

600.178, 41, 0, 0.894355, 

600.178, 42, 0, 0.894355, 

600.178, 43, 0, 0.894355, 

600.178, 44, 0, 0.894355, 

600.178, 45, 0, 0.894355, 

600.178, 46, 0, 0.894355, 

600.178, 47, 0, 0.894355, 

600.178, 48, 0, 0.894355, 

600.178, 49, 0, 0.894355, 

600.178, 50, 0, 0.894355, 

600.178, 51, 0, 0.894355, 

600.178, 52, 0, 0.894355, 

600.178, 53, 0, 0.894355, 

600.178, 54, 0, 0.894355, 

600.178, 55, 0, 0.894355, 

600.178, 56, 0, 0.894355, 

600.178, 57, 0, 0.894355, 

600.178, 58, 0, 0.894355, 

600.178, 59, 0, 0.894355, 

600.178, 60, 0, 0.894355, 

600.178, 61, 0, 0.894355, 

600.178, 62, 0, 0.894355, 

600.178, 63, 0, 0.894355, 

600.178, 64, 0, 0.894355, 

600.178, 65, 0, 0.894355, 

600.178, 66, 0, 0.894355, 

600.178, 67, 0, 0.894355, 

600.178, 68, 0, 0.894355, 

600.178, 69, 0, 0.894355, 

600.178, 70, 0, 0.894355, 

600.178, 71, 0, 0.894355, 

600.178, 72, 0, 0.894355, 

600.178, 73, 0, 0.894355, 

600.178, 74, 0, 0.894355, 

600.178, 75, 0, 0.894355, 

600.178, 76, 0, 0.894355, 

600.178, 77, 0, 0.894355, 

600.178, 78, 0, 0.894355, 

600.178, 79, 0, 0.894355, 

600.178, 80, 0, 0.894355, 

600.178, 81, 0, 0.894355, 

600.178, 82, 0, 0.894355, 

600.178, 83, 0, 0.894355, 

600.178, 84, 0, 0.894355, 

600.178, 85, 0, 0.894355, 

600.178, 86, 0, 0.894355, 

600.178, 87, 0, 0.894355, 

600.178, 88, 0, 0.894355, 

600.178, 89, 0, 0.894355, 

600.178, 90, 0, 0.894355, 

600.178, 91, 0, 0.894355, 

600.178, 92, 0, 0.894355, 

600.178, 93, 0, 0.894355, 

600.178, 94, 0, 0.894355, 

600.178, 95, 0, 0.894355, 

600.178, 96, 0, 0.894355, 

600.178, 97, 0, 0.894355, 

600.178, 98, 0, 0.894355, 

600.178, 99, 0, 0.894355, 

600.178, 100, 0, 0.894355, 

600.178, 101, 0, 0.894355, 

600.178, 102, 0, 0.894355, 

600.178, 103, 0, 0.894355, 

600.178, 104, 0, 0.894355, 

600.178, 105, 0, 0.894355, 

600.178, 106, 0, 0.894355, 

600.178, 107, 0, 0.894355, 

600.178, 108, 0, 0.894355, 

600.178, 109, 0, 0.894355, 

600.178, 110, 0, 0.894355, 

600.178, 111, 0, 0.894355, 

600.178, 112, 0, 0.894355, 

600.178, 113, 0, 0.894355, 

600.178, 114, 0, 0.894355, 

600.178, 115, 0, 0.894355, 

600.178, 116, 0, 0.894355, 

600.178, 117, 0, 0.894355, 

600.178, 118, 0, 0.894355, 

600.178, 119, 0, 0.894355, 

601.178, 0, 0, 0.90828, 

601.178, 1, 0, 0.90828, 

601.178, 2, 0, 0.90828, 

601.178, 3, 0, 0.90828, 

601.178, 4, 0, 0.90828, 

601.178, 5, 0, 0.90828, 

601.178, 6, 0, 0.90828, 

601.178, 7, 0, 0.90828, 

601.178, 8, 0, 0.90828, 

601.178, 9, 0, 0.90828, 

601.178, 10, 0, 0.90828, 

601.178, 11, 0, 0.90828, 

601.178, 12, 0, 0.90828, 

601.178, 13, 0, 0.90828, 

601.178, 14, 0, 0.90828, 

601.178, 15, 0, 0.90828, 

601.178, 16, 0, 0.90828, 

601.178, 17, 0, 0.90828, 

601.178, 18, 0, 0.90828, 

601.178, 19, 0, 0.90828, 

601.178, 20, 0, 0.90828, 

601.178, 21, 0, 0.90828, 

601.178, 22, 0, 0.90828, 

601.178, 23, 0, 0.90828, 

601.178, 24, 0, 0.90828, 

601.178, 25, 0, 0.90828, 

601.178, 26, 0, 0.90828, 

601.178, 27, 0, 0.90828, 

601.178, 28, 0, 0.90828, 

601.178, 29, 0, 0.90828, 

601.178, 30, 0, 0.90828, 

601.178, 31, 0, 0.90828, 

601.178, 32, 0, 0.90828, 

601.178, 33, 0, 0.90828, 

601.178, 34, 0, 0.90828, 

601.178, 35, 0, 0.90828, 

601.178, 36, 0, 0.90828, 

601.178, 37, 0, 0.90828, 

601.178, 38, 0, 0.90828, 

601.178, 39, 0, 0.90828, 

601.178, 40, 0, 0.90828, 

601.178, 41, 0, 0.90828, 

601.178, 42, 0, 0.90828, 

601.178, 43, 0, 0.90828, 

601.178, 44, 0, 0.90828, 

601.178, 45, 0, 0.90828, 

601.178, 46, 0, 0.90828, 

601.178, 47, 0, 0.90828, 

601.178, 48, 0, 0.90828, 

601.178, 49, 0, 0.90828, 

601.178, 50, 0, 0.90828, 

601.178, 51, 0, 0.90828, 

601.178, 52, 0, 0.90828, 

601.178, 53, 0, 0.90828, 

601.178, 54, 0, 0.90828, 

601.178, 55, 0, 0.90828, 

601.178, 56, 0, 0.90828, 

601.178, 57, 0, 0.90828, 

601.178, 58, 0, 0.90828, 

601.178, 59, 0, 0.90828, 

601.178, 60, 0, 0.90828, 

601.178, 61, 0, 0.90828, 

601.178, 62, 0, 0.90828, 

601.178, 63, 0, 0.90828, 

601.178, 64, 0, 0.90828, 

601.178, 65, 0, 0.90828, 

601.178, 66, 0, 0.90828, 

601.178, 67, 0, 0.90828, 

601.178, 68, 0, 0.90828, 

601.178, 69, 0, 0.90828, 

601.178, 70, 0, 0.90828, 

601.178, 71, 0, 0.90828, 

601.178, 72, 0, 0.90828, 

601.178, 73, 0, 0.90828, 

601.178, 74, 0, 0.90828, 

601.178, 75, 0, 0.90828, 

601.178, 76, 0, 0.90828, 

601.178, 77, 0, 0.90828, 

601.178, 78, 0, 0.90828, 

601.178, 79, 0, 0.90828, 

601.178, 80, 0, 0.90828, 

601.178, 81, 0, 0.90828, 

601.178, 82, 0, 0.90828, 

601.178, 83, 0, 0.90828, 

601.178, 84, 0, 0.90828, 

601.178, 85, 0, 0.90828, 

601.178, 86, 0, 0.90828, 

601.178, 87, 0, 0.90828, 

601.178, 88, 0, 0.90828, 

601.178, 89, 0, 0.90828, 

601.178, 90, 0, 0.90828, 

601.178, 91, 0, 0.90828, 

601.178, 92, 0, 0.90828, 

601.178, 93, 0, 0.90828, 

601.178, 94, 0, 0.90828, 

601.178, 95, 0, 0.90828, 

601.178, 96, 0, 0.90828, 

601.178, 97, 0, 0.90828, 

601.178, 98, 0, 0.90828, 

601.178, 99, 0, 0.90828, 

601.178, 100, 0, 0.90828, 

601.178, 101, 0, 0.90828, 

601.178, 102, 0, 0.90828, 

601.178, 103, 0, 0.90828, 

601.178, 104, 0, 0.90828, 

601.178, 105, 0, 0.90828, 

601.178, 106, 0, 0.90828, 

601.178, 107, 0, 0.90828, 

601.178, 108, 0, 0.90828, 

601.178, 109, 0, 0.90828, 

601.178, 110, 0, 0.90828, 

601.178, 111, 0, 0.90828, 

601.178, 112, 0, 0.90828, 

601.178, 113, 0, 0.90828, 

601.178, 114, 0, 0.90828, 

601.178, 115, 0, 0.90828, 

601.178, 116, 0, 0.90828, 

601.178, 117, 0, 0.90828, 

601.178, 118, 0, 0.90828, 

601.178, 119, 0, 0.90828, 

602.178, 0, 0, 0.920678, 

602.178, 1, 0, 0.920678, 

602.178, 2, 0, 0.920678, 

602.178, 3, 0, 0.920678, 

602.178, 4, 0, 0.920678, 

602.178, 5, 0, 0.920678, 

602.178, 6, 0, 0.920678, 

602.178, 7, 0, 0.920678, 

602.178, 8, 0, 0.920678, 

602.178, 9, 0, 0.920678, 

602.178, 10, 0, 0.920678, 

602.178, 11, 0, 0.920678, 

602.178, 12, 0, 0.920678, 

602.178, 13, 0, 0.920678, 

602.178, 14, 0, 0.920678, 

602.178, 15, 0, 0.920678, 

602.178, 16, 0, 0.920678, 

602.178, 17, 0, 0.920678, 

602.178, 18, 0, 0.920678, 

602.178, 19, 0, 0.920678, 

602.178, 20, 0, 0.920678, 

602.178, 21, 0, 0.920678, 

602.178, 22, 0, 0.920678, 

602.178, 23, 0, 0.920678, 

602.178, 24, 0, 0.920678, 

602.178, 25, 0, 0.920678, 

602.178, 26, 0, 0.920678, 

602.178, 27, 0, 0.920678, 

602.178, 28, 0, 0.920678, 

602.178, 29, 0, 0.920678, 

602.178, 30, 0, 0.920678, 

602.178, 31, 0, 0.920678, 

602.178, 32, 0, 0.920678, 

602.178, 33, 0, 0.920678, 

602.178, 34, 0, 0.920678, 

602.178, 35, 0, 0.920678, 

602.178, 36, 0, 0.920678, 

602.178, 37, 0, 0.920678, 

602.178, 38, 0, 0.920678, 

602.178, 39, 0, 0.920678, 

602.178, 40, 0, 0.920678, 

602.178, 41, 0, 0.920678, 

602.178, 42, 0, 0.920678, 

602.178, 43, 0, 0.920678, 

602.178, 44, 0, 0.920678, 

602.178, 45, 0, 0.920678, 

602.178, 46, 0, 0.920678, 

602.178, 47, 0, 0.920678, 

602.178, 48, 0, 0.920678, 

602.178, 49, 0, 0.920678, 

602.178, 50, 0, 0.920678, 

602.178, 51, 0, 0.920678, 

602.178, 52, 0, 0.920678, 

602.178, 53, 0, 0.920678, 

602.178, 54, 0, 0.920678, 

602.178, 55, 0, 0.920678, 

602.178, 56, 0, 0.920678, 

602.178, 57, 0, 0.920678, 

602.178, 58, 0, 0.920678, 

602.178, 59, 0, 0.920678, 

602.178, 60, 0, 0.920678, 

602.178, 61, 0, 0.920678, 

602.178, 62, 0, 0.920678, 

602.178, 63, 0, 0.920678, 

602.178, 64, 0, 0.920678, 

602.178, 65, 0, 0.920678, 

602.178, 66, 0, 0.920678, 

602.178, 67, 0, 0.920678, 

602.178, 68, 0, 0.920678, 

602.178, 69, 0, 0.920678, 

602.178, 70, 0, 0.920678, 

602.178, 71, 0, 0.920678, 

602.178, 72, 0, 0.920678, 

602.178, 73, 0, 0.920678, 

602.178, 74, 0, 0.920678, 

602.178, 75, 0, 0.920678, 

602.178, 76, 0, 0.920678, 

602.178, 77, 0, 0.920678, 

602.178, 78, 0, 0.920678, 

602.178, 79, 0, 0.920678, 

602.178, 80, 0, 0.920678, 

602.178, 81, 0, 0.920678, 

602.178, 82, 0, 0.920678, 

602.178, 83, 0, 0.920678, 

602.178, 84, 0, 0.920678, 

602.178, 85, 0, 0.920678, 

602.178, 86, 0, 0.920678, 

602.178, 87, 0, 0.920678, 

602.178, 88, 0, 0.920678, 

602.178, 89, 0, 0.920678, 

602.178, 90, 0, 0.920678, 

602.178, 91, 0, 0.920678, 

602.178, 92, 0, 0.920678, 

602.178, 93, 0, 0.920678, 

602.178, 94, 0, 0.920678, 

602.178, 95, 0, 0.920678, 

602.178, 96, 0, 0.920678, 

602.178, 97, 0, 0.920678, 

602.178, 98, 0, 0.920678, 

602.178, 99, 0, 0.920678, 

602.178, 100, 0, 0.920678, 

602.178, 101, 0, 0.920678, 

602.178, 102, 0, 0.920678, 

602.178, 103, 0, 0.920678, 

602.178, 104, 0, 0.920678, 

602.178, 105, 0, 0.920678, 

602.178, 106, 0, 0.920678, 

602.178, 107, 0, 0.920678, 

602.178, 108, 0, 0.920678, 

602.178, 109, 0, 0.920678, 

602.178, 110, 0, 0.920678, 

602.178, 111, 0, 0.920678, 

602.178, 112, 0, 0.920678, 

602.178, 113, 0, 0.920678, 

602.178, 114, 0, 0.920678, 

602.178, 115, 0, 0.920678, 

602.178, 116, 0, 0.920678, 

602.178, 117, 0, 0.920678, 

602.178, 118, 0, 0.920678, 

602.178, 119, 0, 0.920678, 

603.178, 0, 0, 0.931668, 

603.178, 1, 0, 0.931668, 

603.178, 2, 0, 0.931668, 

603.178, 3, 0, 0.931668, 

603.178, 4, 0, 0.931668, 

603.178, 5, 0, 0.931668, 

603.178, 6, 0, 0.931668, 

603.178, 7, 0, 0.931668, 

603.178, 8, 0, 0.931668, 

603.178, 9, 0, 0.931668, 

603.178, 10, 0, 0.931668, 

603.178, 11, 0, 0.931668, 

603.178, 12, 0, 0.931668, 

603.178, 13, 0, 0.931668, 

603.178, 14, 0, 0.931668, 

603.178, 15, 0, 0.931668, 

603.178, 16, 0, 0.931668, 

603.178, 17, 0, 0.931668, 

603.178, 18, 0, 0.931668, 

603.178, 19, 0, 0.931668, 

603.178, 20, 0, 0.931668, 

603.178, 21, 0, 0.931668, 

603.178, 22, 0, 0.931668, 

603.178, 23, 0, 0.931668, 

603.178, 24, 0, 0.931668, 

603.178, 25, 0, 0.931668, 

603.178, 26, 0, 0.931668, 

603.178, 27, 0, 0.931668, 

603.178, 28, 0, 0.931668, 

603.178, 29, 0, 0.931668, 

603.178, 30, 0, 0.931668, 

603.178, 31, 0, 0.931668, 

603.178, 32, 0, 0.931668, 

603.178, 33, 0, 0.931668, 

603.178, 34, 0, 0.931668, 

603.178, 35, 0, 0.931668, 

603.178, 36, 0, 0.931668, 

603.178, 37, 0, 0.931668, 

603.178, 38, 0, 0.931668, 

603.178, 39, 0, 0.931668, 

603.178, 40, 0, 0.931668, 

603.178, 41, 0, 0.931668, 

603.178, 42, 0, 0.931668, 

603.178, 43, 0, 0.931668, 

603.178, 44, 0, 0.931668, 

603.178, 45, 0, 0.931668, 

603.178, 46, 0, 0.931668, 

603.178, 47, 0, 0.931668, 

603.178, 48, 0, 0.931668, 

603.178, 49, 0, 0.931668, 

603.178, 50, 0, 0.931668, 

603.178, 51, 0, 0.931668, 

603.178, 52, 0, 0.931668, 

603.178, 53, 0, 0.931668, 

603.178, 54, 0, 0.931668, 

603.178, 55, 0, 0.931668, 

603.178, 56, 0, 0.931668, 

603.178, 57, 0, 0.931668, 

603.178, 58, 0, 0.931668, 

603.178, 59, 0, 0.931668, 

603.178, 60, 0, 0.931668, 

603.178, 61, 0, 0.931668, 

603.178, 62, 0, 0.931668, 

603.178, 63, 0, 0.931668, 

603.178, 64, 0, 0.931668, 

603.178, 65, 0, 0.931668, 

603.178, 66, 0, 0.931668, 

603.178, 67, 0, 0.931668, 

603.178, 68, 0, 0.931668, 

603.178, 69, 0, 0.931668, 

603.178, 70, 0, 0.931668, 

603.178, 71, 0, 0.931668, 

603.178, 72, 0, 0.931668, 

603.178, 73, 0, 0.931668, 

603.178, 74, 0, 0.931668, 

603.178, 75, 0, 0.931668, 

603.178, 76, 0, 0.931668, 

603.178, 77, 0, 0.931668, 

603.178, 78, 0, 0.931668, 

603.178, 79, 0, 0.931668, 

603.178, 80, 0, 0.931668, 

603.178, 81, 0, 0.931668, 

603.178, 82, 0, 0.931668, 

603.178, 83, 0, 0.931668, 

603.178, 84, 0, 0.931668, 

603.178, 85, 0, 0.931668, 

603.178, 86, 0, 0.931668, 

603.178, 87, 0, 0.931668, 

603.178, 88, 0, 0.931668, 

603.178, 89, 0, 0.931668, 

603.178, 90, 0, 0.931668, 

603.178, 91, 0, 0.931668, 

603.178, 92, 0, 0.931668, 

603.178, 93, 0, 0.931668, 

603.178, 94, 0, 0.931668, 

603.178, 95, 0, 0.931668, 

603.178, 96, 0, 0.931668, 

603.178, 97, 0, 0.931668, 

603.178, 98, 0, 0.931668, 

603.178, 99, 0, 0.931668, 

603.178, 100, 0, 0.931668, 

603.178, 101, 0, 0.931668, 

603.178, 102, 0, 0.931668, 

603.178, 103, 0, 0.931668, 

603.178, 104, 0, 0.931668, 

603.178, 105, 0, 0.931668, 

603.178, 106, 0, 0.931668, 

603.178, 107, 0, 0.931668, 

603.178, 108, 0, 0.931668, 

603.178, 109, 0, 0.931668, 

603.178, 110, 0, 0.931668, 

603.178, 111, 0, 0.931668, 

603.178, 112, 0, 0.931668, 

603.178, 113, 0, 0.931668, 

603.178, 114, 0, 0.931668, 

603.178, 115, 0, 0.931668, 

603.178, 116, 0, 0.931668, 

603.178, 117, 0, 0.931668, 

603.178, 118, 0, 0.931668, 

603.178, 119, 0, 0.931668, 

604.178, 0, 0, 0.941367, 

604.178, 1, 0, 0.941367, 

604.178, 2, 0, 0.941367, 

604.178, 3, 0, 0.941367, 

604.178, 4, 0, 0.941367, 

604.178, 5, 0, 0.941367, 

604.178, 6, 0, 0.941367, 

604.178, 7, 0, 0.941367, 

604.178, 8, 0, 0.941367, 

604.178, 9, 0, 0.941367, 

604.178, 10, 0, 0.941367, 

604.178, 11, 0, 0.941367, 

604.178, 12, 0, 0.941367, 

604.178, 13, 0, 0.941367, 

604.178, 14, 0, 0.941367, 

604.178, 15, 0, 0.941367, 

604.178, 16, 0, 0.941367, 

604.178, 17, 0, 0.941367, 

604.178, 18, 0, 0.941367, 

604.178, 19, 0, 0.941367, 

604.178, 20, 0, 0.941367, 

604.178, 21, 0, 0.941367, 

604.178, 22, 0, 0.941367, 

604.178, 23, 0, 0.941367, 

604.178, 24, 0, 0.941367, 

604.178, 25, 0, 0.941367, 

604.178, 26, 0, 0.941367, 

604.178, 27, 0, 0.941367, 

604.178, 28, 0, 0.941367, 

604.178, 29, 0, 0.941367, 

604.178, 30, 0, 0.941367, 

604.178, 31, 0, 0.941367, 

604.178, 32, 0, 0.941367, 

604.178, 33, 0, 0.941367, 

604.178, 34, 0, 0.941367, 

604.178, 35, 0, 0.941367, 

604.178, 36, 0, 0.941367, 

604.178, 37, 0, 0.941367, 

604.178, 38, 0, 0.941367, 

604.178, 39, 0, 0.941367, 

604.178, 40, 0, 0.941367, 

604.178, 41, 0, 0.941367, 

604.178, 42, 0, 0.941367, 

604.178, 43, 0, 0.941367, 

604.178, 44, 0, 0.941367, 

604.178, 45, 0, 0.941367, 

604.178, 46, 0, 0.941367, 

604.178, 47, 0, 0.941367, 

604.178, 48, 0, 0.941367, 

604.178, 49, 0, 0.941367, 

604.178, 50, 0, 0.941367, 

604.178, 51, 0, 0.941367, 

604.178, 52, 0, 0.941367, 

604.178, 53, 0, 0.941367, 

604.178, 54, 0, 0.941367, 

604.178, 55, 0, 0.941367, 

604.178, 56, 0, 0.941367, 

604.178, 57, 0, 0.941367, 

604.178, 58, 0, 0.941367, 

604.178, 59, 0, 0.941367, 

604.178, 60, 0, 0.941367, 

604.178, 61, 0, 0.941367, 

604.178, 62, 0, 0.941367, 

604.178, 63, 0, 0.941367, 

604.178, 64, 0, 0.941367, 

604.178, 65, 0, 0.941367, 

604.178, 66, 0, 0.941367, 

604.178, 67, 0, 0.941367, 

604.178, 68, 0, 0.941367, 

604.178, 69, 0, 0.941367, 

604.178, 70, 0, 0.941367, 

604.178, 71, 0, 0.941367, 

604.178, 72, 0, 0.941367, 

604.178, 73, 0, 0.941367, 

604.178, 74, 0, 0.941367, 

604.178, 75, 0, 0.941367, 

604.178, 76, 0, 0.941367, 

604.178, 77, 0, 0.941367, 

604.178, 78, 0, 0.941367, 

604.178, 79, 0, 0.941367, 

604.178, 80, 0, 0.941367, 

604.178, 81, 0, 0.941367, 

604.178, 82, 0, 0.941367, 

604.178, 83, 0, 0.941367, 

604.178, 84, 0, 0.941367, 

604.178, 85, 0, 0.941367, 

604.178, 86, 0, 0.941367, 

604.178, 87, 0, 0.941367, 

604.178, 88, 0, 0.941367, 

604.178, 89, 0, 0.941367, 

604.178, 90, 0, 0.941367, 

604.178, 91, 0, 0.941367, 

604.178, 92, 0, 0.941367, 

604.178, 93, 0, 0.941367, 

604.178, 94, 0, 0.941367, 

604.178, 95, 0, 0.941367, 

604.178, 96, 0, 0.941367, 

604.178, 97, 0, 0.941367, 

604.178, 98, 0, 0.941367, 

604.178, 99, 0, 0.941367, 

604.178, 100, 0, 0.941367, 

604.178, 101, 0, 0.941367, 

604.178, 102, 0, 0.941367, 

604.178, 103, 0, 0.941367, 

604.178, 104, 0, 0.941367, 

604.178, 105, 0, 0.941367, 

604.178, 106, 0, 0.941367, 

604.178, 107, 0, 0.941367, 

604.178, 108, 0, 0.941367, 

604.178, 109, 0, 0.941367, 

604.178, 110, 0, 0.941367, 

604.178, 111, 0, 0.941367, 

604.178, 112, 0, 0.941367, 

604.178, 113, 0, 0.941367, 

604.178, 114, 0, 0.941367, 

604.178, 115, 0, 0.941367, 

604.178, 116, 0, 0.941367, 

604.178, 117, 0, 0.941367, 

604.178, 118, 0, 0.941367, 

604.178, 119, 0, 0.941367, 

605.178, 0, 0, 0.949888, 

605.178, 1, 0, 0.949888, 

605.178, 2, 0, 0.949888, 

605.178, 3, 0, 0.949888, 

605.178, 4, 0, 0.949888, 

605.178, 5, 0, 0.949888, 

605.178, 6, 0, 0.949888, 

605.178, 7, 0, 0.949888, 

605.178, 8, 0, 0.949888, 

605.178, 9, 0, 0.949888, 

605.178, 10, 0, 0.949888, 

605.178, 11, 0, 0.949888, 

605.178, 12, 0, 0.949888, 

605.178, 13, 0, 0.949888, 

605.178, 14, 0, 0.949888, 

605.178, 15, 0, 0.949888, 

605.178, 16, 0, 0.949888, 

605.178, 17, 0, 0.949888, 

605.178, 18, 0, 0.949888, 

605.178, 19, 0, 0.949888, 

605.178, 20, 0, 0.949888, 

605.178, 21, 0, 0.949888, 

605.178, 22, 0, 0.949888, 

605.178, 23, 0, 0.949888, 

605.178, 24, 0, 0.949888, 

605.178, 25, 0, 0.949888, 

605.178, 26, 0, 0.949888, 

605.178, 27, 0, 0.949888, 

605.178, 28, 0, 0.949888, 

605.178, 29, 0, 0.949888, 

605.178, 30, 0, 0.949888, 

605.178, 31, 0, 0.949888, 

605.178, 32, 0, 0.949888, 

605.178, 33, 0, 0.949888, 

605.178, 34, 0, 0.949888, 

605.178, 35, 0, 0.949888, 

605.178, 36, 0, 0.949888, 

605.178, 37, 0, 0.949888, 

605.178, 38, 0, 0.949888, 

605.178, 39, 0, 0.949888, 

605.178, 40, 0, 0.949888, 

605.178, 41, 0, 0.949888, 

605.178, 42, 0, 0.949888, 

605.178, 43, 0, 0.949888, 

605.178, 44, 0, 0.949888, 

605.178, 45, 0, 0.949888, 

605.178, 46, 0, 0.949888, 

605.178, 47, 0, 0.949888, 

605.178, 48, 0, 0.949888, 

605.178, 49, 0, 0.949888, 

605.178, 50, 0, 0.949888, 

605.178, 51, 0, 0.949888, 

605.178, 52, 0, 0.949888, 

605.178, 53, 0, 0.949888, 

605.178, 54, 0, 0.949888, 

605.178, 55, 0, 0.949888, 

605.178, 56, 0, 0.949888, 

605.178, 57, 0, 0.949888, 

605.178, 58, 0, 0.949888, 

605.178, 59, 0, 0.949888, 

605.178, 60, 0, 0.949888, 

605.178, 61, 0, 0.949888, 

605.178, 62, 0, 0.949888, 

605.178, 63, 0, 0.949888, 

605.178, 64, 0, 0.949888, 

605.178, 65, 0, 0.949888, 

605.178, 66, 0, 0.949888, 

605.178, 67, 0, 0.949888, 

605.178, 68, 0, 0.949888, 

605.178, 69, 0, 0.949888, 

605.178, 70, 0, 0.949888, 

605.178, 71, 0, 0.949888, 

605.178, 72, 0, 0.949888, 

605.178, 73, 0, 0.949888, 

605.178, 74, 0, 0.949888, 

605.178, 75, 0, 0.949888, 

605.178, 76, 0, 0.949888, 

605.178, 77, 0, 0.949888, 

605.178, 78, 0, 0.949888, 

605.178, 79, 0, 0.949888, 

605.178, 80, 0, 0.949888, 

605.178, 81, 0, 0.949888, 

605.178, 82, 0, 0.949888, 

605.178, 83, 0, 0.949888, 

605.178, 84, 0, 0.949888, 

605.178, 85, 0, 0.949888, 

605.178, 86, 0, 0.949888, 

605.178, 87, 0, 0.949888, 

605.178, 88, 0, 0.949888, 

605.178, 89, 0, 0.949888, 

605.178, 90, 0, 0.949888, 

605.178, 91, 0, 0.949888, 

605.178, 92, 0, 0.949888, 

605.178, 93, 0, 0.949888, 

605.178, 94, 0, 0.949888, 

605.178, 95, 0, 0.949888, 

605.178, 96, 0, 0.949888, 

605.178, 97, 0, 0.949888, 

605.178, 98, 0, 0.949888, 

605.178, 99, 0, 0.949888, 

605.178, 100, 0, 0.949888, 

605.178, 101, 0, 0.949888, 

605.178, 102, 0, 0.949888, 

605.178, 103, 0, 0.949888, 

605.178, 104, 0, 0.949888, 

605.178, 105, 0, 0.949888, 

605.178, 106, 0, 0.949888, 

605.178, 107, 0, 0.949888, 

605.178, 108, 0, 0.949888, 

605.178, 109, 0, 0.949888, 

605.178, 110, 0, 0.949888, 

605.178, 111, 0, 0.949888, 

605.178, 112, 0, 0.949888, 

605.178, 113, 0, 0.949888, 

605.178, 114, 0, 0.949888, 

605.178, 115, 0, 0.949888, 

605.178, 116, 0, 0.949888, 

605.178, 117, 0, 0.949888, 

605.178, 118, 0, 0.949888, 

605.178, 119, 0, 0.949888, 

606.178, 0, 0, 0.957343, 

606.178, 1, 0, 0.957343, 

606.178, 2, 0, 0.957343, 

606.178, 3, 0, 0.957343, 

606.178, 4, 0, 0.957343, 

606.178, 5, 0, 0.957343, 

606.178, 6, 0, 0.957343, 

606.178, 7, 0, 0.957343, 

606.178, 8, 0, 0.957343, 

606.178, 9, 0, 0.957343, 

606.178, 10, 0, 0.957343, 

606.178, 11, 0, 0.957343, 

606.178, 12, 0, 0.957343, 

606.178, 13, 0, 0.957343, 

606.178, 14, 0, 0.957343, 

606.178, 15, 0, 0.957343, 

606.178, 16, 0, 0.957343, 

606.178, 17, 0, 0.957343, 

606.178, 18, 0, 0.957343, 

606.178, 19, 0, 0.957343, 

606.178, 20, 0, 0.957343, 

606.178, 21, 0, 0.957343, 

606.178, 22, 0, 0.957343, 

606.178, 23, 0, 0.957343, 

606.178, 24, 0, 0.957343, 

606.178, 25, 0, 0.957343, 

606.178, 26, 0, 0.957343, 

606.178, 27, 0, 0.957343, 

606.178, 28, 0, 0.957343, 

606.178, 29, 0, 0.957343, 

606.178, 30, 0, 0.957343, 

606.178, 31, 0, 0.957343, 

606.178, 32, 0, 0.957343, 

606.178, 33, 0, 0.957343, 

606.178, 34, 0, 0.957343, 

606.178, 35, 0, 0.957343, 

606.178, 36, 0, 0.957343, 

606.178, 37, 0, 0.957343, 

606.178, 38, 0, 0.957343, 

606.178, 39, 0, 0.957343, 

606.178, 40, 0, 0.957343, 

606.178, 41, 0, 0.957343, 

606.178, 42, 0, 0.957343, 

606.178, 43, 0, 0.957343, 

606.178, 44, 0, 0.957343, 

606.178, 45, 0, 0.957343, 

606.178, 46, 0, 0.957343, 

606.178, 47, 0, 0.957343, 

606.178, 48, 0, 0.957343, 

606.178, 49, 0, 0.957343, 

606.178, 50, 0, 0.957343, 

606.178, 51, 0, 0.957343, 

606.178, 52, 0, 0.957343, 

606.178, 53, 0, 0.957343, 

606.178, 54, 0, 0.957343, 

606.178, 55, 0, 0.957343, 

606.178, 56, 0, 0.957343, 

606.178, 57, 0, 0.957343, 

606.178, 58, 0, 0.957343, 

606.178, 59, 0, 0.957343, 

606.178, 60, 0, 0.957343, 

606.178, 61, 0, 0.957343, 

606.178, 62, 0, 0.957343, 

606.178, 63, 0, 0.957343, 

606.178, 64, 0, 0.957343, 

606.178, 65, 0, 0.957343, 

606.178, 66, 0, 0.957343, 

606.178, 67, 0, 0.957343, 

606.178, 68, 0, 0.957343, 

606.178, 69, 0, 0.957343, 

606.178, 70, 0, 0.957343, 

606.178, 71, 0, 0.957343, 

606.178, 72, 0, 0.957343, 

606.178, 73, 0, 0.957343, 

606.178, 74, 0, 0.957343, 

606.178, 75, 0, 0.957343, 

606.178, 76, 0, 0.957343, 

606.178, 77, 0, 0.957343, 

606.178, 78, 0, 0.957343, 

606.178, 79, 0, 0.957343, 

606.178, 80, 0, 0.957343, 

606.178, 81, 0, 0.957343, 

606.178, 82, 0, 0.957343, 

606.178, 83, 0, 0.957343, 

606.178, 84, 0, 0.957343, 

606.178, 85, 0, 0.957343, 

606.178, 86, 0, 0.957343, 

606.178, 87, 0, 0.957343, 

606.178, 88, 0, 0.957343, 

606.178, 89, 0, 0.957343, 

606.178, 90, 0, 0.957343, 

606.178, 91, 0, 0.957343, 

606.178, 92, 0, 0.957343, 

606.178, 93, 0, 0.957343, 

606.178, 94, 0, 0.957343, 

606.178, 95, 0, 0.957343, 

606.178, 96, 0, 0.957343, 

606.178, 97, 0, 0.957343, 

606.178, 98, 0, 0.957343, 

606.178, 99, 0, 0.957343, 

606.178, 100, 0, 0.957343, 

606.178, 101, 0, 0.957343, 

606.178, 102, 0, 0.957343, 

606.178, 103, 0, 0.957343, 

606.178, 104, 0, 0.957343, 

606.178, 105, 0, 0.957343, 

606.178, 106, 0, 0.957343, 

606.178, 107, 0, 0.957343, 

606.178, 108, 0, 0.957343, 

606.178, 109, 0, 0.957343, 

606.178, 110, 0, 0.957343, 

606.178, 111, 0, 0.957343, 

606.178, 112, 0, 0.957343, 

606.178, 113, 0, 0.957343, 

606.178, 114, 0, 0.957343, 

606.178, 115, 0, 0.957343, 

606.178, 116, 0, 0.957343, 

606.178, 117, 0, 0.957343, 

606.178, 118, 0, 0.957343, 

606.178, 119, 0, 0.957343, 

607.178, 0, 0, 0.963835, 

607.178, 1, 0, 0.963835, 

607.178, 2, 0, 0.963835, 

607.178, 3, 0, 0.963835, 

607.178, 4, 0, 0.963835, 

607.178, 5, 0, 0.963835, 

607.178, 6, 0, 0.963835, 

607.178, 7, 0, 0.963835, 

607.178, 8, 0, 0.963835, 

607.178, 9, 0, 0.963835, 

607.178, 10, 0, 0.963835, 

607.178, 11, 0, 0.963835, 

607.178, 12, 0, 0.963835, 

607.178, 13, 0, 0.963835, 

607.178, 14, 0, 0.963835, 

607.178, 15, 0, 0.963835, 

607.178, 16, 0, 0.963835, 

607.178, 17, 0, 0.963835, 

607.178, 18, 0, 0.963835, 

607.178, 19, 0, 0.963835, 

607.178, 20, 0, 0.963835, 

607.178, 21, 0, 0.963835, 

607.178, 22, 0, 0.963835, 

607.178, 23, 0, 0.963835, 

607.178, 24, 0, 0.963835, 

607.178, 25, 0, 0.963835, 

607.178, 26, 0, 0.963835, 

607.178, 27, 0, 0.963835, 

607.178, 28, 0, 0.963835, 

607.178, 29, 0, 0.963835, 

607.178, 30, 0, 0.963835, 

607.178, 31, 0, 0.963835, 

607.178, 32, 0, 0.963835, 

607.178, 33, 0, 0.963835, 

607.178, 34, 0, 0.963835, 

607.178, 35, 0, 0.963835, 

607.178, 36, 0, 0.963835, 

607.178, 37, 0, 0.963835, 

607.178, 38, 0, 0.963835, 

607.178, 39, 0, 0.963835, 

607.178, 40, 0, 0.963835, 

607.178, 41, 0, 0.963835, 

607.178, 42, 0, 0.963835, 

607.178, 43, 0, 0.963835, 

607.178, 44, 0, 0.963835, 

607.178, 45, 0, 0.963835, 

607.178, 46, 0, 0.963835, 

607.178, 47, 0, 0.963835, 

607.178, 48, 0, 0.963835, 

607.178, 49, 0, 0.963835, 

607.178, 50, 0, 0.963835, 

607.178, 51, 0, 0.963835, 

607.178, 52, 0, 0.963835, 

607.178, 53, 0, 0.963835, 

607.178, 54, 0, 0.963835, 

607.178, 55, 0, 0.963835, 

607.178, 56, 0, 0.963835, 

607.178, 57, 0, 0.963835, 

607.178, 58, 0, 0.963835, 

607.178, 59, 0, 0.963835, 

607.178, 60, 0, 0.963835, 

607.178, 61, 0, 0.963835, 

607.178, 62, 0, 0.963835, 

607.178, 63, 0, 0.963835, 

607.178, 64, 0, 0.963835, 

607.178, 65, 0, 0.963835, 

607.178, 66, 0, 0.963835, 

607.178, 67, 0, 0.963835, 

607.178, 68, 0, 0.963835, 

607.178, 69, 0, 0.963835, 

607.178, 70, 0, 0.963835, 

607.178, 71, 0, 0.963835, 

607.178, 72, 0, 0.963835, 

607.178, 73, 0, 0.963835, 

607.178, 74, 0, 0.963835, 

607.178, 75, 0, 0.963835, 

607.178, 76, 0, 0.963835, 

607.178, 77, 0, 0.963835, 

607.178, 78, 0, 0.963835, 

607.178, 79, 0, 0.963835, 

607.178, 80, 0, 0.963835, 

607.178, 81, 0, 0.963835, 

607.178, 82, 0, 0.963835, 

607.178, 83, 0, 0.963835, 

607.178, 84, 0, 0.963835, 

607.178, 85, 0, 0.963835, 

607.178, 86, 0, 0.963835, 

607.178, 87, 0, 0.963835, 

607.178, 88, 0, 0.963835, 

607.178, 89, 0, 0.963835, 

607.178, 90, 0, 0.963835, 

607.178, 91, 0, 0.963835, 

607.178, 92, 0, 0.963835, 

607.178, 93, 0, 0.963835, 

607.178, 94, 0, 0.963835, 

607.178, 95, 0, 0.963835, 

607.178, 96, 0, 0.963835, 

607.178, 97, 0, 0.963835, 

607.178, 98, 0, 0.963835, 

607.178, 99, 0, 0.963835, 

607.178, 100, 0, 0.963835, 

607.178, 101, 0, 0.963835, 

607.178, 102, 0, 0.963835, 

607.178, 103, 0, 0.963835, 

607.178, 104, 0, 0.963835, 

607.178, 105, 0, 0.963835, 

607.178, 106, 0, 0.963835, 

607.178, 107, 0, 0.963835, 

607.178, 108, 0, 0.963835, 

607.178, 109, 0, 0.963835, 

607.178, 110, 0, 0.963835, 

607.178, 111, 0, 0.963835, 

607.178, 112, 0, 0.963835, 

607.178, 113, 0, 0.963835, 

607.178, 114, 0, 0.963835, 

607.178, 115, 0, 0.963835, 

607.178, 116, 0, 0.963835, 

607.178, 117, 0, 0.963835, 

607.178, 118, 0, 0.963835, 

607.178, 119, 0, 0.963835, 

608.178, 0, 0, 0.969464, 

608.178, 1, 0, 0.969464, 

608.178, 2, 0, 0.969464, 

608.178, 3, 0, 0.969464, 

608.178, 4, 0, 0.969464, 

608.178, 5, 0, 0.969464, 

608.178, 6, 0, 0.969464, 

608.178, 7, 0, 0.969464, 

608.178, 8, 0, 0.969464, 

608.178, 9, 0, 0.969464, 

608.178, 10, 0, 0.969464, 

608.178, 11, 0, 0.969464, 

608.178, 12, 0, 0.969464, 

608.178, 13, 0, 0.969464, 

608.178, 14, 0, 0.969464, 

608.178, 15, 0, 0.969464, 

608.178, 16, 0, 0.969464, 

608.178, 17, 0, 0.969464, 

608.178, 18, 0, 0.969464, 

608.178, 19, 0, 0.969464, 

608.178, 20, 0, 0.969464, 

608.178, 21, 0, 0.969464, 

608.178, 22, 0, 0.969464, 

608.178, 23, 0, 0.969464, 

608.178, 24, 0, 0.969464, 

608.178, 25, 0, 0.969464, 

608.178, 26, 0, 0.969464, 

608.178, 27, 0, 0.969464, 

608.178, 28, 0, 0.969464, 

608.178, 29, 0, 0.969464, 

608.178, 30, 0, 0.969464, 

608.178, 31, 0, 0.969464, 

608.178, 32, 0, 0.969464, 

608.178, 33, 0, 0.969464, 

608.178, 34, 0, 0.969464, 

608.178, 35, 0, 0.969464, 

608.178, 36, 0, 0.969464, 

608.178, 37, 0, 0.969464, 

608.178, 38, 0, 0.969464, 

608.178, 39, 0, 0.969464, 

608.178, 40, 0, 0.969464, 

608.178, 41, 0, 0.969464, 

608.178, 42, 0, 0.969464, 

608.178, 43, 0, 0.969464, 

608.178, 44, 0, 0.969464, 

608.178, 45, 0, 0.969464, 

608.178, 46, 0, 0.969464, 

608.178, 47, 0, 0.969464, 

608.178, 48, 0, 0.969464, 

608.178, 49, 0, 0.969464, 

608.178, 50, 0, 0.969464, 

608.178, 51, 0, 0.969464, 

608.178, 52, 0, 0.969464, 

608.178, 53, 0, 0.969464, 

608.178, 54, 0, 0.969464, 

608.178, 55, 0, 0.969464, 

608.178, 56, 0, 0.969464, 

608.178, 57, 0, 0.969464, 

608.178, 58, 0, 0.969464, 

608.178, 59, 0, 0.969464, 

608.178, 60, 0, 0.969464, 

608.178, 61, 0, 0.969464, 

608.178, 62, 0, 0.969464, 

608.178, 63, 0, 0.969464, 

608.178, 64, 0, 0.969464, 

608.178, 65, 0, 0.969464, 

608.178, 66, 0, 0.969464, 

608.178, 67, 0, 0.969464, 

608.178, 68, 0, 0.969464, 

608.178, 69, 0, 0.969464, 

608.178, 70, 0, 0.969464, 

608.178, 71, 0, 0.969464, 

608.178, 72, 0, 0.969464, 

608.178, 73, 0, 0.969464, 

608.178, 74, 0, 0.969464, 

608.178, 75, 0, 0.969464, 

608.178, 76, 0, 0.969464, 

608.178, 77, 0, 0.969464, 

608.178, 78, 0, 0.969464, 

608.178, 79, 0, 0.969464, 

608.178, 80, 0, 0.969464, 

608.178, 81, 0, 0.969464, 

608.178, 82, 0, 0.969464, 

608.178, 83, 0, 0.969464, 

608.178, 84, 0, 0.969464, 

608.178, 85, 0, 0.969464, 

608.178, 86, 0, 0.969464, 

608.178, 87, 0, 0.969464, 

608.178, 88, 0, 0.969464, 

608.178, 89, 0, 0.969464, 

608.178, 90, 0, 0.969464, 

608.178, 91, 0, 0.969464, 

608.178, 92, 0, 0.969464, 

608.178, 93, 0, 0.969464, 

608.178, 94, 0, 0.969464, 

608.178, 95, 0, 0.969464, 

608.178, 96, 0, 0.969464, 

608.178, 97, 0, 0.969464, 

608.178, 98, 0, 0.969464, 

608.178, 99, 0, 0.969464, 

608.178, 100, 0, 0.969464, 

608.178, 101, 0, 0.969464, 

608.178, 102, 0, 0.969464, 

608.178, 103, 0, 0.969464, 

608.178, 104, 0, 0.969464, 

608.178, 105, 0, 0.969464, 

608.178, 106, 0, 0.969464, 

608.178, 107, 0, 0.969464, 

608.178, 108, 0, 0.969464, 

608.178, 109, 0, 0.969464, 

608.178, 110, 0, 0.969464, 

608.178, 111, 0, 0.969464, 

608.178, 112, 0, 0.969464, 

608.178, 113, 0, 0.969464, 

608.178, 114, 0, 0.969464, 

608.178, 115, 0, 0.969464, 

608.178, 116, 0, 0.969464, 

608.178, 117, 0, 0.969464, 

608.178, 118, 0, 0.969464, 

608.178, 119, 0, 0.969464, 

609.178, 0, 0, 0.974322, 

609.178, 1, 0, 0.974322, 

609.178, 2, 0, 0.974322, 

609.178, 3, 0, 0.974322, 

609.178, 4, 0, 0.974322, 

609.178, 5, 0, 0.974322, 

609.178, 6, 0, 0.974322, 

609.178, 7, 0, 0.974322, 

609.178, 8, 0, 0.974322, 

609.178, 9, 0, 0.974322, 

609.178, 10, 0, 0.974322, 

609.178, 11, 0, 0.974322, 

609.178, 12, 0, 0.974322, 

609.178, 13, 0, 0.974322, 

609.178, 14, 0, 0.974322, 

609.178, 15, 0, 0.974322, 

609.178, 16, 0, 0.974322, 

609.178, 17, 0, 0.974322, 

609.178, 18, 0, 0.974322, 

609.178, 19, 0, 0.974322, 

609.178, 20, 0, 0.974322, 

609.178, 21, 0, 0.974322, 

609.178, 22, 0, 0.974322, 

609.178, 23, 0, 0.974322, 

609.178, 24, 0, 0.974322, 

609.178, 25, 0, 0.974322, 

609.178, 26, 0, 0.974322, 

609.178, 27, 0, 0.974322, 

609.178, 28, 0, 0.974322, 

609.178, 29, 0, 0.974322, 

609.178, 30, 0, 0.974322, 

609.178, 31, 0, 0.974322, 

609.178, 32, 0, 0.974322, 

609.178, 33, 0, 0.974322, 

609.178, 34, 0, 0.974322, 

609.178, 35, 0, 0.974322, 

609.178, 36, 0, 0.974322, 

609.178, 37, 0, 0.974322, 

609.178, 38, 0, 0.974322, 

609.178, 39, 0, 0.974322, 

609.178, 40, 0, 0.974322, 

609.178, 41, 0, 0.974322, 

609.178, 42, 0, 0.974322, 

609.178, 43, 0, 0.974322, 

609.178, 44, 0, 0.974322, 

609.178, 45, 0, 0.974322, 

609.178, 46, 0, 0.974322, 

609.178, 47, 0, 0.974322, 

609.178, 48, 0, 0.974322, 

609.178, 49, 0, 0.974322, 

609.178, 50, 0, 0.974322, 

609.178, 51, 0, 0.974322, 

609.178, 52, 0, 0.974322, 

609.178, 53, 0, 0.974322, 

609.178, 54, 0, 0.974322, 

609.178, 55, 0, 0.974322, 

609.178, 56, 0, 0.974322, 

609.178, 57, 0, 0.974322, 

609.178, 58, 0, 0.974322, 

609.178, 59, 0, 0.974322, 

609.178, 60, 0, 0.974322, 

609.178, 61, 0, 0.974322, 

609.178, 62, 0, 0.974322, 

609.178, 63, 0, 0.974322, 

609.178, 64, 0, 0.974322, 

609.178, 65, 0, 0.974322, 

609.178, 66, 0, 0.974322, 

609.178, 67, 0, 0.974322, 

609.178, 68, 0, 0.974322, 

609.178, 69, 0, 0.974322, 

609.178, 70, 0, 0.974322, 

609.178, 71, 0, 0.974322, 

609.178, 72, 0, 0.974322, 

609.178, 73, 0, 0.974322, 

609.178, 74, 0, 0.974322, 

609.178, 75, 0, 0.974322, 

609.178, 76, 0, 0.974322, 

609.178, 77, 0, 0.974322, 

609.178, 78, 0, 0.974322, 

609.178, 79, 0, 0.974322, 

609.178, 80, 0, 0.974322, 

609.178, 81, 0, 0.974322, 

609.178, 82, 0, 0.974322, 

609.178, 83, 0, 0.974322, 

609.178, 84, 0, 0.974322, 

609.178, 85, 0, 0.974322, 

609.178, 86, 0, 0.974322, 

609.178, 87, 0, 0.974322, 

609.178, 88, 0, 0.974322, 

609.178, 89, 0, 0.974322, 

609.178, 90, 0, 0.974322, 

609.178, 91, 0, 0.974322, 

609.178, 92, 0, 0.974322, 

609.178, 93, 0, 0.974322, 

609.178, 94, 0, 0.974322, 

609.178, 95, 0, 0.974322, 

609.178, 96, 0, 0.974322, 

609.178, 97, 0, 0.974322, 

609.178, 98, 0, 0.974322, 

609.178, 99, 0, 0.974322, 

609.178, 100, 0, 0.974322, 

609.178, 101, 0, 0.974322, 

609.178, 102, 0, 0.974322, 

609.178, 103, 0, 0.974322, 

609.178, 104, 0, 0.974322, 

609.178, 105, 0, 0.974322, 

609.178, 106, 0, 0.974322, 

609.178, 107, 0, 0.974322, 

609.178, 108, 0, 0.974322, 

609.178, 109, 0, 0.974322, 

609.178, 110, 0, 0.974322, 

609.178, 111, 0, 0.974322, 

609.178, 112, 0, 0.974322, 

609.178, 113, 0, 0.974322, 

609.178, 114, 0, 0.974322, 

609.178, 115, 0, 0.974322, 

609.178, 116, 0, 0.974322, 

609.178, 117, 0, 0.974322, 

609.178, 118, 0, 0.974322, 

609.178, 119, 0, 0.974322, 

610.178, 0, 0, 0.978497, 

610.178, 1, 0, 0.978497, 

610.178, 2, 0, 0.978497, 

610.178, 3, 0, 0.978497, 

610.178, 4, 0, 0.978497, 

610.178, 5, 0, 0.978497, 

610.178, 6, 0, 0.978497, 

610.178, 7, 0, 0.978497, 

610.178, 8, 0, 0.978497, 

610.178, 9, 0, 0.978497, 

610.178, 10, 0, 0.978497, 

610.178, 11, 0, 0.978497, 

610.178, 12, 0, 0.978497, 

610.178, 13, 0, 0.978497, 

610.178, 14, 0, 0.978497, 

610.178, 15, 0, 0.978497, 

610.178, 16, 0, 0.978497, 

610.178, 17, 0, 0.978497, 

610.178, 18, 0, 0.978497, 

610.178, 19, 0, 0.978497, 

610.178, 20, 0, 0.978497, 

610.178, 21, 0, 0.978497, 

610.178, 22, 0, 0.978497, 

610.178, 23, 0, 0.978497, 

610.178, 24, 0, 0.978497, 

610.178, 25, 0, 0.978497, 

610.178, 26, 0, 0.978497, 

610.178, 27, 0, 0.978497, 

610.178, 28, 0, 0.978497, 

610.178, 29, 0, 0.978497, 

610.178, 30, 0, 0.978497, 

610.178, 31, 0, 0.978497, 

610.178, 32, 0, 0.978497, 

610.178, 33, 0, 0.978497, 

610.178, 34, 0, 0.978497, 

610.178, 35, 0, 0.978497, 

610.178, 36, 0, 0.978497, 

610.178, 37, 0, 0.978497, 

610.178, 38, 0, 0.978497, 

610.178, 39, 0, 0.978497, 

610.178, 40, 0, 0.978497, 

610.178, 41, 0, 0.978497, 

610.178, 42, 0, 0.978497, 

610.178, 43, 0, 0.978497, 

610.178, 44, 0, 0.978497, 

610.178, 45, 0, 0.978497, 

610.178, 46, 0, 0.978497, 

610.178, 47, 0, 0.978497, 

610.178, 48, 0, 0.978497, 

610.178, 49, 0, 0.978497, 

610.178, 50, 0, 0.978497, 

610.178, 51, 0, 0.978497, 

610.178, 52, 0, 0.978497, 

610.178, 53, 0, 0.978497, 

610.178, 54, 0, 0.978497, 

610.178, 55, 0, 0.978497, 

610.178, 56, 0, 0.978497, 

610.178, 57, 0, 0.978497, 

610.178, 58, 0, 0.978497, 

610.178, 59, 0, 0.978497, 

610.178, 60, 0, 0.978497, 

610.178, 61, 0, 0.978497, 

610.178, 62, 0, 0.978497, 

610.178, 63, 0, 0.978497, 

610.178, 64, 0, 0.978497, 

610.178, 65, 0, 0.978497, 

610.178, 66, 0, 0.978497, 

610.178, 67, 0, 0.978497, 

610.178, 68, 0, 0.978497, 

610.178, 69, 0, 0.978497, 

610.178, 70, 0, 0.978497, 

610.178, 71, 0, 0.978497, 

610.178, 72, 0, 0.978497, 

610.178, 73, 0, 0.978497, 

610.178, 74, 0, 0.978497, 

610.178, 75, 0, 0.978497, 

610.178, 76, 0, 0.978497, 

610.178, 77, 0, 0.978497, 

610.178, 78, 0, 0.978497, 

610.178, 79, 0, 0.978497, 

610.178, 80, 0, 0.978497, 

610.178, 81, 0, 0.978497, 

610.178, 82, 0, 0.978497, 

610.178, 83, 0, 0.978497, 

610.178, 84, 0, 0.978497, 

610.178, 85, 0, 0.978497, 

610.178, 86, 0, 0.978497, 

610.178, 87, 0, 0.978497, 

610.178, 88, 0, 0.978497, 

610.178, 89, 0, 0.978497, 

610.178, 90, 0, 0.978497, 

610.178, 91, 0, 0.978497, 

610.178, 92, 0, 0.978497, 

610.178, 93, 0, 0.978497, 

610.178, 94, 0, 0.978497, 

610.178, 95, 0, 0.978497, 

610.178, 96, 0, 0.978497, 

610.178, 97, 0, 0.978497, 

610.178, 98, 0, 0.978497, 

610.178, 99, 0, 0.978497, 

610.178, 100, 0, 0.978497, 

610.178, 101, 0, 0.978497, 

610.178, 102, 0, 0.978497, 

610.178, 103, 0, 0.978497, 

610.178, 104, 0, 0.978497, 

610.178, 105, 0, 0.978497, 

610.178, 106, 0, 0.978497, 

610.178, 107, 0, 0.978497, 

610.178, 108, 0, 0.978497, 

610.178, 109, 0, 0.978497, 

610.178, 110, 0, 0.978497, 

610.178, 111, 0, 0.978497, 

610.178, 112, 0, 0.978497, 

610.178, 113, 0, 0.978497, 

610.178, 114, 0, 0.978497, 

610.178, 115, 0, 0.978497, 

610.178, 116, 0, 0.978497, 

610.178, 117, 0, 0.978497, 

610.178, 118, 0, 0.978497, 

610.178, 119, 0, 0.978497, 

611.178, 0, 0, 0.982067, 

611.178, 1, 0, 0.982067, 

611.178, 2, 0, 0.982067, 

611.178, 3, 0, 0.982067, 

611.178, 4, 0, 0.982067, 

611.178, 5, 0, 0.982067, 

611.178, 6, 0, 0.982067, 

611.178, 7, 0, 0.982067, 

611.178, 8, 0, 0.982067, 

611.178, 9, 0, 0.982067, 

611.178, 10, 0, 0.982067, 

611.178, 11, 0, 0.982067, 

611.178, 12, 0, 0.982067, 

611.178, 13, 0, 0.982067, 

611.178, 14, 0, 0.982067, 

611.178, 15, 0, 0.982067, 

611.178, 16, 0, 0.982067, 

611.178, 17, 0, 0.982067, 

611.178, 18, 0, 0.982067, 

611.178, 19, 0, 0.982067, 

611.178, 20, 0, 0.982067, 

611.178, 21, 0, 0.982067, 

611.178, 22, 0, 0.982067, 

611.178, 23, 0, 0.982067, 

611.178, 24, 0, 0.982067, 

611.178, 25, 0, 0.982067, 

611.178, 26, 0, 0.982067, 

611.178, 27, 0, 0.982067, 

611.178, 28, 0, 0.982067, 

611.178, 29, 0, 0.982067, 

611.178, 30, 0, 0.982067, 

611.178, 31, 0, 0.982067, 

611.178, 32, 0, 0.982067, 

611.178, 33, 0, 0.982067, 

611.178, 34, 0, 0.982067, 

611.178, 35, 0, 0.982067, 

611.178, 36, 0, 0.982067, 

611.178, 37, 0, 0.982067, 

611.178, 38, 0, 0.982067, 

611.178, 39, 0, 0.982067, 

611.178, 40, 0, 0.982067, 

611.178, 41, 0, 0.982067, 

611.178, 42, 0, 0.982067, 

611.178, 43, 0, 0.982067, 

611.178, 44, 0, 0.982067, 

611.178, 45, 0, 0.982067, 

611.178, 46, 0, 0.982067, 

611.178, 47, 0, 0.982067, 

611.178, 48, 0, 0.982067, 

611.178, 49, 0, 0.982067, 

611.178, 50, 0, 0.982067, 

611.178, 51, 0, 0.982067, 

611.178, 52, 0, 0.982067, 

611.178, 53, 0, 0.982067, 

611.178, 54, 0, 0.982067, 

611.178, 55, 0, 0.982067, 

611.178, 56, 0, 0.982067, 

611.178, 57, 0, 0.982067, 

611.178, 58, 0, 0.982067, 

611.178, 59, 0, 0.982067, 

611.178, 60, 0, 0.982067, 

611.178, 61, 0, 0.982067, 

611.178, 62, 0, 0.982067, 

611.178, 63, 0, 0.982067, 

611.178, 64, 0, 0.982067, 

611.178, 65, 0, 0.982067, 

611.178, 66, 0, 0.982067, 

611.178, 67, 0, 0.982067, 

611.178, 68, 0, 0.982067, 

611.178, 69, 0, 0.982067, 

611.178, 70, 0, 0.982067, 

611.178, 71, 0, 0.982067, 

611.178, 72, 0, 0.982067, 

611.178, 73, 0, 0.982067, 

611.178, 74, 0, 0.982067, 

611.178, 75, 0, 0.982067, 

611.178, 76, 0, 0.982067, 

611.178, 77, 0, 0.982067, 

611.178, 78, 0, 0.982067, 

611.178, 79, 0, 0.982067, 

611.178, 80, 0, 0.982067, 

611.178, 81, 0, 0.982067, 

611.178, 82, 0, 0.982067, 

611.178, 83, 0, 0.982067, 

611.178, 84, 0, 0.982067, 

611.178, 85, 0, 0.982067, 

611.178, 86, 0, 0.982067, 

611.178, 87, 0, 0.982067, 

611.178, 88, 0, 0.982067, 

611.178, 89, 0, 0.982067, 

611.178, 90, 0, 0.982067, 

611.178, 91, 0, 0.982067, 

611.178, 92, 0, 0.982067, 

611.178, 93, 0, 0.982067, 

611.178, 94, 0, 0.982067, 

611.178, 95, 0, 0.982067, 

611.178, 96, 0, 0.982067, 

611.178, 97, 0, 0.982067, 

611.178, 98, 0, 0.982067, 

611.178, 99, 0, 0.982067, 

611.178, 100, 0, 0.982067, 

611.178, 101, 0, 0.982067, 

611.178, 102, 0, 0.982067, 

611.178, 103, 0, 0.982067, 

611.178, 104, 0, 0.982067, 

611.178, 105, 0, 0.982067, 

611.178, 106, 0, 0.982067, 

611.178, 107, 0, 0.982067, 

611.178, 108, 0, 0.982067, 

611.178, 109, 0, 0.982067, 

611.178, 110, 0, 0.982067, 

611.178, 111, 0, 0.982067, 

611.178, 112, 0, 0.982067, 

611.178, 113, 0, 0.982067, 

611.178, 114, 0, 0.982067, 

611.178, 115, 0, 0.982067, 

611.178, 116, 0, 0.982067, 

611.178, 117, 0, 0.982067, 

611.178, 118, 0, 0.982067, 

611.178, 119, 0, 0.982067, 

612.178, 0, 0, 0.985107, 

612.178, 1, 0, 0.985107, 

612.178, 2, 0, 0.985107, 

612.178, 3, 0, 0.985107, 

612.178, 4, 0, 0.985107, 

612.178, 5, 0, 0.985107, 

612.178, 6, 0, 0.985107, 

612.178, 7, 0, 0.985107, 

612.178, 8, 0, 0.985107, 

612.178, 9, 0, 0.985107, 

612.178, 10, 0, 0.985107, 

612.178, 11, 0, 0.985107, 

612.178, 12, 0, 0.985107, 

612.178, 13, 0, 0.985107, 

612.178, 14, 0, 0.985107, 

612.178, 15, 0, 0.985107, 

612.178, 16, 0, 0.985107, 

612.178, 17, 0, 0.985107, 

612.178, 18, 0, 0.985107, 

612.178, 19, 0, 0.985107, 

612.178, 20, 0, 0.985107, 

612.178, 21, 0, 0.985107, 

612.178, 22, 0, 0.985107, 

612.178, 23, 0, 0.985107, 

612.178, 24, 0, 0.985107, 

612.178, 25, 0, 0.985107, 

612.178, 26, 0, 0.985107, 

612.178, 27, 0, 0.985107, 

612.178, 28, 0, 0.985107, 

612.178, 29, 0, 0.985107, 

612.178, 30, 0, 0.985107, 

612.178, 31, 0, 0.985107, 

612.178, 32, 0, 0.985107, 

612.178, 33, 0, 0.985107, 

612.178, 34, 0, 0.985107, 

612.178, 35, 0, 0.985107, 

612.178, 36, 0, 0.985107, 

612.178, 37, 0, 0.985107, 

612.178, 38, 0, 0.985107, 

612.178, 39, 0, 0.985107, 

612.178, 40, 0, 0.985107, 

612.178, 41, 0, 0.985107, 

612.178, 42, 0, 0.985107, 

612.178, 43, 0, 0.985107, 

612.178, 44, 0, 0.985107, 

612.178, 45, 0, 0.985107, 

612.178, 46, 0, 0.985107, 

612.178, 47, 0, 0.985107, 

612.178, 48, 0, 0.985107, 

612.178, 49, 0, 0.985107, 

612.178, 50, 0, 0.985107, 

612.178, 51, 0, 0.985107, 

612.178, 52, 0, 0.985107, 

612.178, 53, 0, 0.985107, 

612.178, 54, 0, 0.985107, 

612.178, 55, 0, 0.985107, 

612.178, 56, 0, 0.985107, 

612.178, 57, 0, 0.985107, 

612.178, 58, 0, 0.985107, 

612.178, 59, 0, 0.985107, 

612.178, 60, 0, 0.985107, 

612.178, 61, 0, 0.985107, 

612.178, 62, 0, 0.985107, 

612.178, 63, 0, 0.985107, 

612.178, 64, 0, 0.985107, 

612.178, 65, 0, 0.985107, 

612.178, 66, 0, 0.985107, 

612.178, 67, 0, 0.985107, 

612.178, 68, 0, 0.985107, 

612.178, 69, 0, 0.985107, 

612.178, 70, 0, 0.985107, 

612.178, 71, 0, 0.985107, 

612.178, 72, 0, 0.985107, 

612.178, 73, 0, 0.985107, 

612.178, 74, 0, 0.985107, 

612.178, 75, 0, 0.985107, 

612.178, 76, 0, 0.985107, 

612.178, 77, 0, 0.985107, 

612.178, 78, 0, 0.985107, 

612.178, 79, 0, 0.985107, 

612.178, 80, 0, 0.985107, 

612.178, 81, 0, 0.985107, 

612.178, 82, 0, 0.985107, 

612.178, 83, 0, 0.985107, 

612.178, 84, 0, 0.985107, 

612.178, 85, 0, 0.985107, 

612.178, 86, 0, 0.985107, 

612.178, 87, 0, 0.985107, 

612.178, 88, 0, 0.985107, 

612.178, 89, 0, 0.985107, 

612.178, 90, 0, 0.985107, 

612.178, 91, 0, 0.985107, 

612.178, 92, 0, 0.985107, 

612.178, 93, 0, 0.985107, 

612.178, 94, 0, 0.985107, 

612.178, 95, 0, 0.985107, 

612.178, 96, 0, 0.985107, 

612.178, 97, 0, 0.985107, 

612.178, 98, 0, 0.985107, 

612.178, 99, 0, 0.985107, 

612.178, 100, 0, 0.985107, 

612.178, 101, 0, 0.985107, 

612.178, 102, 0, 0.985107, 

612.178, 103, 0, 0.985107, 

612.178, 104, 0, 0.985107, 

612.178, 105, 0, 0.985107, 

612.178, 106, 0, 0.985107, 

612.178, 107, 0, 0.985107, 

612.178, 108, 0, 0.985107, 

612.178, 109, 0, 0.985107, 

612.178, 110, 0, 0.985107, 

612.178, 111, 0, 0.985107, 

612.178, 112, 0, 0.985107, 

612.178, 113, 0, 0.985107, 

612.178, 114, 0, 0.985107, 

612.178, 115, 0, 0.985107, 

612.178, 116, 0, 0.985107, 

612.178, 117, 0, 0.985107, 

612.178, 118, 0, 0.985107, 

612.178, 119, 0, 0.985107, 

613.178, 0, 0, 0.987684, 

613.178, 1, 0, 0.987684, 

613.178, 2, 0, 0.987684, 

613.178, 3, 0, 0.987684, 

613.178, 4, 0, 0.987684, 

613.178, 5, 0, 0.987684, 

613.178, 6, 0, 0.987684, 

613.178, 7, 0, 0.987684, 

613.178, 8, 0, 0.987684, 

613.178, 9, 0, 0.987684, 

613.178, 10, 0, 0.987684, 

613.178, 11, 0, 0.987684, 

613.178, 12, 0, 0.987684, 

613.178, 13, 0, 0.987684, 

613.178, 14, 0, 0.987684, 

613.178, 15, 0, 0.987684, 

613.178, 16, 0, 0.987684, 

613.178, 17, 0, 0.987684, 

613.178, 18, 0, 0.987684, 

613.178, 19, 0, 0.987684, 

613.178, 20, 0, 0.987684, 

613.178, 21, 0, 0.987684, 

613.178, 22, 0, 0.987684, 

613.178, 23, 0, 0.987684, 

613.178, 24, 0, 0.987684, 

613.178, 25, 0, 0.987684, 

613.178, 26, 0, 0.987684, 

613.178, 27, 0, 0.987684, 

613.178, 28, 0, 0.987684, 

613.178, 29, 0, 0.987684, 

613.178, 30, 0, 0.987684, 

613.178, 31, 0, 0.987684, 

613.178, 32, 0, 0.987684, 

613.178, 33, 0, 0.987684, 

613.178, 34, 0, 0.987684, 

613.178, 35, 0, 0.987684, 

613.178, 36, 0, 0.987684, 

613.178, 37, 0, 0.987684, 

613.178, 38, 0, 0.987684, 

613.178, 39, 0, 0.987684, 

613.178, 40, 0, 0.987684, 

613.178, 41, 0, 0.987684, 

613.178, 42, 0, 0.987684, 

613.178, 43, 0, 0.987684, 

613.178, 44, 0, 0.987684, 

613.178, 45, 0, 0.987684, 

613.178, 46, 0, 0.987684, 

613.178, 47, 0, 0.987684, 

613.178, 48, 0, 0.987684, 

613.178, 49, 0, 0.987684, 

613.178, 50, 0, 0.987684, 

613.178, 51, 0, 0.987684, 

613.178, 52, 0, 0.987684, 

613.178, 53, 0, 0.987684, 

613.178, 54, 0, 0.987684, 

613.178, 55, 0, 0.987684, 

613.178, 56, 0, 0.987684, 

613.178, 57, 0, 0.987684, 

613.178, 58, 0, 0.987684, 

613.178, 59, 0, 0.987684, 

613.178, 60, 0, 0.987684, 

613.178, 61, 0, 0.987684, 

613.178, 62, 0, 0.987684, 

613.178, 63, 0, 0.987684, 

613.178, 64, 0, 0.987684, 

613.178, 65, 0, 0.987684, 

613.178, 66, 0, 0.987684, 

613.178, 67, 0, 0.987684, 

613.178, 68, 0, 0.987684, 

613.178, 69, 0, 0.987684, 

613.178, 70, 0, 0.987684, 

613.178, 71, 0, 0.987684, 

613.178, 72, 0, 0.987684, 

613.178, 73, 0, 0.987684, 

613.178, 74, 0, 0.987684, 

613.178, 75, 0, 0.987684, 

613.178, 76, 0, 0.987684, 

613.178, 77, 0, 0.987684, 

613.178, 78, 0, 0.987684, 

613.178, 79, 0, 0.987684, 

613.178, 80, 0, 0.987684, 

613.178, 81, 0, 0.987684, 

613.178, 82, 0, 0.987684, 

613.178, 83, 0, 0.987684, 

613.178, 84, 0, 0.987684, 

613.178, 85, 0, 0.987684, 

613.178, 86, 0, 0.987684, 

613.178, 87, 0, 0.987684, 

613.178, 88, 0, 0.987684, 

613.178, 89, 0, 0.987684, 

613.178, 90, 0, 0.987684, 

613.178, 91, 0, 0.987684, 

613.178, 92, 0, 0.987684, 

613.178, 93, 0, 0.987684, 

613.178, 94, 0, 0.987684, 

613.178, 95, 0, 0.987684, 

613.178, 96, 0, 0.987684, 

613.178, 97, 0, 0.987684, 

613.178, 98, 0, 0.987684, 

613.178, 99, 0, 0.987684, 

613.178, 100, 0, 0.987684, 

613.178, 101, 0, 0.987684, 

613.178, 102, 0, 0.987684, 

613.178, 103, 0, 0.987684, 

613.178, 104, 0, 0.987684, 

613.178, 105, 0, 0.987684, 

613.178, 106, 0, 0.987684, 

613.178, 107, 0, 0.987684, 

613.178, 108, 0, 0.987684, 

613.178, 109, 0, 0.987684, 

613.178, 110, 0, 0.987684, 

613.178, 111, 0, 0.987684, 

613.178, 112, 0, 0.987684, 

613.178, 113, 0, 0.987684, 

613.178, 114, 0, 0.987684, 

613.178, 115, 0, 0.987684, 

613.178, 116, 0, 0.987684, 

613.178, 117, 0, 0.987684, 

613.178, 118, 0, 0.987684, 

613.178, 119, 0, 0.987684, 

614.178, 0, 0, 0.989858, 

614.178, 1, 0, 0.989858, 

614.178, 2, 0, 0.989858, 

614.178, 3, 0, 0.989858, 

614.178, 4, 0, 0.989858, 

614.178, 5, 0, 0.989858, 

614.178, 6, 0, 0.989858, 

614.178, 7, 0, 0.989858, 

614.178, 8, 0, 0.989858, 

614.178, 9, 0, 0.989858, 

614.178, 10, 0, 0.989858, 

614.178, 11, 0, 0.989858, 

614.178, 12, 0, 0.989858, 

614.178, 13, 0, 0.989858, 

614.178, 14, 0, 0.989858, 

614.178, 15, 0, 0.989858, 

614.178, 16, 0, 0.989858, 

614.178, 17, 0, 0.989858, 

614.178, 18, 0, 0.989858, 

614.178, 19, 0, 0.989858, 

614.178, 20, 0, 0.989858, 

614.178, 21, 0, 0.989858, 

614.178, 22, 0, 0.989858, 

614.178, 23, 0, 0.989858, 

614.178, 24, 0, 0.989858, 

614.178, 25, 0, 0.989858, 

614.178, 26, 0, 0.989858, 

614.178, 27, 0, 0.989858, 

614.178, 28, 0, 0.989858, 

614.178, 29, 0, 0.989858, 

614.178, 30, 0, 0.989858, 

614.178, 31, 0, 0.989858, 

614.178, 32, 0, 0.989858, 

614.178, 33, 0, 0.989858, 

614.178, 34, 0, 0.989858, 

614.178, 35, 0, 0.989858, 

614.178, 36, 0, 0.989858, 

614.178, 37, 0, 0.989858, 

614.178, 38, 0, 0.989858, 

614.178, 39, 0, 0.989858, 

614.178, 40, 0, 0.989858, 

614.178, 41, 0, 0.989858, 

614.178, 42, 0, 0.989858, 

614.178, 43, 0, 0.989858, 

614.178, 44, 0, 0.989858, 

614.178, 45, 0, 0.989858, 

614.178, 46, 0, 0.989858, 

614.178, 47, 0, 0.989858, 

614.178, 48, 0, 0.989858, 

614.178, 49, 0, 0.989858, 

614.178, 50, 0, 0.989858, 

614.178, 51, 0, 0.989858, 

614.178, 52, 0, 0.989858, 

614.178, 53, 0, 0.989858, 

614.178, 54, 0, 0.989858, 

614.178, 55, 0, 0.989858, 

614.178, 56, 0, 0.989858, 

614.178, 57, 0, 0.989858, 

614.178, 58, 0, 0.989858, 

614.178, 59, 0, 0.989858, 

614.178, 60, 0, 0.989858, 

614.178, 61, 0, 0.989858, 

614.178, 62, 0, 0.989858, 

614.178, 63, 0, 0.989858, 

614.178, 64, 0, 0.989858, 

614.178, 65, 0, 0.989858, 

614.178, 66, 0, 0.989858, 

614.178, 67, 0, 0.989858, 

614.178, 68, 0, 0.989858, 

614.178, 69, 0, 0.989858, 

614.178, 70, 0, 0.989858, 

614.178, 71, 0, 0.989858, 

614.178, 72, 0, 0.989858, 

614.178, 73, 0, 0.989858, 

614.178, 74, 0, 0.989858, 

614.178, 75, 0, 0.989858, 

614.178, 76, 0, 0.989858, 

614.178, 77, 0, 0.989858, 

614.178, 78, 0, 0.989858, 

614.178, 79, 0, 0.989858, 

614.178, 80, 0, 0.989858, 

614.178, 81, 0, 0.989858, 

614.178, 82, 0, 0.989858, 

614.178, 83, 0, 0.989858, 

614.178, 84, 0, 0.989858, 

614.178, 85, 0, 0.989858, 

614.178, 86, 0, 0.989858, 

614.178, 87, 0, 0.989858, 

614.178, 88, 0, 0.989858, 

614.178, 89, 0, 0.989858, 

614.178, 90, 0, 0.989858, 

614.178, 91, 0, 0.989858, 

614.178, 92, 0, 0.989858, 

614.178, 93, 0, 0.989858, 

614.178, 94, 0, 0.989858, 

614.178, 95, 0, 0.989858, 

614.178, 96, 0, 0.989858, 

614.178, 97, 0, 0.989858, 

614.178, 98, 0, 0.989858, 

614.178, 99, 0, 0.989858, 

614.178, 100, 0, 0.989858, 

614.178, 101, 0, 0.989858, 

614.178, 102, 0, 0.989858, 

614.178, 103, 0, 0.989858, 

614.178, 104, 0, 0.989858, 

614.178, 105, 0, 0.989858, 

614.178, 106, 0, 0.989858, 

614.178, 107, 0, 0.989858, 

614.178, 108, 0, 0.989858, 

614.178, 109, 0, 0.989858, 

614.178, 110, 0, 0.989858, 

614.178, 111, 0, 0.989858, 

614.178, 112, 0, 0.989858, 

614.178, 113, 0, 0.989858, 

614.178, 114, 0, 0.989858, 

614.178, 115, 0, 0.989858, 

614.178, 116, 0, 0.989858, 

614.178, 117, 0, 0.989858, 

614.178, 118, 0, 0.989858, 

614.178, 119, 0, 0.989858, 

615.178, 0, 0, 0.991684, 

615.178, 1, 0, 0.991684, 

615.178, 2, 0, 0.991684, 

615.178, 3, 0, 0.991684, 

615.178, 4, 0, 0.991684, 

615.178, 5, 0, 0.991684, 

615.178, 6, 0, 0.991684, 

615.178, 7, 0, 0.991684, 

615.178, 8, 0, 0.991684, 

615.178, 9, 0, 0.991684, 

615.178, 10, 0, 0.991684, 

615.178, 11, 0, 0.991684, 

615.178, 12, 0, 0.991684, 

615.178, 13, 0, 0.991684, 

615.178, 14, 0, 0.991684, 

615.178, 15, 0, 0.991684, 

615.178, 16, 0, 0.991684, 

615.178, 17, 0, 0.991684, 

615.178, 18, 0, 0.991684, 

615.178, 19, 0, 0.991684, 

615.178, 20, 0, 0.991684, 

615.178, 21, 0, 0.991684, 

615.178, 22, 0, 0.991684, 

615.178, 23, 0, 0.991684, 

615.178, 24, 0, 0.991684, 

615.178, 25, 0, 0.991684, 

615.178, 26, 0, 0.991684, 

615.178, 27, 0, 0.991684, 

615.178, 28, 0, 0.991684, 

615.178, 29, 0, 0.991684, 

615.178, 30, 0, 0.991684, 

615.178, 31, 0, 0.991684, 

615.178, 32, 0, 0.991684, 

615.178, 33, 0, 0.991684, 

615.178, 34, 0, 0.991684, 

615.178, 35, 0, 0.991684, 

615.178, 36, 0, 0.991684, 

615.178, 37, 0, 0.991684, 

615.178, 38, 0, 0.991684, 

615.178, 39, 0, 0.991684, 

615.178, 40, 0, 0.991684, 

615.178, 41, 0, 0.991684, 

615.178, 42, 0, 0.991684, 

615.178, 43, 0, 0.991684, 

615.178, 44, 0, 0.991684, 

615.178, 45, 0, 0.991684, 

615.178, 46, 0, 0.991684, 

615.178, 47, 0, 0.991684, 

615.178, 48, 0, 0.991684, 

615.178, 49, 0, 0.991684, 

615.178, 50, 0, 0.991684, 

615.178, 51, 0, 0.991684, 

615.178, 52, 0, 0.991684, 

615.178, 53, 0, 0.991684, 

615.178, 54, 0, 0.991684, 

615.178, 55, 0, 0.991684, 

615.178, 56, 0, 0.991684, 

615.178, 57, 0, 0.991684, 

615.178, 58, 0, 0.991684, 

615.178, 59, 0, 0.991684, 

615.178, 60, 0, 0.991684, 

615.178, 61, 0, 0.991684, 

615.178, 62, 0, 0.991684, 

615.178, 63, 0, 0.991684, 

615.178, 64, 0, 0.991684, 

615.178, 65, 0, 0.991684, 

615.178, 66, 0, 0.991684, 

615.178, 67, 0, 0.991684, 

615.178, 68, 0, 0.991684, 

615.178, 69, 0, 0.991684, 

615.178, 70, 0, 0.991684, 

615.178, 71, 0, 0.991684, 

615.178, 72, 0, 0.991684, 

615.178, 73, 0, 0.991684, 

615.178, 74, 0, 0.991684, 

615.178, 75, 0, 0.991684, 

615.178, 76, 0, 0.991684, 

615.178, 77, 0, 0.991684, 

615.178, 78, 0, 0.991684, 

615.178, 79, 0, 0.991684, 

615.178, 80, 0, 0.991684, 

615.178, 81, 0, 0.991684, 

615.178, 82, 0, 0.991684, 

615.178, 83, 0, 0.991684, 

615.178, 84, 0, 0.991684, 

615.178, 85, 0, 0.991684, 

615.178, 86, 0, 0.991684, 

615.178, 87, 0, 0.991684, 

615.178, 88, 0, 0.991684, 

615.178, 89, 0, 0.991684, 

615.178, 90, 0, 0.991684, 

615.178, 91, 0, 0.991684, 

615.178, 92, 0, 0.991684, 

615.178, 93, 0, 0.991684, 

615.178, 94, 0, 0.991684, 

615.178, 95, 0, 0.991684, 

615.178, 96, 0, 0.991684, 

615.178, 97, 0, 0.991684, 

615.178, 98, 0, 0.991684, 

615.178, 99, 0, 0.991684, 

615.178, 100, 0, 0.991684, 

615.178, 101, 0, 0.991684, 

615.178, 102, 0, 0.991684, 

615.178, 103, 0, 0.991684, 

615.178, 104, 0, 0.991684, 

615.178, 105, 0, 0.991684, 

615.178, 106, 0, 0.991684, 

615.178, 107, 0, 0.991684, 

615.178, 108, 0, 0.991684, 

615.178, 109, 0, 0.991684, 

615.178, 110, 0, 0.991684, 

615.178, 111, 0, 0.991684, 

615.178, 112, 0, 0.991684, 

615.178, 113, 0, 0.991684, 

615.178, 114, 0, 0.991684, 

615.178, 115, 0, 0.991684, 

615.178, 116, 0, 0.991684, 

615.178, 117, 0, 0.991684, 

615.178, 118, 0, 0.991684, 

615.178, 119, 0, 0.991684, 

616.178, 0, 0, 0.99321, 

616.178, 1, 0, 0.99321, 

616.178, 2, 0, 0.99321, 

616.178, 3, 0, 0.99321, 

616.178, 4, 0, 0.99321, 

616.178, 5, 0, 0.99321, 

616.178, 6, 0, 0.99321, 

616.178, 7, 0, 0.99321, 

616.178, 8, 0, 0.99321, 

616.178, 9, 0, 0.99321, 

616.178, 10, 0, 0.99321, 

616.178, 11, 0, 0.99321, 

616.178, 12, 0, 0.99321, 

616.178, 13, 0, 0.99321, 

616.178, 14, 0, 0.99321, 

616.178, 15, 0, 0.99321, 

616.178, 16, 0, 0.99321, 

616.178, 17, 0, 0.99321, 

616.178, 18, 0, 0.99321, 

616.178, 19, 0, 0.99321, 

616.178, 20, 0, 0.99321, 

616.178, 21, 0, 0.99321, 

616.178, 22, 0, 0.99321, 

616.178, 23, 0, 0.99321, 

616.178, 24, 0, 0.99321, 

616.178, 25, 0, 0.99321, 

616.178, 26, 0, 0.99321, 

616.178, 27, 0, 0.99321, 

616.178, 28, 0, 0.99321, 

616.178, 29, 0, 0.99321, 

616.178, 30, 0, 0.99321, 

616.178, 31, 0, 0.99321, 

616.178, 32, 0, 0.99321, 

616.178, 33, 0, 0.99321, 

616.178, 34, 0, 0.99321, 

616.178, 35, 0, 0.99321, 

616.178, 36, 0, 0.99321, 

616.178, 37, 0, 0.99321, 

616.178, 38, 0, 0.99321, 

616.178, 39, 0, 0.99321, 

616.178, 40, 0, 0.99321, 

616.178, 41, 0, 0.99321, 

616.178, 42, 0, 0.99321, 

616.178, 43, 0, 0.99321, 

616.178, 44, 0, 0.99321, 

616.178, 45, 0, 0.99321, 

616.178, 46, 0, 0.99321, 

616.178, 47, 0, 0.99321, 

616.178, 48, 0, 0.99321, 

616.178, 49, 0, 0.99321, 

616.178, 50, 0, 0.99321, 

616.178, 51, 0, 0.99321, 

616.178, 52, 0, 0.99321, 

616.178, 53, 0, 0.99321, 

616.178, 54, 0, 0.99321, 

616.178, 55, 0, 0.99321, 

616.178, 56, 0, 0.99321, 

616.178, 57, 0, 0.99321, 

616.178, 58, 0, 0.99321, 

616.178, 59, 0, 0.99321, 

616.178, 60, 0, 0.99321, 

616.178, 61, 0, 0.99321, 

616.178, 62, 0, 0.99321, 

616.178, 63, 0, 0.99321, 

616.178, 64, 0, 0.99321, 

616.178, 65, 0, 0.99321, 

616.178, 66, 0, 0.99321, 

616.178, 67, 0, 0.99321, 

616.178, 68, 0, 0.99321, 

616.178, 69, 0, 0.99321, 

616.178, 70, 0, 0.99321, 

616.178, 71, 0, 0.99321, 

616.178, 72, 0, 0.99321, 

616.178, 73, 0, 0.99321, 

616.178, 74, 0, 0.99321, 

616.178, 75, 0, 0.99321, 

616.178, 76, 0, 0.99321, 

616.178, 77, 0, 0.99321, 

616.178, 78, 0, 0.99321, 

616.178, 79, 0, 0.99321, 

616.178, 80, 0, 0.99321, 

616.178, 81, 0, 0.99321, 

616.178, 82, 0, 0.99321, 

616.178, 83, 0, 0.99321, 

616.178, 84, 0, 0.99321, 

616.178, 85, 0, 0.99321, 

616.178, 86, 0, 0.99321, 

616.178, 87, 0, 0.99321, 

616.178, 88, 0, 0.99321, 

616.178, 89, 0, 0.99321, 

616.178, 90, 0, 0.99321, 

616.178, 91, 0, 0.99321, 

616.178, 92, 0, 0.99321, 

616.178, 93, 0, 0.99321, 

616.178, 94, 0, 0.99321, 

616.178, 95, 0, 0.99321, 

616.178, 96, 0, 0.99321, 

616.178, 97, 0, 0.99321, 

616.178, 98, 0, 0.99321, 

616.178, 99, 0, 0.99321, 

616.178, 100, 0, 0.99321, 

616.178, 101, 0, 0.99321, 

616.178, 102, 0, 0.99321, 

616.178, 103, 0, 0.99321, 

616.178, 104, 0, 0.99321, 

616.178, 105, 0, 0.99321, 

616.178, 106, 0, 0.99321, 

616.178, 107, 0, 0.99321, 

616.178, 108, 0, 0.99321, 

616.178, 109, 0, 0.99321, 

616.178, 110, 0, 0.99321, 

616.178, 111, 0, 0.99321, 

616.178, 112, 0, 0.99321, 

616.178, 113, 0, 0.99321, 

616.178, 114, 0, 0.99321, 

616.178, 115, 0, 0.99321, 

616.178, 116, 0, 0.99321, 

616.178, 117, 0, 0.99321, 

616.178, 118, 0, 0.99321, 

616.178, 119, 0, 0.99321, 

617.178, 0, 0, 0.99448, 

617.178, 1, 0, 0.99448, 

617.178, 2, 0, 0.99448, 

617.178, 3, 0, 0.99448, 

617.178, 4, 0, 0.99448, 

617.178, 5, 0, 0.99448, 

617.178, 6, 0, 0.99448, 

617.178, 7, 0, 0.99448, 

617.178, 8, 0, 0.99448, 

617.178, 9, 0, 0.99448, 

617.178, 10, 0, 0.99448, 

617.178, 11, 0, 0.99448, 

617.178, 12, 0, 0.99448, 

617.178, 13, 0, 0.99448, 

617.178, 14, 0, 0.99448, 

617.178, 15, 0, 0.99448, 

617.178, 16, 0, 0.99448, 

617.178, 17, 0, 0.99448, 

617.178, 18, 0, 0.99448, 

617.178, 19, 0, 0.99448, 

617.178, 20, 0, 0.99448, 

617.178, 21, 0, 0.99448, 

617.178, 22, 0, 0.99448, 

617.178, 23, 0, 0.99448, 

617.178, 24, 0, 0.99448, 

617.178, 25, 0, 0.99448, 

617.178, 26, 0, 0.99448, 

617.178, 27, 0, 0.99448, 

617.178, 28, 0, 0.99448, 

617.178, 29, 0, 0.99448, 

617.178, 30, 0, 0.99448, 

617.178, 31, 0, 0.99448, 

617.178, 32, 0, 0.99448, 

617.178, 33, 0, 0.99448, 

617.178, 34, 0, 0.99448, 

617.178, 35, 0, 0.99448, 

617.178, 36, 0, 0.99448, 

617.178, 37, 0, 0.99448, 

617.178, 38, 0, 0.99448, 

617.178, 39, 0, 0.99448, 

617.178, 40, 0, 0.99448, 

617.178, 41, 0, 0.99448, 

617.178, 42, 0, 0.99448, 

617.178, 43, 0, 0.99448, 

617.178, 44, 0, 0.99448, 

617.178, 45, 0, 0.99448, 

617.178, 46, 0, 0.99448, 

617.178, 47, 0, 0.99448, 

617.178, 48, 0, 0.99448, 

617.178, 49, 0, 0.99448, 

617.178, 50, 0, 0.99448, 

617.178, 51, 0, 0.99448, 

617.178, 52, 0, 0.99448, 

617.178, 53, 0, 0.99448, 

617.178, 54, 0, 0.99448, 

617.178, 55, 0, 0.99448, 

617.178, 56, 0, 0.99448, 

617.178, 57, 0, 0.99448, 

617.178, 58, 0, 0.99448, 

617.178, 59, 0, 0.99448, 

617.178, 60, 0, 0.99448, 

617.178, 61, 0, 0.99448, 

617.178, 62, 0, 0.99448, 

617.178, 63, 0, 0.99448, 

617.178, 64, 0, 0.99448, 

617.178, 65, 0, 0.99448, 

617.178, 66, 0, 0.99448, 

617.178, 67, 0, 0.99448, 

617.178, 68, 0, 0.99448, 

617.178, 69, 0, 0.99448, 

617.178, 70, 0, 0.99448, 

617.178, 71, 0, 0.99448, 

617.178, 72, 0, 0.99448, 

617.178, 73, 0, 0.99448, 

617.178, 74, 0, 0.99448, 

617.178, 75, 0, 0.99448, 

617.178, 76, 0, 0.99448, 

617.178, 77, 0, 0.99448, 

617.178, 78, 0, 0.99448, 

617.178, 79, 0, 0.99448, 

617.178, 80, 0, 0.99448, 

617.178, 81, 0, 0.99448, 

617.178, 82, 0, 0.99448, 

617.178, 83, 0, 0.99448, 

617.178, 84, 0, 0.99448, 

617.178, 85, 0, 0.99448, 

617.178, 86, 0, 0.99448, 

617.178, 87, 0, 0.99448, 

617.178, 88, 0, 0.99448, 

617.178, 89, 0, 0.99448, 

617.178, 90, 0, 0.99448, 

617.178, 91, 0, 0.99448, 

617.178, 92, 0, 0.99448, 

617.178, 93, 0, 0.99448, 

617.178, 94, 0, 0.99448, 

617.178, 95, 0, 0.99448, 

617.178, 96, 0, 0.99448, 

617.178, 97, 0, 0.99448, 

617.178, 98, 0, 0.99448, 

617.178, 99, 0, 0.99448, 

617.178, 100, 0, 0.99448, 

617.178, 101, 0, 0.99448, 

617.178, 102, 0, 0.99448, 

617.178, 103, 0, 0.99448, 

617.178, 104, 0, 0.99448, 

617.178, 105, 0, 0.99448, 

617.178, 106, 0, 0.99448, 

617.178, 107, 0, 0.99448, 

617.178, 108, 0, 0.99448, 

617.178, 109, 0, 0.99448, 

617.178, 110, 0, 0.99448, 

617.178, 111, 0, 0.99448, 

617.178, 112, 0, 0.99448, 

617.178, 113, 0, 0.99448, 

617.178, 114, 0, 0.99448, 

617.178, 115, 0, 0.99448, 

617.178, 116, 0, 0.99448, 

617.178, 117, 0, 0.99448, 

617.178, 118, 0, 0.99448, 

617.178, 119, 0, 0.99448, 

618.178, 0, 0, 0.995532, 

618.178, 1, 0, 0.995532, 

618.178, 2, 0, 0.995532, 

618.178, 3, 0, 0.995532, 

618.178, 4, 0, 0.995532, 

618.178, 5, 0, 0.995532, 

618.178, 6, 0, 0.995532, 

618.178, 7, 0, 0.995532, 

618.178, 8, 0, 0.995532, 

618.178, 9, 0, 0.995532, 

618.178, 10, 0, 0.995532, 

618.178, 11, 0, 0.995532, 

618.178, 12, 0, 0.995532, 

618.178, 13, 0, 0.995532, 

618.178, 14, 0, 0.995532, 

618.178, 15, 0, 0.995532, 

618.178, 16, 0, 0.995532, 

618.178, 17, 0, 0.995532, 

618.178, 18, 0, 0.995532, 

618.178, 19, 0, 0.995532, 

618.178, 20, 0, 0.995532, 

618.178, 21, 0, 0.995532, 

618.178, 22, 0, 0.995532, 

618.178, 23, 0, 0.995532, 

618.178, 24, 0, 0.995532, 

618.178, 25, 0, 0.995532, 

618.178, 26, 0, 0.995532, 

618.178, 27, 0, 0.995532, 

618.178, 28, 0, 0.995532, 

618.178, 29, 0, 0.995532, 

618.178, 30, 0, 0.995532, 

618.178, 31, 0, 0.995532, 

618.178, 32, 0, 0.995532, 

618.178, 33, 0, 0.995532, 

618.178, 34, 0, 0.995532, 

618.178, 35, 0, 0.995532, 

618.178, 36, 0, 0.995532, 

618.178, 37, 0, 0.995532, 

618.178, 38, 0, 0.995532, 

618.178, 39, 0, 0.995532, 

618.178, 40, 0, 0.995532, 

618.178, 41, 0, 0.995532, 

618.178, 42, 0, 0.995532, 

618.178, 43, 0, 0.995532, 

618.178, 44, 0, 0.995532, 

618.178, 45, 0, 0.995532, 

618.178, 46, 0, 0.995532, 

618.178, 47, 0, 0.995532, 

618.178, 48, 0, 0.995532, 

618.178, 49, 0, 0.995532, 

618.178, 50, 0, 0.995532, 

618.178, 51, 0, 0.995532, 

618.178, 52, 0, 0.995532, 

618.178, 53, 0, 0.995532, 

618.178, 54, 0, 0.995532, 

618.178, 55, 0, 0.995532, 

618.178, 56, 0, 0.995532, 

618.178, 57, 0, 0.995532, 

618.178, 58, 0, 0.995532, 

618.178, 59, 0, 0.995532, 

618.178, 60, 0, 0.995532, 

618.178, 61, 0, 0.995532, 

618.178, 62, 0, 0.995532, 

618.178, 63, 0, 0.995532, 

618.178, 64, 0, 0.995532, 

618.178, 65, 0, 0.995532, 

618.178, 66, 0, 0.995532, 

618.178, 67, 0, 0.995532, 

618.178, 68, 0, 0.995532, 

618.178, 69, 0, 0.995532, 

618.178, 70, 0, 0.995532, 

618.178, 71, 0, 0.995532, 

618.178, 72, 0, 0.995532, 

618.178, 73, 0, 0.995532, 

618.178, 74, 0, 0.995532, 

618.178, 75, 0, 0.995532, 

618.178, 76, 0, 0.995532, 

618.178, 77, 0, 0.995532, 

618.178, 78, 0, 0.995532, 

618.178, 79, 0, 0.995532, 

618.178, 80, 0, 0.995532, 

618.178, 81, 0, 0.995532, 

618.178, 82, 0, 0.995532, 

618.178, 83, 0, 0.995532, 

618.178, 84, 0, 0.995532, 

618.178, 85, 0, 0.995532, 

618.178, 86, 0, 0.995532, 

618.178, 87, 0, 0.995532, 

618.178, 88, 0, 0.995532, 

618.178, 89, 0, 0.995532, 

618.178, 90, 0, 0.995532, 

618.178, 91, 0, 0.995532, 

618.178, 92, 0, 0.995532, 

618.178, 93, 0, 0.995532, 

618.178, 94, 0, 0.995532, 

618.178, 95, 0, 0.995532, 

618.178, 96, 0, 0.995532, 

618.178, 97, 0, 0.995532, 

618.178, 98, 0, 0.995532, 

618.178, 99, 0, 0.995532, 

618.178, 100, 0, 0.995532, 

618.178, 101, 0, 0.995532, 

618.178, 102, 0, 0.995532, 

618.178, 103, 0, 0.995532, 

618.178, 104, 0, 0.995532, 

618.178, 105, 0, 0.995532, 

618.178, 106, 0, 0.995532, 

618.178, 107, 0, 0.995532, 

618.178, 108, 0, 0.995532, 

618.178, 109, 0, 0.995532, 

618.178, 110, 0, 0.995532, 

618.178, 111, 0, 0.995532, 

618.178, 112, 0, 0.995532, 

618.178, 113, 0, 0.995532, 

618.178, 114, 0, 0.995532, 

618.178, 115, 0, 0.995532, 

618.178, 116, 0, 0.995532, 

618.178, 117, 0, 0.995532, 

618.178, 118, 0, 0.995532, 

618.178, 119, 0, 0.995532, 

619.178, 0, 0, 0.996399, 

619.178, 1, 0, 0.996399, 

619.178, 2, 0, 0.996399, 

619.178, 3, 0, 0.996399, 

619.178, 4, 0, 0.996399, 

619.178, 5, 0, 0.996399, 

619.178, 6, 0, 0.996399, 

619.178, 7, 0, 0.996399, 

619.178, 8, 0, 0.996399, 

619.178, 9, 0, 0.996399, 

619.178, 10, 0, 0.996399, 

619.178, 11, 0, 0.996399, 

619.178, 12, 0, 0.996399, 

619.178, 13, 0, 0.996399, 

619.178, 14, 0, 0.996399, 

619.178, 15, 0, 0.996399, 

619.178, 16, 0, 0.996399, 

619.178, 17, 0, 0.996399, 

619.178, 18, 0, 0.996399, 

619.178, 19, 0, 0.996399, 

619.178, 20, 0, 0.996399, 

619.178, 21, 0, 0.996399, 

619.178, 22, 0, 0.996399, 

619.178, 23, 0, 0.996399, 

619.178, 24, 0, 0.996399, 

619.178, 25, 0, 0.996399, 

619.178, 26, 0, 0.996399, 

619.178, 27, 0, 0.996399, 

619.178, 28, 0, 0.996399, 

619.178, 29, 0, 0.996399, 

619.178, 30, 0, 0.996399, 

619.178, 31, 0, 0.996399, 

619.178, 32, 0, 0.996399, 

619.178, 33, 0, 0.996399, 

619.178, 34, 0, 0.996399, 

619.178, 35, 0, 0.996399, 

619.178, 36, 0, 0.996399, 

619.178, 37, 0, 0.996399, 

619.178, 38, 0, 0.996399, 

619.178, 39, 0, 0.996399, 

619.178, 40, 0, 0.996399, 

619.178, 41, 0, 0.996399, 

619.178, 42, 0, 0.996399, 

619.178, 43, 0, 0.996399, 

619.178, 44, 0, 0.996399, 

619.178, 45, 0, 0.996399, 

619.178, 46, 0, 0.996399, 

619.178, 47, 0, 0.996399, 

619.178, 48, 0, 0.996399, 

619.178, 49, 0, 0.996399, 

619.178, 50, 0, 0.996399, 

619.178, 51, 0, 0.996399, 

619.178, 52, 0, 0.996399, 

619.178, 53, 0, 0.996399, 

619.178, 54, 0, 0.996399, 

619.178, 55, 0, 0.996399, 

619.178, 56, 0, 0.996399, 

619.178, 57, 0, 0.996399, 

619.178, 58, 0, 0.996399, 

619.178, 59, 0, 0.996399, 

619.178, 60, 0, 0.996399, 

619.178, 61, 0, 0.996399, 

619.178, 62, 0, 0.996399, 

619.178, 63, 0, 0.996399, 

619.178, 64, 0, 0.996399, 

619.178, 65, 0, 0.996399, 

619.178, 66, 0, 0.996399, 

619.178, 67, 0, 0.996399, 

619.178, 68, 0, 0.996399, 

619.178, 69, 0, 0.996399, 

619.178, 70, 0, 0.996399, 

619.178, 71, 0, 0.996399, 

619.178, 72, 0, 0.996399, 

619.178, 73, 0, 0.996399, 

619.178, 74, 0, 0.996399, 

619.178, 75, 0, 0.996399, 

619.178, 76, 0, 0.996399, 

619.178, 77, 0, 0.996399, 

619.178, 78, 0, 0.996399, 

619.178, 79, 0, 0.996399, 

619.178, 80, 0, 0.996399, 

619.178, 81, 0, 0.996399, 

619.178, 82, 0, 0.996399, 

619.178, 83, 0, 0.996399, 

619.178, 84, 0, 0.996399, 

619.178, 85, 0, 0.996399, 

619.178, 86, 0, 0.996399, 

619.178, 87, 0, 0.996399, 

619.178, 88, 0, 0.996399, 

619.178, 89, 0, 0.996399, 

619.178, 90, 0, 0.996399, 

619.178, 91, 0, 0.996399, 

619.178, 92, 0, 0.996399, 

619.178, 93, 0, 0.996399, 

619.178, 94, 0, 0.996399, 

619.178, 95, 0, 0.996399, 

619.178, 96, 0, 0.996399, 

619.178, 97, 0, 0.996399, 

619.178, 98, 0, 0.996399, 

619.178, 99, 0, 0.996399, 

619.178, 100, 0, 0.996399, 

619.178, 101, 0, 0.996399, 

619.178, 102, 0, 0.996399, 

619.178, 103, 0, 0.996399, 

619.178, 104, 0, 0.996399, 

619.178, 105, 0, 0.996399, 

619.178, 106, 0, 0.996399, 

619.178, 107, 0, 0.996399, 

619.178, 108, 0, 0.996399, 

619.178, 109, 0, 0.996399, 

619.178, 110, 0, 0.996399, 

619.178, 111, 0, 0.996399, 

619.178, 112, 0, 0.996399, 

619.178, 113, 0, 0.996399, 

619.178, 114, 0, 0.996399, 

619.178, 115, 0, 0.996399, 

619.178, 116, 0, 0.996399, 

619.178, 117, 0, 0.996399, 

619.178, 118, 0, 0.996399, 

619.178, 119, 0, 0.996399, 

620.178, 0, 0, 0.99711, 

620.178, 1, 0, 0.99711, 

620.178, 2, 0, 0.99711, 

620.178, 3, 0, 0.99711, 

620.178, 4, 0, 0.99711, 

620.178, 5, 0, 0.99711, 

620.178, 6, 0, 0.99711, 

620.178, 7, 0, 0.99711, 

620.178, 8, 0, 0.99711, 

620.178, 9, 0, 0.99711, 

620.178, 10, 0, 0.99711, 

620.178, 11, 0, 0.99711, 

620.178, 12, 0, 0.99711, 

620.178, 13, 0, 0.99711, 

620.178, 14, 0, 0.99711, 

620.178, 15, 0, 0.99711, 

620.178, 16, 0, 0.99711, 

620.178, 17, 0, 0.99711, 

620.178, 18, 0, 0.99711, 

620.178, 19, 0, 0.99711, 

620.178, 20, 0, 0.99711, 

620.178, 21, 0, 0.99711, 

620.178, 22, 0, 0.99711, 

620.178, 23, 0, 0.99711, 

620.178, 24, 0, 0.99711, 

620.178, 25, 0, 0.99711, 

620.178, 26, 0, 0.99711, 

620.178, 27, 0, 0.99711, 

620.178, 28, 0, 0.99711, 

620.178, 29, 0, 0.99711, 

620.178, 30, 0, 0.99711, 

620.178, 31, 0, 0.99711, 

620.178, 32, 0, 0.99711, 

620.178, 33, 0, 0.99711, 

620.178, 34, 0, 0.99711, 

620.178, 35, 0, 0.99711, 

620.178, 36, 0, 0.99711, 

620.178, 37, 0, 0.99711, 

620.178, 38, 0, 0.99711, 

620.178, 39, 0, 0.99711, 

620.178, 40, 0, 0.99711, 

620.178, 41, 0, 0.99711, 

620.178, 42, 0, 0.99711, 

620.178, 43, 0, 0.99711, 

620.178, 44, 0, 0.99711, 

620.178, 45, 0, 0.99711, 

620.178, 46, 0, 0.99711, 

620.178, 47, 0, 0.99711, 

620.178, 48, 0, 0.99711, 

620.178, 49, 0, 0.99711, 

620.178, 50, 0, 0.99711, 

620.178, 51, 0, 0.99711, 

620.178, 52, 0, 0.99711, 

620.178, 53, 0, 0.99711, 

620.178, 54, 0, 0.99711, 

620.178, 55, 0, 0.99711, 

620.178, 56, 0, 0.99711, 

620.178, 57, 0, 0.99711, 

620.178, 58, 0, 0.99711, 

620.178, 59, 0, 0.99711, 

620.178, 60, 0, 0.99711, 

620.178, 61, 0, 0.99711, 

620.178, 62, 0, 0.99711, 

620.178, 63, 0, 0.99711, 

620.178, 64, 0, 0.99711, 

620.178, 65, 0, 0.99711, 

620.178, 66, 0, 0.99711, 

620.178, 67, 0, 0.99711, 

620.178, 68, 0, 0.99711, 

620.178, 69, 0, 0.99711, 

620.178, 70, 0, 0.99711, 

620.178, 71, 0, 0.99711, 

620.178, 72, 0, 0.99711, 

620.178, 73, 0, 0.99711, 

620.178, 74, 0, 0.99711, 

620.178, 75, 0, 0.99711, 

620.178, 76, 0, 0.99711, 

620.178, 77, 0, 0.99711, 

620.178, 78, 0, 0.99711, 

620.178, 79, 0, 0.99711, 

620.178, 80, 0, 0.99711, 

620.178, 81, 0, 0.99711, 

620.178, 82, 0, 0.99711, 

620.178, 83, 0, 0.99711, 

620.178, 84, 0, 0.99711, 

620.178, 85, 0, 0.99711, 

620.178, 86, 0, 0.99711, 

620.178, 87, 0, 0.99711, 

620.178, 88, 0, 0.99711, 

620.178, 89, 0, 0.99711, 

620.178, 90, 0, 0.99711, 

620.178, 91, 0, 0.99711, 

620.178, 92, 0, 0.99711, 

620.178, 93, 0, 0.99711, 

620.178, 94, 0, 0.99711, 

620.178, 95, 0, 0.99711, 

620.178, 96, 0, 0.99711, 

620.178, 97, 0, 0.99711, 

620.178, 98, 0, 0.99711, 

620.178, 99, 0, 0.99711, 

620.178, 100, 0, 0.99711, 

620.178, 101, 0, 0.99711, 

620.178, 102, 0, 0.99711, 

620.178, 103, 0, 0.99711, 

620.178, 104, 0, 0.99711, 

620.178, 105, 0, 0.99711, 

620.178, 106, 0, 0.99711, 

620.178, 107, 0, 0.99711, 

620.178, 108, 0, 0.99711, 

620.178, 109, 0, 0.99711, 

620.178, 110, 0, 0.99711, 

620.178, 111, 0, 0.99711, 

620.178, 112, 0, 0.99711, 

620.178, 113, 0, 0.99711, 

620.178, 114, 0, 0.99711, 

620.178, 115, 0, 0.99711, 

620.178, 116, 0, 0.99711, 

620.178, 117, 0, 0.99711, 

620.178, 118, 0, 0.99711, 

620.178, 119, 0, 0.99711, 

621.178, 0, 0, 0.997691, 

621.178, 1, 0, 0.997691, 

621.178, 2, 0, 0.997691, 

621.178, 3, 0, 0.997691, 

621.178, 4, 0, 0.997691, 

621.178, 5, 0, 0.997691, 

621.178, 6, 0, 0.997691, 

621.178, 7, 0, 0.997691, 

621.178, 8, 0, 0.997691, 

621.178, 9, 0, 0.997691, 

621.178, 10, 0, 0.997691, 

621.178, 11, 0, 0.997691, 

621.178, 12, 0, 0.997691, 

621.178, 13, 0, 0.997691, 

621.178, 14, 0, 0.997691, 

621.178, 15, 0, 0.997691, 

621.178, 16, 0, 0.997691, 

621.178, 17, 0, 0.997691, 

621.178, 18, 0, 0.997691, 

621.178, 19, 0, 0.997691, 

621.178, 20, 0, 0.997691, 

621.178, 21, 0, 0.997691, 

621.178, 22, 0, 0.997691, 

621.178, 23, 0, 0.997691, 

621.178, 24, 0, 0.997691, 

621.178, 25, 0, 0.997691, 

621.178, 26, 0, 0.997691, 

621.178, 27, 0, 0.997691, 

621.178, 28, 0, 0.997691, 

621.178, 29, 0, 0.997691, 

621.178, 30, 0, 0.997691, 

621.178, 31, 0, 0.997691, 

621.178, 32, 0, 0.997691, 

621.178, 33, 0, 0.997691, 

621.178, 34, 0, 0.997691, 

621.178, 35, 0, 0.997691, 

621.178, 36, 0, 0.997691, 

621.178, 37, 0, 0.997691, 

621.178, 38, 0, 0.997691, 

621.178, 39, 0, 0.997691, 

621.178, 40, 0, 0.997691, 

621.178, 41, 0, 0.997691, 

621.178, 42, 0, 0.997691, 

621.178, 43, 0, 0.997691, 

621.178, 44, 0, 0.997691, 

621.178, 45, 0, 0.997691, 

621.178, 46, 0, 0.997691, 

621.178, 47, 0, 0.997691, 

621.178, 48, 0, 0.997691, 

621.178, 49, 0, 0.997691, 

621.178, 50, 0, 0.997691, 

621.178, 51, 0, 0.997691, 

621.178, 52, 0, 0.997691, 

621.178, 53, 0, 0.997691, 

621.178, 54, 0, 0.997691, 

621.178, 55, 0, 0.997691, 

621.178, 56, 0, 0.997691, 

621.178, 57, 0, 0.997691, 

621.178, 58, 0, 0.997691, 

621.178, 59, 0, 0.997691, 

621.178, 60, 0, 0.997691, 

621.178, 61, 0, 0.997691, 

621.178, 62, 0, 0.997691, 

621.178, 63, 0, 0.997691, 

621.178, 64, 0, 0.997691, 

621.178, 65, 0, 0.997691, 

621.178, 66, 0, 0.997691, 

621.178, 67, 0, 0.997691, 

621.178, 68, 0, 0.997691, 

621.178, 69, 0, 0.997691, 

621.178, 70, 0, 0.997691, 

621.178, 71, 0, 0.997691, 

621.178, 72, 0, 0.997691, 

621.178, 73, 0, 0.997691, 

621.178, 74, 0, 0.997691, 

621.178, 75, 0, 0.997691, 

621.178, 76, 0, 0.997691, 

621.178, 77, 0, 0.997691, 

621.178, 78, 0, 0.997691, 

621.178, 79, 0, 0.997691, 

621.178, 80, 0, 0.997691, 

621.178, 81, 0, 0.997691, 

621.178, 82, 0, 0.997691, 

621.178, 83, 0, 0.997691, 

621.178, 84, 0, 0.997691, 

621.178, 85, 0, 0.997691, 

621.178, 86, 0, 0.997691, 

621.178, 87, 0, 0.997691, 

621.178, 88, 0, 0.997691, 

621.178, 89, 0, 0.997691, 

621.178, 90, 0, 0.997691, 

621.178, 91, 0, 0.997691, 

621.178, 92, 0, 0.997691, 

621.178, 93, 0, 0.997691, 

621.178, 94, 0, 0.997691, 

621.178, 95, 0, 0.997691, 

621.178, 96, 0, 0.997691, 

621.178, 97, 0, 0.997691, 

621.178, 98, 0, 0.997691, 

621.178, 99, 0, 0.997691, 

621.178, 100, 0, 0.997691, 

621.178, 101, 0, 0.997691, 

621.178, 102, 0, 0.997691, 

621.178, 103, 0, 0.997691, 

621.178, 104, 0, 0.997691, 

621.178, 105, 0, 0.997691, 

621.178, 106, 0, 0.997691, 

621.178, 107, 0, 0.997691, 

621.178, 108, 0, 0.997691, 

621.178, 109, 0, 0.997691, 

621.178, 110, 0, 0.997691, 

621.178, 111, 0, 0.997691, 

621.178, 112, 0, 0.997691, 

621.178, 113, 0, 0.997691, 

621.178, 114, 0, 0.997691, 

621.178, 115, 0, 0.997691, 

621.178, 116, 0, 0.997691, 

621.178, 117, 0, 0.997691, 

621.178, 118, 0, 0.997691, 

621.178, 119, 0, 0.997691, 

622.178, 0, 0, 0.998164, 

622.178, 1, 0, 0.998164, 

622.178, 2, 0, 0.998164, 

622.178, 3, 0, 0.998164, 

622.178, 4, 0, 0.998164, 

622.178, 5, 0, 0.998164, 

622.178, 6, 0, 0.998164, 

622.178, 7, 0, 0.998164, 

622.178, 8, 0, 0.998164, 

622.178, 9, 0, 0.998164, 

622.178, 10, 0, 0.998164, 

622.178, 11, 0, 0.998164, 

622.178, 12, 0, 0.998164, 

622.178, 13, 0, 0.998164, 

622.178, 14, 0, 0.998164, 

622.178, 15, 0, 0.998164, 

622.178, 16, 0, 0.998164, 

622.178, 17, 0, 0.998164, 

622.178, 18, 0, 0.998164, 

622.178, 19, 0, 0.998164, 

622.178, 20, 0, 0.998164, 

622.178, 21, 0, 0.998164, 

622.178, 22, 0, 0.998164, 

622.178, 23, 0, 0.998164, 

622.178, 24, 0, 0.998164, 

622.178, 25, 0, 0.998164, 

622.178, 26, 0, 0.998164, 

622.178, 27, 0, 0.998164, 

622.178, 28, 0, 0.998164, 

622.178, 29, 0, 0.998164, 

622.178, 30, 0, 0.998164, 

622.178, 31, 0, 0.998164, 

622.178, 32, 0, 0.998164, 

622.178, 33, 0, 0.998164, 

622.178, 34, 0, 0.998164, 

622.178, 35, 0, 0.998164, 

622.178, 36, 0, 0.998164, 

622.178, 37, 0, 0.998164, 

622.178, 38, 0, 0.998164, 

622.178, 39, 0, 0.998164, 

622.178, 40, 0, 0.998164, 

622.178, 41, 0, 0.998164, 

622.178, 42, 0, 0.998164, 

622.178, 43, 0, 0.998164, 

622.178, 44, 0, 0.998164, 

622.178, 45, 0, 0.998164, 

622.178, 46, 0, 0.998164, 

622.178, 47, 0, 0.998164, 

622.178, 48, 0, 0.998164, 

622.178, 49, 0, 0.998164, 

622.178, 50, 0, 0.998164, 

622.178, 51, 0, 0.998164, 

622.178, 52, 0, 0.998164, 

622.178, 53, 0, 0.998164, 

622.178, 54, 0, 0.998164, 

622.178, 55, 0, 0.998164, 

622.178, 56, 0, 0.998164, 

622.178, 57, 0, 0.998164, 

622.178, 58, 0, 0.998164, 

622.178, 59, 0, 0.998164, 

622.178, 60, 0, 0.998164, 

622.178, 61, 0, 0.998164, 

622.178, 62, 0, 0.998164, 

622.178, 63, 0, 0.998164, 

622.178, 64, 0, 0.998164, 

622.178, 65, 0, 0.998164, 

622.178, 66, 0, 0.998164, 

622.178, 67, 0, 0.998164, 

622.178, 68, 0, 0.998164, 

622.178, 69, 0, 0.998164, 

622.178, 70, 0, 0.998164, 

622.178, 71, 0, 0.998164, 

622.178, 72, 0, 0.998164, 

622.178, 73, 0, 0.998164, 

622.178, 74, 0, 0.998164, 

622.178, 75, 0, 0.998164, 

622.178, 76, 0, 0.998164, 

622.178, 77, 0, 0.998164, 

622.178, 78, 0, 0.998164, 

622.178, 79, 0, 0.998164, 

622.178, 80, 0, 0.998164, 

622.178, 81, 0, 0.998164, 

622.178, 82, 0, 0.998164, 

622.178, 83, 0, 0.998164, 

622.178, 84, 0, 0.998164, 

622.178, 85, 0, 0.998164, 

622.178, 86, 0, 0.998164, 

622.178, 87, 0, 0.998164, 

622.178, 88, 0, 0.998164, 

622.178, 89, 0, 0.998164, 

622.178, 90, 0, 0.998164, 

622.178, 91, 0, 0.998164, 

622.178, 92, 0, 0.998164, 

622.178, 93, 0, 0.998164, 

622.178, 94, 0, 0.998164, 

622.178, 95, 0, 0.998164, 

622.178, 96, 0, 0.998164, 

622.178, 97, 0, 0.998164, 

622.178, 98, 0, 0.998164, 

622.178, 99, 0, 0.998164, 

622.178, 100, 0, 0.998164, 

622.178, 101, 0, 0.998164, 

622.178, 102, 0, 0.998164, 

622.178, 103, 0, 0.998164, 

622.178, 104, 0, 0.998164, 

622.178, 105, 0, 0.998164, 

622.178, 106, 0, 0.998164, 

622.178, 107, 0, 0.998164, 

622.178, 108, 0, 0.998164, 

622.178, 109, 0, 0.998164, 

622.178, 110, 0, 0.998164, 

622.178, 111, 0, 0.998164, 

622.178, 112, 0, 0.998164, 

622.178, 113, 0, 0.998164, 

622.178, 114, 0, 0.998164, 

622.178, 115, 0, 0.998164, 

622.178, 116, 0, 0.998164, 

622.178, 117, 0, 0.998164, 

622.178, 118, 0, 0.998164, 

622.178, 119, 0, 0.998164, 

623.178, 0, 0, 0.998546, 

623.178, 1, 0, 0.998546, 

623.178, 2, 0, 0.998546, 

623.178, 3, 0, 0.998546, 

623.178, 4, 0, 0.998546, 

623.178, 5, 0, 0.998546, 

623.178, 6, 0, 0.998546, 

623.178, 7, 0, 0.998546, 

623.178, 8, 0, 0.998546, 

623.178, 9, 0, 0.998546, 

623.178, 10, 0, 0.998546, 

623.178, 11, 0, 0.998546, 

623.178, 12, 0, 0.998546, 

623.178, 13, 0, 0.998546, 

623.178, 14, 0, 0.998546, 

623.178, 15, 0, 0.998546, 

623.178, 16, 0, 0.998546, 

623.178, 17, 0, 0.998546, 

623.178, 18, 0, 0.998546, 

623.178, 19, 0, 0.998546, 

623.178, 20, 0, 0.998546, 

623.178, 21, 0, 0.998546, 

623.178, 22, 0, 0.998546, 

623.178, 23, 0, 0.998546, 

623.178, 24, 0, 0.998546, 

623.178, 25, 0, 0.998546, 

623.178, 26, 0, 0.998546, 

623.178, 27, 0, 0.998546, 

623.178, 28, 0, 0.998546, 

623.178, 29, 0, 0.998546, 

623.178, 30, 0, 0.998546, 

623.178, 31, 0, 0.998546, 

623.178, 32, 0, 0.998546, 

623.178, 33, 0, 0.998546, 

623.178, 34, 0, 0.998546, 

623.178, 35, 0, 0.998546, 

623.178, 36, 0, 0.998546, 

623.178, 37, 0, 0.998546, 

623.178, 38, 0, 0.998546, 

623.178, 39, 0, 0.998546, 

623.178, 40, 0, 0.998546, 

623.178, 41, 0, 0.998546, 

623.178, 42, 0, 0.998546, 

623.178, 43, 0, 0.998546, 

623.178, 44, 0, 0.998546, 

623.178, 45, 0, 0.998546, 

623.178, 46, 0, 0.998546, 

623.178, 47, 0, 0.998546, 

623.178, 48, 0, 0.998546, 

623.178, 49, 0, 0.998546, 

623.178, 50, 0, 0.998546, 

623.178, 51, 0, 0.998546, 

623.178, 52, 0, 0.998546, 

623.178, 53, 0, 0.998546, 

623.178, 54, 0, 0.998546, 

623.178, 55, 0, 0.998546, 

623.178, 56, 0, 0.998546, 

623.178, 57, 0, 0.998546, 

623.178, 58, 0, 0.998546, 

623.178, 59, 0, 0.998546, 

623.178, 60, 0, 0.998546, 

623.178, 61, 0, 0.998546, 

623.178, 62, 0, 0.998546, 

623.178, 63, 0, 0.998546, 

623.178, 64, 0, 0.998546, 

623.178, 65, 0, 0.998546, 

623.178, 66, 0, 0.998546, 

623.178, 67, 0, 0.998546, 

623.178, 68, 0, 0.998546, 

623.178, 69, 0, 0.998546, 

623.178, 70, 0, 0.998546, 

623.178, 71, 0, 0.998546, 

623.178, 72, 0, 0.998546, 

623.178, 73, 0, 0.998546, 

623.178, 74, 0, 0.998546, 

623.178, 75, 0, 0.998546, 

623.178, 76, 0, 0.998546, 

623.178, 77, 0, 0.998546, 

623.178, 78, 0, 0.998546, 

623.178, 79, 0, 0.998546, 

623.178, 80, 0, 0.998546, 

623.178, 81, 0, 0.998546, 

623.178, 82, 0, 0.998546, 

623.178, 83, 0, 0.998546, 

623.178, 84, 0, 0.998546, 

623.178, 85, 0, 0.998546, 

623.178, 86, 0, 0.998546, 

623.178, 87, 0, 0.998546, 

623.178, 88, 0, 0.998546, 

623.178, 89, 0, 0.998546, 

623.178, 90, 0, 0.998546, 

623.178, 91, 0, 0.998546, 

623.178, 92, 0, 0.998546, 

623.178, 93, 0, 0.998546, 

623.178, 94, 0, 0.998546, 

623.178, 95, 0, 0.998546, 

623.178, 96, 0, 0.998546, 

623.178, 97, 0, 0.998546, 

623.178, 98, 0, 0.998546, 

623.178, 99, 0, 0.998546, 

623.178, 100, 0, 0.998546, 

623.178, 101, 0, 0.998546, 

623.178, 102, 0, 0.998546, 

623.178, 103, 0, 0.998546, 

623.178, 104, 0, 0.998546, 

623.178, 105, 0, 0.998546, 

623.178, 106, 0, 0.998546, 

623.178, 107, 0, 0.998546, 

623.178, 108, 0, 0.998546, 

623.178, 109, 0, 0.998546, 

623.178, 110, 0, 0.998546, 

623.178, 111, 0, 0.998546, 

623.178, 112, 0, 0.998546, 

623.178, 113, 0, 0.998546, 

623.178, 114, 0, 0.998546, 

623.178, 115, 0, 0.998546, 

623.178, 116, 0, 0.998546, 

623.178, 117, 0, 0.998546, 

623.178, 118, 0, 0.998546, 

623.178, 119, 0, 0.998546, 

624.178, 0, 0, 0.998854, 

624.178, 1, 0, 0.998854, 

624.178, 2, 0, 0.998854, 

624.178, 3, 0, 0.998854, 

624.178, 4, 0, 0.998854, 

624.178, 5, 0, 0.998854, 

624.178, 6, 0, 0.998854, 

624.178, 7, 0, 0.998854, 

624.178, 8, 0, 0.998854, 

624.178, 9, 0, 0.998854, 

624.178, 10, 0, 0.998854, 

624.178, 11, 0, 0.998854, 

624.178, 12, 0, 0.998854, 

624.178, 13, 0, 0.998854, 

624.178, 14, 0, 0.998854, 

624.178, 15, 0, 0.998854, 

624.178, 16, 0, 0.998854, 

624.178, 17, 0, 0.998854, 

624.178, 18, 0, 0.998854, 

624.178, 19, 0, 0.998854, 

624.178, 20, 0, 0.998854, 

624.178, 21, 0, 0.998854, 

624.178, 22, 0, 0.998854, 

624.178, 23, 0, 0.998854, 

624.178, 24, 0, 0.998854, 

624.178, 25, 0, 0.998854, 

624.178, 26, 0, 0.998854, 

624.178, 27, 0, 0.998854, 

624.178, 28, 0, 0.998854, 

624.178, 29, 0, 0.998854, 

624.178, 30, 0, 0.998854, 

624.178, 31, 0, 0.998854, 

624.178, 32, 0, 0.998854, 

624.178, 33, 0, 0.998854, 

624.178, 34, 0, 0.998854, 

624.178, 35, 0, 0.998854, 

624.178, 36, 0, 0.998854, 

624.178, 37, 0, 0.998854, 

624.178, 38, 0, 0.998854, 

624.178, 39, 0, 0.998854, 

624.178, 40, 0, 0.998854, 

624.178, 41, 0, 0.998854, 

624.178, 42, 0, 0.998854, 

624.178, 43, 0, 0.998854, 

624.178, 44, 0, 0.998854, 

624.178, 45, 0, 0.998854, 

624.178, 46, 0, 0.998854, 

624.178, 47, 0, 0.998854, 

624.178, 48, 0, 0.998854, 

624.178, 49, 0, 0.998854, 

624.178, 50, 0, 0.998854, 

624.178, 51, 0, 0.998854, 

624.178, 52, 0, 0.998854, 

624.178, 53, 0, 0.998854, 

624.178, 54, 0, 0.998854, 

624.178, 55, 0, 0.998854, 

624.178, 56, 0, 0.998854, 

624.178, 57, 0, 0.998854, 

624.178, 58, 0, 0.998854, 

624.178, 59, 0, 0.998854, 

624.178, 60, 0, 0.998854, 

624.178, 61, 0, 0.998854, 

624.178, 62, 0, 0.998854, 

624.178, 63, 0, 0.998854, 

624.178, 64, 0, 0.998854, 

624.178, 65, 0, 0.998854, 

624.178, 66, 0, 0.998854, 

624.178, 67, 0, 0.998854, 

624.178, 68, 0, 0.998854, 

624.178, 69, 0, 0.998854, 

624.178, 70, 0, 0.998854, 

624.178, 71, 0, 0.998854, 

624.178, 72, 0, 0.998854, 

624.178, 73, 0, 0.998854, 

624.178, 74, 0, 0.998854, 

624.178, 75, 0, 0.998854, 

624.178, 76, 0, 0.998854, 

624.178, 77, 0, 0.998854, 

624.178, 78, 0, 0.998854, 

624.178, 79, 0, 0.998854, 

624.178, 80, 0, 0.998854, 

624.178, 81, 0, 0.998854, 

624.178, 82, 0, 0.998854, 

624.178, 83, 0, 0.998854, 

624.178, 84, 0, 0.998854, 

624.178, 85, 0, 0.998854, 

624.178, 86, 0, 0.998854, 

624.178, 87, 0, 0.998854, 

624.178, 88, 0, 0.998854, 

624.178, 89, 0, 0.998854, 

624.178, 90, 0, 0.998854, 

624.178, 91, 0, 0.998854, 

624.178, 92, 0, 0.998854, 

624.178, 93, 0, 0.998854, 

624.178, 94, 0, 0.998854, 

624.178, 95, 0, 0.998854, 

624.178, 96, 0, 0.998854, 

624.178, 97, 0, 0.998854, 

624.178, 98, 0, 0.998854, 

624.178, 99, 0, 0.998854, 

624.178, 100, 0, 0.998854, 

624.178, 101, 0, 0.998854, 

624.178, 102, 0, 0.998854, 

624.178, 103, 0, 0.998854, 

624.178, 104, 0, 0.998854, 

624.178, 105, 0, 0.998854, 

624.178, 106, 0, 0.998854, 

624.178, 107, 0, 0.998854, 

624.178, 108, 0, 0.998854, 

624.178, 109, 0, 0.998854, 

624.178, 110, 0, 0.998854, 

624.178, 111, 0, 0.998854, 

624.178, 112, 0, 0.998854, 

624.178, 113, 0, 0.998854, 

624.178, 114, 0, 0.998854, 

624.178, 115, 0, 0.998854, 

624.178, 116, 0, 0.998854, 

624.178, 117, 0, 0.998854, 

624.178, 118, 0, 0.998854, 

624.178, 119, 0, 0.998854, 

625.178, 0, 0, 0.9991, 

625.178, 1, 0, 0.9991, 

625.178, 2, 0, 0.9991, 

625.178, 3, 0, 0.9991, 

625.178, 4, 0, 0.9991, 

625.178, 5, 0, 0.9991, 

625.178, 6, 0, 0.9991, 

625.178, 7, 0, 0.9991, 

625.178, 8, 0, 0.9991, 

625.178, 9, 0, 0.9991, 

625.178, 10, 0, 0.9991, 

625.178, 11, 0, 0.9991, 

625.178, 12, 0, 0.9991, 

625.178, 13, 0, 0.9991, 

625.178, 14, 0, 0.9991, 

625.178, 15, 0, 0.9991, 

625.178, 16, 0, 0.9991, 

625.178, 17, 0, 0.9991, 

625.178, 18, 0, 0.9991, 

625.178, 19, 0, 0.9991, 

625.178, 20, 0, 0.9991, 

625.178, 21, 0, 0.9991, 

625.178, 22, 0, 0.9991, 

625.178, 23, 0, 0.9991, 

625.178, 24, 0, 0.9991, 

625.178, 25, 0, 0.9991, 

625.178, 26, 0, 0.9991, 

625.178, 27, 0, 0.9991, 

625.178, 28, 0, 0.9991, 

625.178, 29, 0, 0.9991, 

625.178, 30, 0, 0.9991, 

625.178, 31, 0, 0.9991, 

625.178, 32, 0, 0.9991, 

625.178, 33, 0, 0.9991, 

625.178, 34, 0, 0.9991, 

625.178, 35, 0, 0.9991, 

625.178, 36, 0, 0.9991, 

625.178, 37, 0, 0.9991, 

625.178, 38, 0, 0.9991, 

625.178, 39, 0, 0.9991, 

625.178, 40, 0, 0.9991, 

625.178, 41, 0, 0.9991, 

625.178, 42, 0, 0.9991, 

625.178, 43, 0, 0.9991, 

625.178, 44, 0, 0.9991, 

625.178, 45, 0, 0.9991, 

625.178, 46, 0, 0.9991, 

625.178, 47, 0, 0.9991, 

625.178, 48, 0, 0.9991, 

625.178, 49, 0, 0.9991, 

625.178, 50, 0, 0.9991, 

625.178, 51, 0, 0.9991, 

625.178, 52, 0, 0.9991, 

625.178, 53, 0, 0.9991, 

625.178, 54, 0, 0.9991, 

625.178, 55, 0, 0.9991, 

625.178, 56, 0, 0.9991, 

625.178, 57, 0, 0.9991, 

625.178, 58, 0, 0.9991, 

625.178, 59, 0, 0.9991, 

625.178, 60, 0, 0.9991, 

625.178, 61, 0, 0.9991, 

625.178, 62, 0, 0.9991, 

625.178, 63, 0, 0.9991, 

625.178, 64, 0, 0.9991, 

625.178, 65, 0, 0.9991, 

625.178, 66, 0, 0.9991, 

625.178, 67, 0, 0.9991, 

625.178, 68, 0, 0.9991, 

625.178, 69, 0, 0.9991, 

625.178, 70, 0, 0.9991, 

625.178, 71, 0, 0.9991, 

625.178, 72, 0, 0.9991, 

625.178, 73, 0, 0.9991, 

625.178, 74, 0, 0.9991, 

625.178, 75, 0, 0.9991, 

625.178, 76, 0, 0.9991, 

625.178, 77, 0, 0.9991, 

625.178, 78, 0, 0.9991, 

625.178, 79, 0, 0.9991, 

625.178, 80, 0, 0.9991, 

625.178, 81, 0, 0.9991, 

625.178, 82, 0, 0.9991, 

625.178, 83, 0, 0.9991, 

625.178, 84, 0, 0.9991, 

625.178, 85, 0, 0.9991, 

625.178, 86, 0, 0.9991, 

625.178, 87, 0, 0.9991, 

625.178, 88, 0, 0.9991, 

625.178, 89, 0, 0.9991, 

625.178, 90, 0, 0.9991, 

625.178, 91, 0, 0.9991, 

625.178, 92, 0, 0.9991, 

625.178, 93, 0, 0.9991, 

625.178, 94, 0, 0.9991, 

625.178, 95, 0, 0.9991, 

625.178, 96, 0, 0.9991, 

625.178, 97, 0, 0.9991, 

625.178, 98, 0, 0.9991, 

625.178, 99, 0, 0.9991, 

625.178, 100, 0, 0.9991, 

625.178, 101, 0, 0.9991, 

625.178, 102, 0, 0.9991, 

625.178, 103, 0, 0.9991, 

625.178, 104, 0, 0.9991, 

625.178, 105, 0, 0.9991, 

625.178, 106, 0, 0.9991, 

625.178, 107, 0, 0.9991, 

625.178, 108, 0, 0.9991, 

625.178, 109, 0, 0.9991, 

625.178, 110, 0, 0.9991, 

625.178, 111, 0, 0.9991, 

625.178, 112, 0, 0.9991, 

625.178, 113, 0, 0.9991, 

625.178, 114, 0, 0.9991, 

625.178, 115, 0, 0.9991, 

625.178, 116, 0, 0.9991, 

625.178, 117, 0, 0.9991, 

625.178, 118, 0, 0.9991, 

625.178, 119, 0, 0.9991, 

626.178, 0, 0, 0.999297, 

626.178, 1, 0, 0.999297, 

626.178, 2, 0, 0.999297, 

626.178, 3, 0, 0.999297, 

626.178, 4, 0, 0.999297, 

626.178, 5, 0, 0.999297, 

626.178, 6, 0, 0.999297, 

626.178, 7, 0, 0.999297, 

626.178, 8, 0, 0.999297, 

626.178, 9, 0, 0.999297, 

626.178, 10, 0, 0.999297, 

626.178, 11, 0, 0.999297, 

626.178, 12, 0, 0.999297, 

626.178, 13, 0, 0.999297, 

626.178, 14, 0, 0.999297, 

626.178, 15, 0, 0.999297, 

626.178, 16, 0, 0.999297, 

626.178, 17, 0, 0.999297, 

626.178, 18, 0, 0.999297, 

626.178, 19, 0, 0.999297, 

626.178, 20, 0, 0.999297, 

626.178, 21, 0, 0.999297, 

626.178, 22, 0, 0.999297, 

626.178, 23, 0, 0.999297, 

626.178, 24, 0, 0.999297, 

626.178, 25, 0, 0.999297, 

626.178, 26, 0, 0.999297, 

626.178, 27, 0, 0.999297, 

626.178, 28, 0, 0.999297, 

626.178, 29, 0, 0.999297, 

626.178, 30, 0, 0.999297, 

626.178, 31, 0, 0.999297, 

626.178, 32, 0, 0.999297, 

626.178, 33, 0, 0.999297, 

626.178, 34, 0, 0.999297, 

626.178, 35, 0, 0.999297, 

626.178, 36, 0, 0.999297, 

626.178, 37, 0, 0.999297, 

626.178, 38, 0, 0.999297, 

626.178, 39, 0, 0.999297, 

626.178, 40, 0, 0.999297, 

626.178, 41, 0, 0.999297, 

626.178, 42, 0, 0.999297, 

626.178, 43, 0, 0.999297, 

626.178, 44, 0, 0.999297, 

626.178, 45, 0, 0.999297, 

626.178, 46, 0, 0.999297, 

626.178, 47, 0, 0.999297, 

626.178, 48, 0, 0.999297, 

626.178, 49, 0, 0.999297, 

626.178, 50, 0, 0.999297, 

626.178, 51, 0, 0.999297, 

626.178, 52, 0, 0.999297, 

626.178, 53, 0, 0.999297, 

626.178, 54, 0, 0.999297, 

626.178, 55, 0, 0.999297, 

626.178, 56, 0, 0.999297, 

626.178, 57, 0, 0.999297, 

626.178, 58, 0, 0.999297, 

626.178, 59, 0, 0.999297, 

626.178, 60, 0, 0.999297, 

626.178, 61, 0, 0.999297, 

626.178, 62, 0, 0.999297, 

626.178, 63, 0, 0.999297, 

626.178, 64, 0, 0.999297, 

626.178, 65, 0, 0.999297, 

626.178, 66, 0, 0.999297, 

626.178, 67, 0, 0.999297, 

626.178, 68, 0, 0.999297, 

626.178, 69, 0, 0.999297, 

626.178, 70, 0, 0.999297, 

626.178, 71, 0, 0.999297, 

626.178, 72, 0, 0.999297, 

626.178, 73, 0, 0.999297, 

626.178, 74, 0, 0.999297, 

626.178, 75, 0, 0.999297, 

626.178, 76, 0, 0.999297, 

626.178, 77, 0, 0.999297, 

626.178, 78, 0, 0.999297, 

626.178, 79, 0, 0.999297, 

626.178, 80, 0, 0.999297, 

626.178, 81, 0, 0.999297, 

626.178, 82, 0, 0.999297, 

626.178, 83, 0, 0.999297, 

626.178, 84, 0, 0.999297, 

626.178, 85, 0, 0.999297, 

626.178, 86, 0, 0.999297, 

626.178, 87, 0, 0.999297, 

626.178, 88, 0, 0.999297, 

626.178, 89, 0, 0.999297, 

626.178, 90, 0, 0.999297, 

626.178, 91, 0, 0.999297, 

626.178, 92, 0, 0.999297, 

626.178, 93, 0, 0.999297, 

626.178, 94, 0, 0.999297, 

626.178, 95, 0, 0.999297, 

626.178, 96, 0, 0.999297, 

626.178, 97, 0, 0.999297, 

626.178, 98, 0, 0.999297, 

626.178, 99, 0, 0.999297, 

626.178, 100, 0, 0.999297, 

626.178, 101, 0, 0.999297, 

626.178, 102, 0, 0.999297, 

626.178, 103, 0, 0.999297, 

626.178, 104, 0, 0.999297, 

626.178, 105, 0, 0.999297, 

626.178, 106, 0, 0.999297, 

626.178, 107, 0, 0.999297, 

626.178, 108, 0, 0.999297, 

626.178, 109, 0, 0.999297, 

626.178, 110, 0, 0.999297, 

626.178, 111, 0, 0.999297, 

626.178, 112, 0, 0.999297, 

626.178, 113, 0, 0.999297, 

626.178, 114, 0, 0.999297, 

626.178, 115, 0, 0.999297, 

626.178, 116, 0, 0.999297, 

626.178, 117, 0, 0.999297, 

626.178, 118, 0, 0.999297, 

626.178, 119, 0, 0.999297, 

627.178, 0, 0, 0.999453, 

627.178, 1, 0, 0.999453, 

627.178, 2, 0, 0.999453, 

627.178, 3, 0, 0.999453, 

627.178, 4, 0, 0.999453, 

627.178, 5, 0, 0.999453, 

627.178, 6, 0, 0.999453, 

627.178, 7, 0, 0.999453, 

627.178, 8, 0, 0.999453, 

627.178, 9, 0, 0.999453, 

627.178, 10, 0, 0.999453, 

627.178, 11, 0, 0.999453, 

627.178, 12, 0, 0.999453, 

627.178, 13, 0, 0.999453, 

627.178, 14, 0, 0.999453, 

627.178, 15, 0, 0.999453, 

627.178, 16, 0, 0.999453, 

627.178, 17, 0, 0.999453, 

627.178, 18, 0, 0.999453, 

627.178, 19, 0, 0.999453, 

627.178, 20, 0, 0.999453, 

627.178, 21, 0, 0.999453, 

627.178, 22, 0, 0.999453, 

627.178, 23, 0, 0.999453, 

627.178, 24, 0, 0.999453, 

627.178, 25, 0, 0.999453, 

627.178, 26, 0, 0.999453, 

627.178, 27, 0, 0.999453, 

627.178, 28, 0, 0.999453, 

627.178, 29, 0, 0.999453, 

627.178, 30, 0, 0.999453, 

627.178, 31, 0, 0.999453, 

627.178, 32, 0, 0.999453, 

627.178, 33, 0, 0.999453, 

627.178, 34, 0, 0.999453, 

627.178, 35, 0, 0.999453, 

627.178, 36, 0, 0.999453, 

627.178, 37, 0, 0.999453, 

627.178, 38, 0, 0.999453, 

627.178, 39, 0, 0.999453, 

627.178, 40, 0, 0.999453, 

627.178, 41, 0, 0.999453, 

627.178, 42, 0, 0.999453, 

627.178, 43, 0, 0.999453, 

627.178, 44, 0, 0.999453, 

627.178, 45, 0, 0.999453, 

627.178, 46, 0, 0.999453, 

627.178, 47, 0, 0.999453, 

627.178, 48, 0, 0.999453, 

627.178, 49, 0, 0.999453, 

627.178, 50, 0, 0.999453, 

627.178, 51, 0, 0.999453, 

627.178, 52, 0, 0.999453, 

627.178, 53, 0, 0.999453, 

627.178, 54, 0, 0.999453, 

627.178, 55, 0, 0.999453, 

627.178, 56, 0, 0.999453, 

627.178, 57, 0, 0.999453, 

627.178, 58, 0, 0.999453, 

627.178, 59, 0, 0.999453, 

627.178, 60, 0, 0.999453, 

627.178, 61, 0, 0.999453, 

627.178, 62, 0, 0.999453, 

627.178, 63, 0, 0.999453, 

627.178, 64, 0, 0.999453, 

627.178, 65, 0, 0.999453, 

627.178, 66, 0, 0.999453, 

627.178, 67, 0, 0.999453, 

627.178, 68, 0, 0.999453, 

627.178, 69, 0, 0.999453, 

627.178, 70, 0, 0.999453, 

627.178, 71, 0, 0.999453, 

627.178, 72, 0, 0.999453, 

627.178, 73, 0, 0.999453, 

627.178, 74, 0, 0.999453, 

627.178, 75, 0, 0.999453, 

627.178, 76, 0, 0.999453, 

627.178, 77, 0, 0.999453, 

627.178, 78, 0, 0.999453, 

627.178, 79, 0, 0.999453, 

627.178, 80, 0, 0.999453, 

627.178, 81, 0, 0.999453, 

627.178, 82, 0, 0.999453, 

627.178, 83, 0, 0.999453, 

627.178, 84, 0, 0.999453, 

627.178, 85, 0, 0.999453, 

627.178, 86, 0, 0.999453, 

627.178, 87, 0, 0.999453, 

627.178, 88, 0, 0.999453, 

627.178, 89, 0, 0.999453, 

627.178, 90, 0, 0.999453, 

627.178, 91, 0, 0.999453, 

627.178, 92, 0, 0.999453, 

627.178, 93, 0, 0.999453, 

627.178, 94, 0, 0.999453, 

627.178, 95, 0, 0.999453, 

627.178, 96, 0, 0.999453, 

627.178, 97, 0, 0.999453, 

627.178, 98, 0, 0.999453, 

627.178, 99, 0, 0.999453, 

627.178, 100, 0, 0.999453, 

627.178, 101, 0, 0.999453, 

627.178, 102, 0, 0.999453, 

627.178, 103, 0, 0.999453, 

627.178, 104, 0, 0.999453, 

627.178, 105, 0, 0.999453, 

627.178, 106, 0, 0.999453, 

627.178, 107, 0, 0.999453, 

627.178, 108, 0, 0.999453, 

627.178, 109, 0, 0.999453, 

627.178, 110, 0, 0.999453, 

627.178, 111, 0, 0.999453, 

627.178, 112, 0, 0.999453, 

627.178, 113, 0, 0.999453, 

627.178, 114, 0, 0.999453, 

627.178, 115, 0, 0.999453, 

627.178, 116, 0, 0.999453, 

627.178, 117, 0, 0.999453, 

627.178, 118, 0, 0.999453, 

627.178, 119, 0, 0.999453, 

628.178, 0, 0, 0.999577, 

628.178, 1, 0, 0.999577, 

628.178, 2, 0, 0.999577, 

628.178, 3, 0, 0.999577, 

628.178, 4, 0, 0.999577, 

628.178, 5, 0, 0.999577, 

628.178, 6, 0, 0.999577, 

628.178, 7, 0, 0.999577, 

628.178, 8, 0, 0.999577, 

628.178, 9, 0, 0.999577, 

628.178, 10, 0, 0.999577, 

628.178, 11, 0, 0.999577, 

628.178, 12, 0, 0.999577, 

628.178, 13, 0, 0.999577, 

628.178, 14, 0, 0.999577, 

628.178, 15, 0, 0.999577, 

628.178, 16, 0, 0.999577, 

628.178, 17, 0, 0.999577, 

628.178, 18, 0, 0.999577, 

628.178, 19, 0, 0.999577, 

628.178, 20, 0, 0.999577, 

628.178, 21, 0, 0.999577, 

628.178, 22, 0, 0.999577, 

628.178, 23, 0, 0.999577, 

628.178, 24, 0, 0.999577, 

628.178, 25, 0, 0.999577, 

628.178, 26, 0, 0.999577, 

628.178, 27, 0, 0.999577, 

628.178, 28, 0, 0.999577, 

628.178, 29, 0, 0.999577, 

628.178, 30, 0, 0.999577, 

628.178, 31, 0, 0.999577, 

628.178, 32, 0, 0.999577, 

628.178, 33, 0, 0.999577, 

628.178, 34, 0, 0.999577, 

628.178, 35, 0, 0.999577, 

628.178, 36, 0, 0.999577, 

628.178, 37, 0, 0.999577, 

628.178, 38, 0, 0.999577, 

628.178, 39, 0, 0.999577, 

628.178, 40, 0, 0.999577, 

628.178, 41, 0, 0.999577, 

628.178, 42, 0, 0.999577, 

628.178, 43, 0, 0.999577, 

628.178, 44, 0, 0.999577, 

628.178, 45, 0, 0.999577, 

628.178, 46, 0, 0.999577, 

628.178, 47, 0, 0.999577, 

628.178, 48, 0, 0.999577, 

628.178, 49, 0, 0.999577, 

628.178, 50, 0, 0.999577, 

628.178, 51, 0, 0.999577, 

628.178, 52, 0, 0.999577, 

628.178, 53, 0, 0.999577, 

628.178, 54, 0, 0.999577, 

628.178, 55, 0, 0.999577, 

628.178, 56, 0, 0.999577, 

628.178, 57, 0, 0.999577, 

628.178, 58, 0, 0.999577, 

628.178, 59, 0, 0.999577, 

628.178, 60, 0, 0.999577, 

628.178, 61, 0, 0.999577, 

628.178, 62, 0, 0.999577, 

628.178, 63, 0, 0.999577, 

628.178, 64, 0, 0.999577, 

628.178, 65, 0, 0.999577, 

628.178, 66, 0, 0.999577, 

628.178, 67, 0, 0.999577, 

628.178, 68, 0, 0.999577, 

628.178, 69, 0, 0.999577, 

628.178, 70, 0, 0.999577, 

628.178, 71, 0, 0.999577, 

628.178, 72, 0, 0.999577, 

628.178, 73, 0, 0.999577, 

628.178, 74, 0, 0.999577, 

628.178, 75, 0, 0.999577, 

628.178, 76, 0, 0.999577, 

628.178, 77, 0, 0.999577, 

628.178, 78, 0, 0.999577, 

628.178, 79, 0, 0.999577, 

628.178, 80, 0, 0.999577, 

628.178, 81, 0, 0.999577, 

628.178, 82, 0, 0.999577, 

628.178, 83, 0, 0.999577, 

628.178, 84, 0, 0.999577, 

628.178, 85, 0, 0.999577, 

628.178, 86, 0, 0.999577, 

628.178, 87, 0, 0.999577, 

628.178, 88, 0, 0.999577, 

628.178, 89, 0, 0.999577, 

628.178, 90, 0, 0.999577, 

628.178, 91, 0, 0.999577, 

628.178, 92, 0, 0.999577, 

628.178, 93, 0, 0.999577, 

628.178, 94, 0, 0.999577, 

628.178, 95, 0, 0.999577, 

628.178, 96, 0, 0.999577, 

628.178, 97, 0, 0.999577, 

628.178, 98, 0, 0.999577, 

628.178, 99, 0, 0.999577, 

628.178, 100, 0, 0.999577, 

628.178, 101, 0, 0.999577, 

628.178, 102, 0, 0.999577, 

628.178, 103, 0, 0.999577, 

628.178, 104, 0, 0.999577, 

628.178, 105, 0, 0.999577, 

628.178, 106, 0, 0.999577, 

628.178, 107, 0, 0.999577, 

628.178, 108, 0, 0.999577, 

628.178, 109, 0, 0.999577, 

628.178, 110, 0, 0.999577, 

628.178, 111, 0, 0.999577, 

628.178, 112, 0, 0.999577, 

628.178, 113, 0, 0.999577, 

628.178, 114, 0, 0.999577, 

628.178, 115, 0, 0.999577, 

628.178, 116, 0, 0.999577, 

628.178, 117, 0, 0.999577, 

628.178, 118, 0, 0.999577, 

628.178, 119, 0, 0.999577, 

629.178, 0, 0, 0.999674, 

629.178, 1, 0, 0.999674, 

629.178, 2, 0, 0.999674, 

629.178, 3, 0, 0.999674, 

629.178, 4, 0, 0.999674, 

629.178, 5, 0, 0.999674, 

629.178, 6, 0, 0.999674, 

629.178, 7, 0, 0.999674, 

629.178, 8, 0, 0.999674, 

629.178, 9, 0, 0.999674, 

629.178, 10, 0, 0.999674, 

629.178, 11, 0, 0.999674, 

629.178, 12, 0, 0.999674, 

629.178, 13, 0, 0.999674, 

629.178, 14, 0, 0.999674, 

629.178, 15, 0, 0.999674, 

629.178, 16, 0, 0.999674, 

629.178, 17, 0, 0.999674, 

629.178, 18, 0, 0.999674, 

629.178, 19, 0, 0.999674, 

629.178, 20, 0, 0.999674, 

629.178, 21, 0, 0.999674, 

629.178, 22, 0, 0.999674, 

629.178, 23, 0, 0.999674, 

629.178, 24, 0, 0.999674, 

629.178, 25, 0, 0.999674, 

629.178, 26, 0, 0.999674, 

629.178, 27, 0, 0.999674, 

629.178, 28, 0, 0.999674, 

629.178, 29, 0, 0.999674, 

629.178, 30, 0, 0.999674, 

629.178, 31, 0, 0.999674, 

629.178, 32, 0, 0.999674, 

629.178, 33, 0, 0.999674, 

629.178, 34, 0, 0.999674, 

629.178, 35, 0, 0.999674, 

629.178, 36, 0, 0.999674, 

629.178, 37, 0, 0.999674, 

629.178, 38, 0, 0.999674, 

629.178, 39, 0, 0.999674, 

629.178, 40, 0, 0.999674, 

629.178, 41, 0, 0.999674, 

629.178, 42, 0, 0.999674, 

629.178, 43, 0, 0.999674, 

629.178, 44, 0, 0.999674, 

629.178, 45, 0, 0.999674, 

629.178, 46, 0, 0.999674, 

629.178, 47, 0, 0.999674, 

629.178, 48, 0, 0.999674, 

629.178, 49, 0, 0.999674, 

629.178, 50, 0, 0.999674, 

629.178, 51, 0, 0.999674, 

629.178, 52, 0, 0.999674, 

629.178, 53, 0, 0.999674, 

629.178, 54, 0, 0.999674, 

629.178, 55, 0, 0.999674, 

629.178, 56, 0, 0.999674, 

629.178, 57, 0, 0.999674, 

629.178, 58, 0, 0.999674, 

629.178, 59, 0, 0.999674, 

629.178, 60, 0, 0.999674, 

629.178, 61, 0, 0.999674, 

629.178, 62, 0, 0.999674, 

629.178, 63, 0, 0.999674, 

629.178, 64, 0, 0.999674, 

629.178, 65, 0, 0.999674, 

629.178, 66, 0, 0.999674, 

629.178, 67, 0, 0.999674, 

629.178, 68, 0, 0.999674, 

629.178, 69, 0, 0.999674, 

629.178, 70, 0, 0.999674, 

629.178, 71, 0, 0.999674, 

629.178, 72, 0, 0.999674, 

629.178, 73, 0, 0.999674, 

629.178, 74, 0, 0.999674, 

629.178, 75, 0, 0.999674, 

629.178, 76, 0, 0.999674, 

629.178, 77, 0, 0.999674, 

629.178, 78, 0, 0.999674, 

629.178, 79, 0, 0.999674, 

629.178, 80, 0, 0.999674, 

629.178, 81, 0, 0.999674, 

629.178, 82, 0, 0.999674, 

629.178, 83, 0, 0.999674, 

629.178, 84, 0, 0.999674, 

629.178, 85, 0, 0.999674, 

629.178, 86, 0, 0.999674, 

629.178, 87, 0, 0.999674, 

629.178, 88, 0, 0.999674, 

629.178, 89, 0, 0.999674, 

629.178, 90, 0, 0.999674, 

629.178, 91, 0, 0.999674, 

629.178, 92, 0, 0.999674, 

629.178, 93, 0, 0.999674, 

629.178, 94, 0, 0.999674, 

629.178, 95, 0, 0.999674, 

629.178, 96, 0, 0.999674, 

629.178, 97, 0, 0.999674, 

629.178, 98, 0, 0.999674, 

629.178, 99, 0, 0.999674, 

629.178, 100, 0, 0.999674, 

629.178, 101, 0, 0.999674, 

629.178, 102, 0, 0.999674, 

629.178, 103, 0, 0.999674, 

629.178, 104, 0, 0.999674, 

629.178, 105, 0, 0.999674, 

629.178, 106, 0, 0.999674, 

629.178, 107, 0, 0.999674, 

629.178, 108, 0, 0.999674, 

629.178, 109, 0, 0.999674, 

629.178, 110, 0, 0.999674, 

629.178, 111, 0, 0.999674, 

629.178, 112, 0, 0.999674, 

629.178, 113, 0, 0.999674, 

629.178, 114, 0, 0.999674, 

629.178, 115, 0, 0.999674, 

629.178, 116, 0, 0.999674, 

629.178, 117, 0, 0.999674, 

629.178, 118, 0, 0.999674, 

629.178, 119, 0, 0.999674, 

630.178, 0, 0, 0.99975, 

630.178, 1, 0, 0.99975, 

630.178, 2, 0, 0.99975, 

630.178, 3, 0, 0.99975, 

630.178, 4, 0, 0.99975, 

630.178, 5, 0, 0.99975, 

630.178, 6, 0, 0.99975, 

630.178, 7, 0, 0.99975, 

630.178, 8, 0, 0.99975, 

630.178, 9, 0, 0.99975, 

630.178, 10, 0, 0.99975, 

630.178, 11, 0, 0.99975, 

630.178, 12, 0, 0.99975, 

630.178, 13, 0, 0.99975, 

630.178, 14, 0, 0.99975, 

630.178, 15, 0, 0.99975, 

630.178, 16, 0, 0.99975, 

630.178, 17, 0, 0.99975, 

630.178, 18, 0, 0.99975, 

630.178, 19, 0, 0.99975, 

630.178, 20, 0, 0.99975, 

630.178, 21, 0, 0.99975, 

630.178, 22, 0, 0.99975, 

630.178, 23, 0, 0.99975, 

630.178, 24, 0, 0.99975, 

630.178, 25, 0, 0.99975, 

630.178, 26, 0, 0.99975, 

630.178, 27, 0, 0.99975, 

630.178, 28, 0, 0.99975, 

630.178, 29, 0, 0.99975, 

630.178, 30, 0, 0.99975, 

630.178, 31, 0, 0.99975, 

630.178, 32, 0, 0.99975, 

630.178, 33, 0, 0.99975, 

630.178, 34, 0, 0.99975, 

630.178, 35, 0, 0.99975, 

630.178, 36, 0, 0.99975, 

630.178, 37, 0, 0.99975, 

630.178, 38, 0, 0.99975, 

630.178, 39, 0, 0.99975, 

630.178, 40, 0, 0.99975, 

630.178, 41, 0, 0.99975, 

630.178, 42, 0, 0.99975, 

630.178, 43, 0, 0.99975, 

630.178, 44, 0, 0.99975, 

630.178, 45, 0, 0.99975, 

630.178, 46, 0, 0.99975, 

630.178, 47, 0, 0.99975, 

630.178, 48, 0, 0.99975, 

630.178, 49, 0, 0.99975, 

630.178, 50, 0, 0.99975, 

630.178, 51, 0, 0.99975, 

630.178, 52, 0, 0.99975, 

630.178, 53, 0, 0.99975, 

630.178, 54, 0, 0.99975, 

630.178, 55, 0, 0.99975, 

630.178, 56, 0, 0.99975, 

630.178, 57, 0, 0.99975, 

630.178, 58, 0, 0.99975, 

630.178, 59, 0, 0.99975, 

630.178, 60, 0, 0.99975, 

630.178, 61, 0, 0.99975, 

630.178, 62, 0, 0.99975, 

630.178, 63, 0, 0.99975, 

630.178, 64, 0, 0.99975, 

630.178, 65, 0, 0.99975, 

630.178, 66, 0, 0.99975, 

630.178, 67, 0, 0.99975, 

630.178, 68, 0, 0.99975, 

630.178, 69, 0, 0.99975, 

630.178, 70, 0, 0.99975, 

630.178, 71, 0, 0.99975, 

630.178, 72, 0, 0.99975, 

630.178, 73, 0, 0.99975, 

630.178, 74, 0, 0.99975, 

630.178, 75, 0, 0.99975, 

630.178, 76, 0, 0.99975, 

630.178, 77, 0, 0.99975, 

630.178, 78, 0, 0.99975, 

630.178, 79, 0, 0.99975, 

630.178, 80, 0, 0.99975, 

630.178, 81, 0, 0.99975, 

630.178, 82, 0, 0.99975, 

630.178, 83, 0, 0.99975, 

630.178, 84, 0, 0.99975, 

630.178, 85, 0, 0.99975, 

630.178, 86, 0, 0.99975, 

630.178, 87, 0, 0.99975, 

630.178, 88, 0, 0.99975, 

630.178, 89, 0, 0.99975, 

630.178, 90, 0, 0.99975, 

630.178, 91, 0, 0.99975, 

630.178, 92, 0, 0.99975, 

630.178, 93, 0, 0.99975, 

630.178, 94, 0, 0.99975, 

630.178, 95, 0, 0.99975, 

630.178, 96, 0, 0.99975, 

630.178, 97, 0, 0.99975, 

630.178, 98, 0, 0.99975, 

630.178, 99, 0, 0.99975, 

630.178, 100, 0, 0.99975, 

630.178, 101, 0, 0.99975, 

630.178, 102, 0, 0.99975, 

630.178, 103, 0, 0.99975, 

630.178, 104, 0, 0.99975, 

630.178, 105, 0, 0.99975, 

630.178, 106, 0, 0.99975, 

630.178, 107, 0, 0.99975, 

630.178, 108, 0, 0.99975, 

630.178, 109, 0, 0.99975, 

630.178, 110, 0, 0.99975, 

630.178, 111, 0, 0.99975, 

630.178, 112, 0, 0.99975, 

630.178, 113, 0, 0.99975, 

630.178, 114, 0, 0.99975, 

630.178, 115, 0, 0.99975, 

630.178, 116, 0, 0.99975, 

630.178, 117, 0, 0.99975, 

630.178, 118, 0, 0.99975, 

630.178, 119, 0, 0.99975, 

631.178, 0, 0, 0.999809, 

631.178, 1, 0, 0.999809, 

631.178, 2, 0, 0.999809, 

631.178, 3, 0, 0.999809, 

631.178, 4, 0, 0.999809, 

631.178, 5, 0, 0.999809, 

631.178, 6, 0, 0.999809, 

631.178, 7, 0, 0.999809, 

631.178, 8, 0, 0.999809, 

631.178, 9, 0, 0.999809, 

631.178, 10, 0, 0.999809, 

631.178, 11, 0, 0.999809, 

631.178, 12, 0, 0.999809, 

631.178, 13, 0, 0.999809, 

631.178, 14, 0, 0.999809, 

631.178, 15, 0, 0.999809, 

631.178, 16, 0, 0.999809, 

631.178, 17, 0, 0.999809, 

631.178, 18, 0, 0.999809, 

631.178, 19, 0, 0.999809, 

631.178, 20, 0, 0.999809, 

631.178, 21, 0, 0.999809, 

631.178, 22, 0, 0.999809, 

631.178, 23, 0, 0.999809, 

631.178, 24, 0, 0.999809, 

631.178, 25, 0, 0.999809, 

631.178, 26, 0, 0.999809, 

631.178, 27, 0, 0.999809, 

631.178, 28, 0, 0.999809, 

631.178, 29, 0, 0.999809, 

631.178, 30, 0, 0.999809, 

631.178, 31, 0, 0.999809, 

631.178, 32, 0, 0.999809, 

631.178, 33, 0, 0.999809, 

631.178, 34, 0, 0.999809, 

631.178, 35, 0, 0.999809, 

631.178, 36, 0, 0.999809, 

631.178, 37, 0, 0.999809, 

631.178, 38, 0, 0.999809, 

631.178, 39, 0, 0.999809, 

631.178, 40, 0, 0.999809, 

631.178, 41, 0, 0.999809, 

631.178, 42, 0, 0.999809, 

631.178, 43, 0, 0.999809, 

631.178, 44, 0, 0.999809, 

631.178, 45, 0, 0.999809, 

631.178, 46, 0, 0.999809, 

631.178, 47, 0, 0.999809, 

631.178, 48, 0, 0.999809, 

631.178, 49, 0, 0.999809, 

631.178, 50, 0, 0.999809, 

631.178, 51, 0, 0.999809, 

631.178, 52, 0, 0.999809, 

631.178, 53, 0, 0.999809, 

631.178, 54, 0, 0.999809, 

631.178, 55, 0, 0.999809, 

631.178, 56, 0, 0.999809, 

631.178, 57, 0, 0.999809, 

631.178, 58, 0, 0.999809, 

631.178, 59, 0, 0.999809, 

631.178, 60, 0, 0.999809, 

631.178, 61, 0, 0.999809, 

631.178, 62, 0, 0.999809, 

631.178, 63, 0, 0.999809, 

631.178, 64, 0, 0.999809, 

631.178, 65, 0, 0.999809, 

631.178, 66, 0, 0.999809, 

631.178, 67, 0, 0.999809, 

631.178, 68, 0, 0.999809, 

631.178, 69, 0, 0.999809, 

631.178, 70, 0, 0.999809, 

631.178, 71, 0, 0.999809, 

631.178, 72, 0, 0.999809, 

631.178, 73, 0, 0.999809, 

631.178, 74, 0, 0.999809, 

631.178, 75, 0, 0.999809, 

631.178, 76, 0, 0.999809, 

631.178, 77, 0, 0.999809, 

631.178, 78, 0, 0.999809, 

631.178, 79, 0, 0.999809, 

631.178, 80, 0, 0.999809, 

631.178, 81, 0, 0.999809, 

631.178, 82, 0, 0.999809, 

631.178, 83, 0, 0.999809, 

631.178, 84, 0, 0.999809, 

631.178, 85, 0, 0.999809, 

631.178, 86, 0, 0.999809, 

631.178, 87, 0, 0.999809, 

631.178, 88, 0, 0.999809, 

631.178, 89, 0, 0.999809, 

631.178, 90, 0, 0.999809, 

631.178, 91, 0, 0.999809, 

631.178, 92, 0, 0.999809, 

631.178, 93, 0, 0.999809, 

631.178, 94, 0, 0.999809, 

631.178, 95, 0, 0.999809, 

631.178, 96, 0, 0.999809, 

631.178, 97, 0, 0.999809, 

631.178, 98, 0, 0.999809, 

631.178, 99, 0, 0.999809, 

631.178, 100, 0, 0.999809, 

631.178, 101, 0, 0.999809, 

631.178, 102, 0, 0.999809, 

631.178, 103, 0, 0.999809, 

631.178, 104, 0, 0.999809, 

631.178, 105, 0, 0.999809, 

631.178, 106, 0, 0.999809, 

631.178, 107, 0, 0.999809, 

631.178, 108, 0, 0.999809, 

631.178, 109, 0, 0.999809, 

631.178, 110, 0, 0.999809, 

631.178, 111, 0, 0.999809, 

631.178, 112, 0, 0.999809, 

631.178, 113, 0, 0.999809, 

631.178, 114, 0, 0.999809, 

631.178, 115, 0, 0.999809, 

631.178, 116, 0, 0.999809, 

631.178, 117, 0, 0.999809, 

631.178, 118, 0, 0.999809, 

631.178, 119, 0, 0.999809, 

632.178, 0, 0, 0.999855, 

632.178, 1, 0, 0.999855, 

632.178, 2, 0, 0.999855, 

632.178, 3, 0, 0.999855, 

632.178, 4, 0, 0.999855, 

632.178, 5, 0, 0.999855, 

632.178, 6, 0, 0.999855, 

632.178, 7, 0, 0.999855, 

632.178, 8, 0, 0.999855, 

632.178, 9, 0, 0.999855, 

632.178, 10, 0, 0.999855, 

632.178, 11, 0, 0.999855, 

632.178, 12, 0, 0.999855, 

632.178, 13, 0, 0.999855, 

632.178, 14, 0, 0.999855, 

632.178, 15, 0, 0.999855, 

632.178, 16, 0, 0.999855, 

632.178, 17, 0, 0.999855, 

632.178, 18, 0, 0.999855, 

632.178, 19, 0, 0.999855, 

632.178, 20, 0, 0.999855, 

632.178, 21, 0, 0.999855, 

632.178, 22, 0, 0.999855, 

632.178, 23, 0, 0.999855, 

632.178, 24, 0, 0.999855, 

632.178, 25, 0, 0.999855, 

632.178, 26, 0, 0.999855, 

632.178, 27, 0, 0.999855, 

632.178, 28, 0, 0.999855, 

632.178, 29, 0, 0.999855, 

632.178, 30, 0, 0.999855, 

632.178, 31, 0, 0.999855, 

632.178, 32, 0, 0.999855, 

632.178, 33, 0, 0.999855, 

632.178, 34, 0, 0.999855, 

632.178, 35, 0, 0.999855, 

632.178, 36, 0, 0.999855, 

632.178, 37, 0, 0.999855, 

632.178, 38, 0, 0.999855, 

632.178, 39, 0, 0.999855, 

632.178, 40, 0, 0.999855, 

632.178, 41, 0, 0.999855, 

632.178, 42, 0, 0.999855, 

632.178, 43, 0, 0.999855, 

632.178, 44, 0, 0.999855, 

632.178, 45, 0, 0.999855, 

632.178, 46, 0, 0.999855, 

632.178, 47, 0, 0.999855, 

632.178, 48, 0, 0.999855, 

632.178, 49, 0, 0.999855, 

632.178, 50, 0, 0.999855, 

632.178, 51, 0, 0.999855, 

632.178, 52, 0, 0.999855, 

632.178, 53, 0, 0.999855, 

632.178, 54, 0, 0.999855, 

632.178, 55, 0, 0.999855, 

632.178, 56, 0, 0.999855, 

632.178, 57, 0, 0.999855, 

632.178, 58, 0, 0.999855, 

632.178, 59, 0, 0.999855, 

632.178, 60, 0, 0.999855, 

632.178, 61, 0, 0.999855, 

632.178, 62, 0, 0.999855, 

632.178, 63, 0, 0.999855, 

632.178, 64, 0, 0.999855, 

632.178, 65, 0, 0.999855, 

632.178, 66, 0, 0.999855, 

632.178, 67, 0, 0.999855, 

632.178, 68, 0, 0.999855, 

632.178, 69, 0, 0.999855, 

632.178, 70, 0, 0.999855, 

632.178, 71, 0, 0.999855, 

632.178, 72, 0, 0.999855, 

632.178, 73, 0, 0.999855, 

632.178, 74, 0, 0.999855, 

632.178, 75, 0, 0.999855, 

632.178, 76, 0, 0.999855, 

632.178, 77, 0, 0.999855, 

632.178, 78, 0, 0.999855, 

632.178, 79, 0, 0.999855, 

632.178, 80, 0, 0.999855, 

632.178, 81, 0, 0.999855, 

632.178, 82, 0, 0.999855, 

632.178, 83, 0, 0.999855, 

632.178, 84, 0, 0.999855, 

632.178, 85, 0, 0.999855, 

632.178, 86, 0, 0.999855, 

632.178, 87, 0, 0.999855, 

632.178, 88, 0, 0.999855, 

632.178, 89, 0, 0.999855, 

632.178, 90, 0, 0.999855, 

632.178, 91, 0, 0.999855, 

632.178, 92, 0, 0.999855, 

632.178, 93, 0, 0.999855, 

632.178, 94, 0, 0.999855, 

632.178, 95, 0, 0.999855, 

632.178, 96, 0, 0.999855, 

632.178, 97, 0, 0.999855, 

632.178, 98, 0, 0.999855, 

632.178, 99, 0, 0.999855, 

632.178, 100, 0, 0.999855, 

632.178, 101, 0, 0.999855, 

632.178, 102, 0, 0.999855, 

632.178, 103, 0, 0.999855, 

632.178, 104, 0, 0.999855, 

632.178, 105, 0, 0.999855, 

632.178, 106, 0, 0.999855, 

632.178, 107, 0, 0.999855, 

632.178, 108, 0, 0.999855, 

632.178, 109, 0, 0.999855, 

632.178, 110, 0, 0.999855, 

632.178, 111, 0, 0.999855, 

632.178, 112, 0, 0.999855, 

632.178, 113, 0, 0.999855, 

632.178, 114, 0, 0.999855, 

632.178, 115, 0, 0.999855, 

632.178, 116, 0, 0.999855, 

632.178, 117, 0, 0.999855, 

632.178, 118, 0, 0.999855, 

632.178, 119, 0, 0.999855, 

633.178, 0, 0, 0.99989, 

633.178, 1, 0, 0.99989, 

633.178, 2, 0, 0.99989, 

633.178, 3, 0, 0.99989, 

633.178, 4, 0, 0.99989, 

633.178, 5, 0, 0.99989, 

633.178, 6, 0, 0.99989, 

633.178, 7, 0, 0.99989, 

633.178, 8, 0, 0.99989, 

633.178, 9, 0, 0.99989, 

633.178, 10, 0, 0.99989, 

633.178, 11, 0, 0.99989, 

633.178, 12, 0, 0.99989, 

633.178, 13, 0, 0.99989, 

633.178, 14, 0, 0.99989, 

633.178, 15, 0, 0.99989, 

633.178, 16, 0, 0.99989, 

633.178, 17, 0, 0.99989, 

633.178, 18, 0, 0.99989, 

633.178, 19, 0, 0.99989, 

633.178, 20, 0, 0.99989, 

633.178, 21, 0, 0.99989, 

633.178, 22, 0, 0.99989, 

633.178, 23, 0, 0.99989, 

633.178, 24, 0, 0.99989, 

633.178, 25, 0, 0.99989, 

633.178, 26, 0, 0.99989, 

633.178, 27, 0, 0.99989, 

633.178, 28, 0, 0.99989, 

633.178, 29, 0, 0.99989, 

633.178, 30, 0, 0.99989, 

633.178, 31, 0, 0.99989, 

633.178, 32, 0, 0.99989, 

633.178, 33, 0, 0.99989, 

633.178, 34, 0, 0.99989, 

633.178, 35, 0, 0.99989, 

633.178, 36, 0, 0.99989, 

633.178, 37, 0, 0.99989, 

633.178, 38, 0, 0.99989, 

633.178, 39, 0, 0.99989, 

633.178, 40, 0, 0.99989, 

633.178, 41, 0, 0.99989, 

633.178, 42, 0, 0.99989, 

633.178, 43, 0, 0.99989, 

633.178, 44, 0, 0.99989, 

633.178, 45, 0, 0.99989, 

633.178, 46, 0, 0.99989, 

633.178, 47, 0, 0.99989, 

633.178, 48, 0, 0.99989, 

633.178, 49, 0, 0.99989, 

633.178, 50, 0, 0.99989, 

633.178, 51, 0, 0.99989, 

633.178, 52, 0, 0.99989, 

633.178, 53, 0, 0.99989, 

633.178, 54, 0, 0.99989, 

633.178, 55, 0, 0.99989, 

633.178, 56, 0, 0.99989, 

633.178, 57, 0, 0.99989, 

633.178, 58, 0, 0.99989, 

633.178, 59, 0, 0.99989, 

633.178, 60, 0, 0.99989, 

633.178, 61, 0, 0.99989, 

633.178, 62, 0, 0.99989, 

633.178, 63, 0, 0.99989, 

633.178, 64, 0, 0.99989, 

633.178, 65, 0, 0.99989, 

633.178, 66, 0, 0.99989, 

633.178, 67, 0, 0.99989, 

633.178, 68, 0, 0.99989, 

633.178, 69, 0, 0.99989, 

633.178, 70, 0, 0.99989, 

633.178, 71, 0, 0.99989, 

633.178, 72, 0, 0.99989, 

633.178, 73, 0, 0.99989, 

633.178, 74, 0, 0.99989, 

633.178, 75, 0, 0.99989, 

633.178, 76, 0, 0.99989, 

633.178, 77, 0, 0.99989, 

633.178, 78, 0, 0.99989, 

633.178, 79, 0, 0.99989, 

633.178, 80, 0, 0.99989, 

633.178, 81, 0, 0.99989, 

633.178, 82, 0, 0.99989, 

633.178, 83, 0, 0.99989, 

633.178, 84, 0, 0.99989, 

633.178, 85, 0, 0.99989, 

633.178, 86, 0, 0.99989, 

633.178, 87, 0, 0.99989, 

633.178, 88, 0, 0.99989, 

633.178, 89, 0, 0.99989, 

633.178, 90, 0, 0.99989, 

633.178, 91, 0, 0.99989, 

633.178, 92, 0, 0.99989, 

633.178, 93, 0, 0.99989, 

633.178, 94, 0, 0.99989, 

633.178, 95, 0, 0.99989, 

633.178, 96, 0, 0.99989, 

633.178, 97, 0, 0.99989, 

633.178, 98, 0, 0.99989, 

633.178, 99, 0, 0.99989, 

633.178, 100, 0, 0.99989, 

633.178, 101, 0, 0.99989, 

633.178, 102, 0, 0.99989, 

633.178, 103, 0, 0.99989, 

633.178, 104, 0, 0.99989, 

633.178, 105, 0, 0.99989, 

633.178, 106, 0, 0.99989, 

633.178, 107, 0, 0.99989, 

633.178, 108, 0, 0.99989, 

633.178, 109, 0, 0.99989, 

633.178, 110, 0, 0.99989, 

633.178, 111, 0, 0.99989, 

633.178, 112, 0, 0.99989, 

633.178, 113, 0, 0.99989, 

633.178, 114, 0, 0.99989, 

633.178, 115, 0, 0.99989, 

633.178, 116, 0, 0.99989, 

633.178, 117, 0, 0.99989, 

633.178, 118, 0, 0.99989, 

633.178, 119, 0, 0.99989, 

634.178, 0, 0, 0.999917, 

634.178, 1, 0, 0.999917, 

634.178, 2, 0, 0.999917, 

634.178, 3, 0, 0.999917, 

634.178, 4, 0, 0.999917, 

634.178, 5, 0, 0.999917, 

634.178, 6, 0, 0.999917, 

634.178, 7, 0, 0.999917, 

634.178, 8, 0, 0.999917, 

634.178, 9, 0, 0.999917, 

634.178, 10, 0, 0.999917, 

634.178, 11, 0, 0.999917, 

634.178, 12, 0, 0.999917, 

634.178, 13, 0, 0.999917, 

634.178, 14, 0, 0.999917, 

634.178, 15, 0, 0.999917, 

634.178, 16, 0, 0.999917, 

634.178, 17, 0, 0.999917, 

634.178, 18, 0, 0.999917, 

634.178, 19, 0, 0.999917, 

634.178, 20, 0, 0.999917, 

634.178, 21, 0, 0.999917, 

634.178, 22, 0, 0.999917, 

634.178, 23, 0, 0.999917, 

634.178, 24, 0, 0.999917, 

634.178, 25, 0, 0.999917, 

634.178, 26, 0, 0.999917, 

634.178, 27, 0, 0.999917, 

634.178, 28, 0, 0.999917, 

634.178, 29, 0, 0.999917, 

634.178, 30, 0, 0.999917, 

634.178, 31, 0, 0.999917, 

634.178, 32, 0, 0.999917, 

634.178, 33, 0, 0.999917, 

634.178, 34, 0, 0.999917, 

634.178, 35, 0, 0.999917, 

634.178, 36, 0, 0.999917, 

634.178, 37, 0, 0.999917, 

634.178, 38, 0, 0.999917, 

634.178, 39, 0, 0.999917, 

634.178, 40, 0, 0.999917, 

634.178, 41, 0, 0.999917, 

634.178, 42, 0, 0.999917, 

634.178, 43, 0, 0.999917, 

634.178, 44, 0, 0.999917, 

634.178, 45, 0, 0.999917, 

634.178, 46, 0, 0.999917, 

634.178, 47, 0, 0.999917, 

634.178, 48, 0, 0.999917, 

634.178, 49, 0, 0.999917, 

634.178, 50, 0, 0.999917, 

634.178, 51, 0, 0.999917, 

634.178, 52, 0, 0.999917, 

634.178, 53, 0, 0.999917, 

634.178, 54, 0, 0.999917, 

634.178, 55, 0, 0.999917, 

634.178, 56, 0, 0.999917, 

634.178, 57, 0, 0.999917, 

634.178, 58, 0, 0.999917, 

634.178, 59, 0, 0.999917, 

634.178, 60, 0, 0.999917, 

634.178, 61, 0, 0.999917, 

634.178, 62, 0, 0.999917, 

634.178, 63, 0, 0.999917, 

634.178, 64, 0, 0.999917, 

634.178, 65, 0, 0.999917, 

634.178, 66, 0, 0.999917, 

634.178, 67, 0, 0.999917, 

634.178, 68, 0, 0.999917, 

634.178, 69, 0, 0.999917, 

634.178, 70, 0, 0.999917, 

634.178, 71, 0, 0.999917, 

634.178, 72, 0, 0.999917, 

634.178, 73, 0, 0.999917, 

634.178, 74, 0, 0.999917, 

634.178, 75, 0, 0.999917, 

634.178, 76, 0, 0.999917, 

634.178, 77, 0, 0.999917, 

634.178, 78, 0, 0.999917, 

634.178, 79, 0, 0.999917, 

634.178, 80, 0, 0.999917, 

634.178, 81, 0, 0.999917, 

634.178, 82, 0, 0.999917, 

634.178, 83, 0, 0.999917, 

634.178, 84, 0, 0.999917, 

634.178, 85, 0, 0.999917, 

634.178, 86, 0, 0.999917, 

634.178, 87, 0, 0.999917, 

634.178, 88, 0, 0.999917, 

634.178, 89, 0, 0.999917, 

634.178, 90, 0, 0.999917, 

634.178, 91, 0, 0.999917, 

634.178, 92, 0, 0.999917, 

634.178, 93, 0, 0.999917, 

634.178, 94, 0, 0.999917, 

634.178, 95, 0, 0.999917, 

634.178, 96, 0, 0.999917, 

634.178, 97, 0, 0.999917, 

634.178, 98, 0, 0.999917, 

634.178, 99, 0, 0.999917, 

634.178, 100, 0, 0.999917, 

634.178, 101, 0, 0.999917, 

634.178, 102, 0, 0.999917, 

634.178, 103, 0, 0.999917, 

634.178, 104, 0, 0.999917, 

634.178, 105, 0, 0.999917, 

634.178, 106, 0, 0.999917, 

634.178, 107, 0, 0.999917, 

634.178, 108, 0, 0.999917, 

634.178, 109, 0, 0.999917, 

634.178, 110, 0, 0.999917, 

634.178, 111, 0, 0.999917, 

634.178, 112, 0, 0.999917, 

634.178, 113, 0, 0.999917, 

634.178, 114, 0, 0.999917, 

634.178, 115, 0, 0.999917, 

634.178, 116, 0, 0.999917, 

634.178, 117, 0, 0.999917, 

634.178, 118, 0, 0.999917, 

634.178, 119, 0, 0.999917, 

635.178, 0, 0, 0.999938, 

635.178, 1, 0, 0.999938, 

635.178, 2, 0, 0.999938, 

635.178, 3, 0, 0.999938, 

635.178, 4, 0, 0.999938, 

635.178, 5, 0, 0.999938, 

635.178, 6, 0, 0.999938, 

635.178, 7, 0, 0.999938, 

635.178, 8, 0, 0.999938, 

635.178, 9, 0, 0.999938, 

635.178, 10, 0, 0.999938, 

635.178, 11, 0, 0.999938, 

635.178, 12, 0, 0.999938, 

635.178, 13, 0, 0.999938, 

635.178, 14, 0, 0.999938, 

635.178, 15, 0, 0.999938, 

635.178, 16, 0, 0.999938, 

635.178, 17, 0, 0.999938, 

635.178, 18, 0, 0.999938, 

635.178, 19, 0, 0.999938, 

635.178, 20, 0, 0.999938, 

635.178, 21, 0, 0.999938, 

635.178, 22, 0, 0.999938, 

635.178, 23, 0, 0.999938, 

635.178, 24, 0, 0.999938, 

635.178, 25, 0, 0.999938, 

635.178, 26, 0, 0.999938, 

635.178, 27, 0, 0.999938, 

635.178, 28, 0, 0.999938, 

635.178, 29, 0, 0.999938, 

635.178, 30, 0, 0.999938, 

635.178, 31, 0, 0.999938, 

635.178, 32, 0, 0.999938, 

635.178, 33, 0, 0.999938, 

635.178, 34, 0, 0.999938, 

635.178, 35, 0, 0.999938, 

635.178, 36, 0, 0.999938, 

635.178, 37, 0, 0.999938, 

635.178, 38, 0, 0.999938, 

635.178, 39, 0, 0.999938, 

635.178, 40, 0, 0.999938, 

635.178, 41, 0, 0.999938, 

635.178, 42, 0, 0.999938, 

635.178, 43, 0, 0.999938, 

635.178, 44, 0, 0.999938, 

635.178, 45, 0, 0.999938, 

635.178, 46, 0, 0.999938, 

635.178, 47, 0, 0.999938, 

635.178, 48, 0, 0.999938, 

635.178, 49, 0, 0.999938, 

635.178, 50, 0, 0.999938, 

635.178, 51, 0, 0.999938, 

635.178, 52, 0, 0.999938, 

635.178, 53, 0, 0.999938, 

635.178, 54, 0, 0.999938, 

635.178, 55, 0, 0.999938, 

635.178, 56, 0, 0.999938, 

635.178, 57, 0, 0.999938, 

635.178, 58, 0, 0.999938, 

635.178, 59, 0, 0.999938, 

635.178, 60, 0, 0.999938, 

635.178, 61, 0, 0.999938, 

635.178, 62, 0, 0.999938, 

635.178, 63, 0, 0.999938, 

635.178, 64, 0, 0.999938, 

635.178, 65, 0, 0.999938, 

635.178, 66, 0, 0.999938, 

635.178, 67, 0, 0.999938, 

635.178, 68, 0, 0.999938, 

635.178, 69, 0, 0.999938, 

635.178, 70, 0, 0.999938, 

635.178, 71, 0, 0.999938, 

635.178, 72, 0, 0.999938, 

635.178, 73, 0, 0.999938, 

635.178, 74, 0, 0.999938, 

635.178, 75, 0, 0.999938, 

635.178, 76, 0, 0.999938, 

635.178, 77, 0, 0.999938, 

635.178, 78, 0, 0.999938, 

635.178, 79, 0, 0.999938, 

635.178, 80, 0, 0.999938, 

635.178, 81, 0, 0.999938, 

635.178, 82, 0, 0.999938, 

635.178, 83, 0, 0.999938, 

635.178, 84, 0, 0.999938, 

635.178, 85, 0, 0.999938, 

635.178, 86, 0, 0.999938, 

635.178, 87, 0, 0.999938, 

635.178, 88, 0, 0.999938, 

635.178, 89, 0, 0.999938, 

635.178, 90, 0, 0.999938, 

635.178, 91, 0, 0.999938, 

635.178, 92, 0, 0.999938, 

635.178, 93, 0, 0.999938, 

635.178, 94, 0, 0.999938, 

635.178, 95, 0, 0.999938, 

635.178, 96, 0, 0.999938, 

635.178, 97, 0, 0.999938, 

635.178, 98, 0, 0.999938, 

635.178, 99, 0, 0.999938, 

635.178, 100, 0, 0.999938, 

635.178, 101, 0, 0.999938, 

635.178, 102, 0, 0.999938, 

635.178, 103, 0, 0.999938, 

635.178, 104, 0, 0.999938, 

635.178, 105, 0, 0.999938, 

635.178, 106, 0, 0.999938, 

635.178, 107, 0, 0.999938, 

635.178, 108, 0, 0.999938, 

635.178, 109, 0, 0.999938, 

635.178, 110, 0, 0.999938, 

635.178, 111, 0, 0.999938, 

635.178, 112, 0, 0.999938, 

635.178, 113, 0, 0.999938, 

635.178, 114, 0, 0.999938, 

635.178, 115, 0, 0.999938, 

635.178, 116, 0, 0.999938, 

635.178, 117, 0, 0.999938, 

635.178, 118, 0, 0.999938, 

635.178, 119, 0, 0.999938, 

636.178, 0, 0, 0.999954, 

636.178, 1, 0, 0.999954, 

636.178, 2, 0, 0.999954, 

636.178, 3, 0, 0.999954, 

636.178, 4, 0, 0.999954, 

636.178, 5, 0, 0.999954, 

636.178, 6, 0, 0.999954, 

636.178, 7, 0, 0.999954, 

636.178, 8, 0, 0.999954, 

636.178, 9, 0, 0.999954, 

636.178, 10, 0, 0.999954, 

636.178, 11, 0, 0.999954, 

636.178, 12, 0, 0.999954, 

636.178, 13, 0, 0.999954, 

636.178, 14, 0, 0.999954, 

636.178, 15, 0, 0.999954, 

636.178, 16, 0, 0.999954, 

636.178, 17, 0, 0.999954, 

636.178, 18, 0, 0.999954, 

636.178, 19, 0, 0.999954, 

636.178, 20, 0, 0.999954, 

636.178, 21, 0, 0.999954, 

636.178, 22, 0, 0.999954, 

636.178, 23, 0, 0.999954, 

636.178, 24, 0, 0.999954, 

636.178, 25, 0, 0.999954, 

636.178, 26, 0, 0.999954, 

636.178, 27, 0, 0.999954, 

636.178, 28, 0, 0.999954, 

636.178, 29, 0, 0.999954, 

636.178, 30, 0, 0.999954, 

636.178, 31, 0, 0.999954, 

636.178, 32, 0, 0.999954, 

636.178, 33, 0, 0.999954, 

636.178, 34, 0, 0.999954, 

636.178, 35, 0, 0.999954, 

636.178, 36, 0, 0.999954, 

636.178, 37, 0, 0.999954, 

636.178, 38, 0, 0.999954, 

636.178, 39, 0, 0.999954, 

636.178, 40, 0, 0.999954, 

636.178, 41, 0, 0.999954, 

636.178, 42, 0, 0.999954, 

636.178, 43, 0, 0.999954, 

636.178, 44, 0, 0.999954, 

636.178, 45, 0, 0.999954, 

636.178, 46, 0, 0.999954, 

636.178, 47, 0, 0.999954, 

636.178, 48, 0, 0.999954, 

636.178, 49, 0, 0.999954, 

636.178, 50, 0, 0.999954, 

636.178, 51, 0, 0.999954, 

636.178, 52, 0, 0.999954, 

636.178, 53, 0, 0.999954, 

636.178, 54, 0, 0.999954, 

636.178, 55, 0, 0.999954, 

636.178, 56, 0, 0.999954, 

636.178, 57, 0, 0.999954, 

636.178, 58, 0, 0.999954, 

636.178, 59, 0, 0.999954, 

636.178, 60, 0, 0.999954, 

636.178, 61, 0, 0.999954, 

636.178, 62, 0, 0.999954, 

636.178, 63, 0, 0.999954, 

636.178, 64, 0, 0.999954, 

636.178, 65, 0, 0.999954, 

636.178, 66, 0, 0.999954, 

636.178, 67, 0, 0.999954, 

636.178, 68, 0, 0.999954, 

636.178, 69, 0, 0.999954, 

636.178, 70, 0, 0.999954, 

636.178, 71, 0, 0.999954, 

636.178, 72, 0, 0.999954, 

636.178, 73, 0, 0.999954, 

636.178, 74, 0, 0.999954, 

636.178, 75, 0, 0.999954, 

636.178, 76, 0, 0.999954, 

636.178, 77, 0, 0.999954, 

636.178, 78, 0, 0.999954, 

636.178, 79, 0, 0.999954, 

636.178, 80, 0, 0.999954, 

636.178, 81, 0, 0.999954, 

636.178, 82, 0, 0.999954, 

636.178, 83, 0, 0.999954, 

636.178, 84, 0, 0.999954, 

636.178, 85, 0, 0.999954, 

636.178, 86, 0, 0.999954, 

636.178, 87, 0, 0.999954, 

636.178, 88, 0, 0.999954, 

636.178, 89, 0, 0.999954, 

636.178, 90, 0, 0.999954, 

636.178, 91, 0, 0.999954, 

636.178, 92, 0, 0.999954, 

636.178, 93, 0, 0.999954, 

636.178, 94, 0, 0.999954, 

636.178, 95, 0, 0.999954, 

636.178, 96, 0, 0.999954, 

636.178, 97, 0, 0.999954, 

636.178, 98, 0, 0.999954, 

636.178, 99, 0, 0.999954, 

636.178, 100, 0, 0.999954, 

636.178, 101, 0, 0.999954, 

636.178, 102, 0, 0.999954, 

636.178, 103, 0, 0.999954, 

636.178, 104, 0, 0.999954, 

636.178, 105, 0, 0.999954, 

636.178, 106, 0, 0.999954, 

636.178, 107, 0, 0.999954, 

636.178, 108, 0, 0.999954, 

636.178, 109, 0, 0.999954, 

636.178, 110, 0, 0.999954, 

636.178, 111, 0, 0.999954, 

636.178, 112, 0, 0.999954, 

636.178, 113, 0, 0.999954, 

636.178, 114, 0, 0.999954, 

636.178, 115, 0, 0.999954, 

636.178, 116, 0, 0.999954, 

636.178, 117, 0, 0.999954, 

636.178, 118, 0, 0.999954, 

636.178, 119, 0, 0.999954, 

637.178, 0, 0, 0.999965, 

637.178, 1, 0, 0.999965, 

637.178, 2, 0, 0.999965, 

637.178, 3, 0, 0.999965, 

637.178, 4, 0, 0.999965, 

637.178, 5, 0, 0.999965, 

637.178, 6, 0, 0.999965, 

637.178, 7, 0, 0.999965, 

637.178, 8, 0, 0.999965, 

637.178, 9, 0, 0.999965, 

637.178, 10, 0, 0.999965, 

637.178, 11, 0, 0.999965, 

637.178, 12, 0, 0.999965, 

637.178, 13, 0, 0.999965, 

637.178, 14, 0, 0.999965, 

637.178, 15, 0, 0.999965, 

637.178, 16, 0, 0.999965, 

637.178, 17, 0, 0.999965, 

637.178, 18, 0, 0.999965, 

637.178, 19, 0, 0.999965, 

637.178, 20, 0, 0.999965, 

637.178, 21, 0, 0.999965, 

637.178, 22, 0, 0.999965, 

637.178, 23, 0, 0.999965, 

637.178, 24, 0, 0.999965, 

637.178, 25, 0, 0.999965, 

637.178, 26, 0, 0.999965, 

637.178, 27, 0, 0.999965, 

637.178, 28, 0, 0.999965, 

637.178, 29, 0, 0.999965, 

637.178, 30, 0, 0.999965, 

637.178, 31, 0, 0.999965, 

637.178, 32, 0, 0.999965, 

637.178, 33, 0, 0.999965, 

637.178, 34, 0, 0.999965, 

637.178, 35, 0, 0.999965, 

637.178, 36, 0, 0.999965, 

637.178, 37, 0, 0.999965, 

637.178, 38, 0, 0.999965, 

637.178, 39, 0, 0.999965, 

637.178, 40, 0, 0.999965, 

637.178, 41, 0, 0.999965, 

637.178, 42, 0, 0.999965, 

637.178, 43, 0, 0.999965, 

637.178, 44, 0, 0.999965, 

637.178, 45, 0, 0.999965, 

637.178, 46, 0, 0.999965, 

637.178, 47, 0, 0.999965, 

637.178, 48, 0, 0.999965, 

637.178, 49, 0, 0.999965, 

637.178, 50, 0, 0.999965, 

637.178, 51, 0, 0.999965, 

637.178, 52, 0, 0.999965, 

637.178, 53, 0, 0.999965, 

637.178, 54, 0, 0.999965, 

637.178, 55, 0, 0.999965, 

637.178, 56, 0, 0.999965, 

637.178, 57, 0, 0.999965, 

637.178, 58, 0, 0.999965, 

637.178, 59, 0, 0.999965, 

637.178, 60, 0, 0.999965, 

637.178, 61, 0, 0.999965, 

637.178, 62, 0, 0.999965, 

637.178, 63, 0, 0.999965, 

637.178, 64, 0, 0.999965, 

637.178, 65, 0, 0.999965, 

637.178, 66, 0, 0.999965, 

637.178, 67, 0, 0.999965, 

637.178, 68, 0, 0.999965, 

637.178, 69, 0, 0.999965, 

637.178, 70, 0, 0.999965, 

637.178, 71, 0, 0.999965, 

637.178, 72, 0, 0.999965, 

637.178, 73, 0, 0.999965, 

637.178, 74, 0, 0.999965, 

637.178, 75, 0, 0.999965, 

637.178, 76, 0, 0.999965, 

637.178, 77, 0, 0.999965, 

637.178, 78, 0, 0.999965, 

637.178, 79, 0, 0.999965, 

637.178, 80, 0, 0.999965, 

637.178, 81, 0, 0.999965, 

637.178, 82, 0, 0.999965, 

637.178, 83, 0, 0.999965, 

637.178, 84, 0, 0.999965, 

637.178, 85, 0, 0.999965, 

637.178, 86, 0, 0.999965, 

637.178, 87, 0, 0.999965, 

637.178, 88, 0, 0.999965, 

637.178, 89, 0, 0.999965, 

637.178, 90, 0, 0.999965, 

637.178, 91, 0, 0.999965, 

637.178, 92, 0, 0.999965, 

637.178, 93, 0, 0.999965, 

637.178, 94, 0, 0.999965, 

637.178, 95, 0, 0.999965, 

637.178, 96, 0, 0.999965, 

637.178, 97, 0, 0.999965, 

637.178, 98, 0, 0.999965, 

637.178, 99, 0, 0.999965, 

637.178, 100, 0, 0.999965, 

637.178, 101, 0, 0.999965, 

637.178, 102, 0, 0.999965, 

637.178, 103, 0, 0.999965, 

637.178, 104, 0, 0.999965, 

637.178, 105, 0, 0.999965, 

637.178, 106, 0, 0.999965, 

637.178, 107, 0, 0.999965, 

637.178, 108, 0, 0.999965, 

637.178, 109, 0, 0.999965, 

637.178, 110, 0, 0.999965, 

637.178, 111, 0, 0.999965, 

637.178, 112, 0, 0.999965, 

637.178, 113, 0, 0.999965, 

637.178, 114, 0, 0.999965, 

637.178, 115, 0, 0.999965, 

637.178, 116, 0, 0.999965, 

637.178, 117, 0, 0.999965, 

637.178, 118, 0, 0.999965, 

637.178, 119, 0, 0.999965, 

638.178, 0, 0, 0.999974, 

638.178, 1, 0, 0.999974, 

638.178, 2, 0, 0.999974, 

638.178, 3, 0, 0.999974, 

638.178, 4, 0, 0.999974, 

638.178, 5, 0, 0.999974, 

638.178, 6, 0, 0.999974, 

638.178, 7, 0, 0.999974, 

638.178, 8, 0, 0.999974, 

638.178, 9, 0, 0.999974, 

638.178, 10, 0, 0.999974, 

638.178, 11, 0, 0.999974, 

638.178, 12, 0, 0.999974, 

638.178, 13, 0, 0.999974, 

638.178, 14, 0, 0.999974, 

638.178, 15, 0, 0.999974, 

638.178, 16, 0, 0.999974, 

638.178, 17, 0, 0.999974, 

638.178, 18, 0, 0.999974, 

638.178, 19, 0, 0.999974, 

638.178, 20, 0, 0.999974, 

638.178, 21, 0, 0.999974, 

638.178, 22, 0, 0.999974, 

638.178, 23, 0, 0.999974, 

638.178, 24, 0, 0.999974, 

638.178, 25, 0, 0.999974, 

638.178, 26, 0, 0.999974, 

638.178, 27, 0, 0.999974, 

638.178, 28, 0, 0.999974, 

638.178, 29, 0, 0.999974, 

638.178, 30, 0, 0.999974, 

638.178, 31, 0, 0.999974, 

638.178, 32, 0, 0.999974, 

638.178, 33, 0, 0.999974, 

638.178, 34, 0, 0.999974, 

638.178, 35, 0, 0.999974, 

638.178, 36, 0, 0.999974, 

638.178, 37, 0, 0.999974, 

638.178, 38, 0, 0.999974, 

638.178, 39, 0, 0.999974, 

638.178, 40, 0, 0.999974, 

638.178, 41, 0, 0.999974, 

638.178, 42, 0, 0.999974, 

638.178, 43, 0, 0.999974, 

638.178, 44, 0, 0.999974, 

638.178, 45, 0, 0.999974, 

638.178, 46, 0, 0.999974, 

638.178, 47, 0, 0.999974, 

638.178, 48, 0, 0.999974, 

638.178, 49, 0, 0.999974, 

638.178, 50, 0, 0.999974, 

638.178, 51, 0, 0.999974, 

638.178, 52, 0, 0.999974, 

638.178, 53, 0, 0.999974, 

638.178, 54, 0, 0.999974, 

638.178, 55, 0, 0.999974, 

638.178, 56, 0, 0.999974, 

638.178, 57, 0, 0.999974, 

638.178, 58, 0, 0.999974, 

638.178, 59, 0, 0.999974, 

638.178, 60, 0, 0.999974, 

638.178, 61, 0, 0.999974, 

638.178, 62, 0, 0.999974, 

638.178, 63, 0, 0.999974, 

638.178, 64, 0, 0.999974, 

638.178, 65, 0, 0.999974, 

638.178, 66, 0, 0.999974, 

638.178, 67, 0, 0.999974, 

638.178, 68, 0, 0.999974, 

638.178, 69, 0, 0.999974, 

638.178, 70, 0, 0.999974, 

638.178, 71, 0, 0.999974, 

638.178, 72, 0, 0.999974, 

638.178, 73, 0, 0.999974, 

638.178, 74, 0, 0.999974, 

638.178, 75, 0, 0.999974, 

638.178, 76, 0, 0.999974, 

638.178, 77, 0, 0.999974, 

638.178, 78, 0, 0.999974, 

638.178, 79, 0, 0.999974, 

638.178, 80, 0, 0.999974, 

638.178, 81, 0, 0.999974, 

638.178, 82, 0, 0.999974, 

638.178, 83, 0, 0.999974, 

638.178, 84, 0, 0.999974, 

638.178, 85, 0, 0.999974, 

638.178, 86, 0, 0.999974, 

638.178, 87, 0, 0.999974, 

638.178, 88, 0, 0.999974, 

638.178, 89, 0, 0.999974, 

638.178, 90, 0, 0.999974, 

638.178, 91, 0, 0.999974, 

638.178, 92, 0, 0.999974, 

638.178, 93, 0, 0.999974, 

638.178, 94, 0, 0.999974, 

638.178, 95, 0, 0.999974, 

638.178, 96, 0, 0.999974, 

638.178, 97, 0, 0.999974, 

638.178, 98, 0, 0.999974, 

638.178, 99, 0, 0.999974, 

638.178, 100, 0, 0.999974, 

638.178, 101, 0, 0.999974, 

638.178, 102, 0, 0.999974, 

638.178, 103, 0, 0.999974, 

638.178, 104, 0, 0.999974, 

638.178, 105, 0, 0.999974, 

638.178, 106, 0, 0.999974, 

638.178, 107, 0, 0.999974, 

638.178, 108, 0, 0.999974, 

638.178, 109, 0, 0.999974, 

638.178, 110, 0, 0.999974, 

638.178, 111, 0, 0.999974, 

638.178, 112, 0, 0.999974, 

638.178, 113, 0, 0.999974, 

638.178, 114, 0, 0.999974, 

638.178, 115, 0, 0.999974, 

638.178, 116, 0, 0.999974, 

638.178, 117, 0, 0.999974, 

638.178, 118, 0, 0.999974, 

638.178, 119, 0, 0.999974, 

639.178, 0, 0, 0.999981, 

639.178, 1, 0, 0.999981, 

639.178, 2, 0, 0.999981, 

639.178, 3, 0, 0.999981, 

639.178, 4, 0, 0.999981, 

639.178, 5, 0, 0.999981, 

639.178, 6, 0, 0.999981, 

639.178, 7, 0, 0.999981, 

639.178, 8, 0, 0.999981, 

639.178, 9, 0, 0.999981, 

639.178, 10, 0, 0.999981, 

639.178, 11, 0, 0.999981, 

639.178, 12, 0, 0.999981, 

639.178, 13, 0, 0.999981, 

639.178, 14, 0, 0.999981, 

639.178, 15, 0, 0.999981, 

639.178, 16, 0, 0.999981, 

639.178, 17, 0, 0.999981, 

639.178, 18, 0, 0.999981, 

639.178, 19, 0, 0.999981, 

639.178, 20, 0, 0.999981, 

639.178, 21, 0, 0.999981, 

639.178, 22, 0, 0.999981, 

639.178, 23, 0, 0.999981, 

639.178, 24, 0, 0.999981, 

639.178, 25, 0, 0.999981, 

639.178, 26, 0, 0.999981, 

639.178, 27, 0, 0.999981, 

639.178, 28, 0, 0.999981, 

639.178, 29, 0, 0.999981, 

639.178, 30, 0, 0.999981, 

639.178, 31, 0, 0.999981, 

639.178, 32, 0, 0.999981, 

639.178, 33, 0, 0.999981, 

639.178, 34, 0, 0.999981, 

639.178, 35, 0, 0.999981, 

639.178, 36, 0, 0.999981, 

639.178, 37, 0, 0.999981, 

639.178, 38, 0, 0.999981, 

639.178, 39, 0, 0.999981, 

639.178, 40, 0, 0.999981, 

639.178, 41, 0, 0.999981, 

639.178, 42, 0, 0.999981, 

639.178, 43, 0, 0.999981, 

639.178, 44, 0, 0.999981, 

639.178, 45, 0, 0.999981, 

639.178, 46, 0, 0.999981, 

639.178, 47, 0, 0.999981, 

639.178, 48, 0, 0.999981, 

639.178, 49, 0, 0.999981, 

639.178, 50, 0, 0.999981, 

639.178, 51, 0, 0.999981, 

639.178, 52, 0, 0.999981, 

639.178, 53, 0, 0.999981, 

639.178, 54, 0, 0.999981, 

639.178, 55, 0, 0.999981, 

639.178, 56, 0, 0.999981, 

639.178, 57, 0, 0.999981, 

639.178, 58, 0, 0.999981, 

639.178, 59, 0, 0.999981, 

639.178, 60, 0, 0.999981, 

639.178, 61, 0, 0.999981, 

639.178, 62, 0, 0.999981, 

639.178, 63, 0, 0.999981, 

639.178, 64, 0, 0.999981, 

639.178, 65, 0, 0.999981, 

639.178, 66, 0, 0.999981, 

639.178, 67, 0, 0.999981, 

639.178, 68, 0, 0.999981, 

639.178, 69, 0, 0.999981, 

639.178, 70, 0, 0.999981, 

639.178, 71, 0, 0.999981, 

639.178, 72, 0, 0.999981, 

639.178, 73, 0, 0.999981, 

639.178, 74, 0, 0.999981, 

639.178, 75, 0, 0.999981, 

639.178, 76, 0, 0.999981, 

639.178, 77, 0, 0.999981, 

639.178, 78, 0, 0.999981, 

639.178, 79, 0, 0.999981, 

639.178, 80, 0, 0.999981, 

639.178, 81, 0, 0.999981, 

639.178, 82, 0, 0.999981, 

639.178, 83, 0, 0.999981, 

639.178, 84, 0, 0.999981, 

639.178, 85, 0, 0.999981, 

639.178, 86, 0, 0.999981, 

639.178, 87, 0, 0.999981, 

639.178, 88, 0, 0.999981, 

639.178, 89, 0, 0.999981, 

639.178, 90, 0, 0.999981, 

639.178, 91, 0, 0.999981, 

639.178, 92, 0, 0.999981, 

639.178, 93, 0, 0.999981, 

639.178, 94, 0, 0.999981, 

639.178, 95, 0, 0.999981, 

639.178, 96, 0, 0.999981, 

639.178, 97, 0, 0.999981, 

639.178, 98, 0, 0.999981, 

639.178, 99, 0, 0.999981, 

639.178, 100, 0, 0.999981, 

639.178, 101, 0, 0.999981, 

639.178, 102, 0, 0.999981, 

639.178, 103, 0, 0.999981, 

639.178, 104, 0, 0.999981, 

639.178, 105, 0, 0.999981, 

639.178, 106, 0, 0.999981, 

639.178, 107, 0, 0.999981, 

639.178, 108, 0, 0.999981, 

639.178, 109, 0, 0.999981, 

639.178, 110, 0, 0.999981, 

639.178, 111, 0, 0.999981, 

639.178, 112, 0, 0.999981, 

639.178, 113, 0, 0.999981, 

639.178, 114, 0, 0.999981, 

639.178, 115, 0, 0.999981, 

639.178, 116, 0, 0.999981, 

639.178, 117, 0, 0.999981, 

639.178, 118, 0, 0.999981, 

639.178, 119, 0, 0.999981, 

640.178, 0, 0, 0.999986, 

640.178, 1, 0, 0.999986, 

640.178, 2, 0, 0.999986, 

640.178, 3, 0, 0.999986, 

640.178, 4, 0, 0.999986, 

640.178, 5, 0, 0.999986, 

640.178, 6, 0, 0.999986, 

640.178, 7, 0, 0.999986, 

640.178, 8, 0, 0.999986, 

640.178, 9, 0, 0.999986, 

640.178, 10, 0, 0.999986, 

640.178, 11, 0, 0.999986, 

640.178, 12, 0, 0.999986, 

640.178, 13, 0, 0.999986, 

640.178, 14, 0, 0.999986, 

640.178, 15, 0, 0.999986, 

640.178, 16, 0, 0.999986, 

640.178, 17, 0, 0.999986, 

640.178, 18, 0, 0.999986, 

640.178, 19, 0, 0.999986, 

640.178, 20, 0, 0.999986, 

640.178, 21, 0, 0.999986, 

640.178, 22, 0, 0.999986, 

640.178, 23, 0, 0.999986, 

640.178, 24, 0, 0.999986, 

640.178, 25, 0, 0.999986, 

640.178, 26, 0, 0.999986, 

640.178, 27, 0, 0.999986, 

640.178, 28, 0, 0.999986, 

640.178, 29, 0, 0.999986, 

640.178, 30, 0, 0.999986, 

640.178, 31, 0, 0.999986, 

640.178, 32, 0, 0.999986, 

640.178, 33, 0, 0.999986, 

640.178, 34, 0, 0.999986, 

640.178, 35, 0, 0.999986, 

640.178, 36, 0, 0.999986, 

640.178, 37, 0, 0.999986, 

640.178, 38, 0, 0.999986, 

640.178, 39, 0, 0.999986, 

640.178, 40, 0, 0.999986, 

640.178, 41, 0, 0.999986, 

640.178, 42, 0, 0.999986, 

640.178, 43, 0, 0.999986, 

640.178, 44, 0, 0.999986, 

640.178, 45, 0, 0.999986, 

640.178, 46, 0, 0.999986, 

640.178, 47, 0, 0.999986, 

640.178, 48, 0, 0.999986, 

640.178, 49, 0, 0.999986, 

640.178, 50, 0, 0.999986, 

640.178, 51, 0, 0.999986, 

640.178, 52, 0, 0.999986, 

640.178, 53, 0, 0.999986, 

640.178, 54, 0, 0.999986, 

640.178, 55, 0, 0.999986, 

640.178, 56, 0, 0.999986, 

640.178, 57, 0, 0.999986, 

640.178, 58, 0, 0.999986, 

640.178, 59, 0, 0.999986, 

640.178, 60, 0, 0.999986, 

640.178, 61, 0, 0.999986, 

640.178, 62, 0, 0.999986, 

640.178, 63, 0, 0.999986, 

640.178, 64, 0, 0.999986, 

640.178, 65, 0, 0.999986, 

640.178, 66, 0, 0.999986, 

640.178, 67, 0, 0.999986, 

640.178, 68, 0, 0.999986, 

640.178, 69, 0, 0.999986, 

640.178, 70, 0, 0.999986, 

640.178, 71, 0, 0.999986, 

640.178, 72, 0, 0.999986, 

640.178, 73, 0, 0.999986, 

640.178, 74, 0, 0.999986, 

640.178, 75, 0, 0.999986, 

640.178, 76, 0, 0.999986, 

640.178, 77, 0, 0.999986, 

640.178, 78, 0, 0.999986, 

640.178, 79, 0, 0.999986, 

640.178, 80, 0, 0.999986, 

640.178, 81, 0, 0.999986, 

640.178, 82, 0, 0.999986, 

640.178, 83, 0, 0.999986, 

640.178, 84, 0, 0.999986, 

640.178, 85, 0, 0.999986, 

640.178, 86, 0, 0.999986, 

640.178, 87, 0, 0.999986, 

640.178, 88, 0, 0.999986, 

640.178, 89, 0, 0.999986, 

640.178, 90, 0, 0.999986, 

640.178, 91, 0, 0.999986, 

640.178, 92, 0, 0.999986, 

640.178, 93, 0, 0.999986, 

640.178, 94, 0, 0.999986, 

640.178, 95, 0, 0.999986, 

640.178, 96, 0, 0.999986, 

640.178, 97, 0, 0.999986, 

640.178, 98, 0, 0.999986, 

640.178, 99, 0, 0.999986, 

640.178, 100, 0, 0.999986, 

640.178, 101, 0, 0.999986, 

640.178, 102, 0, 0.999986, 

640.178, 103, 0, 0.999986, 

640.178, 104, 0, 0.999986, 

640.178, 105, 0, 0.999986, 

640.178, 106, 0, 0.999986, 

640.178, 107, 0, 0.999986, 

640.178, 108, 0, 0.999986, 

640.178, 109, 0, 0.999986, 

640.178, 110, 0, 0.999986, 

640.178, 111, 0, 0.999986, 

640.178, 112, 0, 0.999986, 

640.178, 113, 0, 0.999986, 

640.178, 114, 0, 0.999986, 

640.178, 115, 0, 0.999986, 

640.178, 116, 0, 0.999986, 

640.178, 117, 0, 0.999986, 

640.178, 118, 0, 0.999986, 

640.178, 119, 0, 0.999986, 

641.178, 0, 0, 0.99999, 

641.178, 1, 0, 0.99999, 

641.178, 2, 0, 0.99999, 

641.178, 3, 0, 0.99999, 

641.178, 4, 0, 0.99999, 

641.178, 5, 0, 0.99999, 

641.178, 6, 0, 0.99999, 

641.178, 7, 0, 0.99999, 

641.178, 8, 0, 0.99999, 

641.178, 9, 0, 0.99999, 

641.178, 10, 0, 0.99999, 

641.178, 11, 0, 0.99999, 

641.178, 12, 0, 0.99999, 

641.178, 13, 0, 0.99999, 

641.178, 14, 0, 0.99999, 

641.178, 15, 0, 0.99999, 

641.178, 16, 0, 0.99999, 

641.178, 17, 0, 0.99999, 

641.178, 18, 0, 0.99999, 

641.178, 19, 0, 0.99999, 

641.178, 20, 0, 0.99999, 

641.178, 21, 0, 0.99999, 

641.178, 22, 0, 0.99999, 

641.178, 23, 0, 0.99999, 

641.178, 24, 0, 0.99999, 

641.178, 25, 0, 0.99999, 

641.178, 26, 0, 0.99999, 

641.178, 27, 0, 0.99999, 

641.178, 28, 0, 0.99999, 

641.178, 29, 0, 0.99999, 

641.178, 30, 0, 0.99999, 

641.178, 31, 0, 0.99999, 

641.178, 32, 0, 0.99999, 

641.178, 33, 0, 0.99999, 

641.178, 34, 0, 0.99999, 

641.178, 35, 0, 0.99999, 

641.178, 36, 0, 0.99999, 

641.178, 37, 0, 0.99999, 

641.178, 38, 0, 0.99999, 

641.178, 39, 0, 0.99999, 

641.178, 40, 0, 0.99999, 

641.178, 41, 0, 0.99999, 

641.178, 42, 0, 0.99999, 

641.178, 43, 0, 0.99999, 

641.178, 44, 0, 0.99999, 

641.178, 45, 0, 0.99999, 

641.178, 46, 0, 0.99999, 

641.178, 47, 0, 0.99999, 

641.178, 48, 0, 0.99999, 

641.178, 49, 0, 0.99999, 

641.178, 50, 0, 0.99999, 

641.178, 51, 0, 0.99999, 

641.178, 52, 0, 0.99999, 

641.178, 53, 0, 0.99999, 

641.178, 54, 0, 0.99999, 

641.178, 55, 0, 0.99999, 

641.178, 56, 0, 0.99999, 

641.178, 57, 0, 0.99999, 

641.178, 58, 0, 0.99999, 

641.178, 59, 0, 0.99999, 

641.178, 60, 0, 0.99999, 

641.178, 61, 0, 0.99999, 

641.178, 62, 0, 0.99999, 

641.178, 63, 0, 0.99999, 

641.178, 64, 0, 0.99999, 

641.178, 65, 0, 0.99999, 

641.178, 66, 0, 0.99999, 

641.178, 67, 0, 0.99999, 

641.178, 68, 0, 0.99999, 

641.178, 69, 0, 0.99999, 

641.178, 70, 0, 0.99999, 

641.178, 71, 0, 0.99999, 

641.178, 72, 0, 0.99999, 

641.178, 73, 0, 0.99999, 

641.178, 74, 0, 0.99999, 

641.178, 75, 0, 0.99999, 

641.178, 76, 0, 0.99999, 

641.178, 77, 0, 0.99999, 

641.178, 78, 0, 0.99999, 

641.178, 79, 0, 0.99999, 

641.178, 80, 0, 0.99999, 

641.178, 81, 0, 0.99999, 

641.178, 82, 0, 0.99999, 

641.178, 83, 0, 0.99999, 

641.178, 84, 0, 0.99999, 

641.178, 85, 0, 0.99999, 

641.178, 86, 0, 0.99999, 

641.178, 87, 0, 0.99999, 

641.178, 88, 0, 0.99999, 

641.178, 89, 0, 0.99999, 

641.178, 90, 0, 0.99999, 

641.178, 91, 0, 0.99999, 

641.178, 92, 0, 0.99999, 

641.178, 93, 0, 0.99999, 

641.178, 94, 0, 0.99999, 

641.178, 95, 0, 0.99999, 

641.178, 96, 0, 0.99999, 

641.178, 97, 0, 0.99999, 

641.178, 98, 0, 0.99999, 

641.178, 99, 0, 0.99999, 

641.178, 100, 0, 0.99999, 

641.178, 101, 0, 0.99999, 

641.178, 102, 0, 0.99999, 

641.178, 103, 0, 0.99999, 

641.178, 104, 0, 0.99999, 

641.178, 105, 0, 0.99999, 

641.178, 106, 0, 0.99999, 

641.178, 107, 0, 0.99999, 

641.178, 108, 0, 0.99999, 

641.178, 109, 0, 0.99999, 

641.178, 110, 0, 0.99999, 

641.178, 111, 0, 0.99999, 

641.178, 112, 0, 0.99999, 

641.178, 113, 0, 0.99999, 

641.178, 114, 0, 0.99999, 

641.178, 115, 0, 0.99999, 

641.178, 116, 0, 0.99999, 

641.178, 117, 0, 0.99999, 

641.178, 118, 0, 0.99999, 

641.178, 119, 0, 0.99999, 

642.178, 0, 0, 0.999993, 

642.178, 1, 0, 0.999993, 

642.178, 2, 0, 0.999993, 

642.178, 3, 0, 0.999993, 

642.178, 4, 0, 0.999993, 

642.178, 5, 0, 0.999993, 

642.178, 6, 0, 0.999993, 

642.178, 7, 0, 0.999993, 

642.178, 8, 0, 0.999993, 

642.178, 9, 0, 0.999993, 

642.178, 10, 0, 0.999993, 

642.178, 11, 0, 0.999993, 

642.178, 12, 0, 0.999993, 

642.178, 13, 0, 0.999993, 

642.178, 14, 0, 0.999993, 

642.178, 15, 0, 0.999993, 

642.178, 16, 0, 0.999993, 

642.178, 17, 0, 0.999993, 

642.178, 18, 0, 0.999993, 

642.178, 19, 0, 0.999993, 

642.178, 20, 0, 0.999993, 

642.178, 21, 0, 0.999993, 

642.178, 22, 0, 0.999993, 

642.178, 23, 0, 0.999993, 

642.178, 24, 0, 0.999993, 

642.178, 25, 0, 0.999993, 

642.178, 26, 0, 0.999993, 

642.178, 27, 0, 0.999993, 

642.178, 28, 0, 0.999993, 

642.178, 29, 0, 0.999993, 

642.178, 30, 0, 0.999993, 

642.178, 31, 0, 0.999993, 

642.178, 32, 0, 0.999993, 

642.178, 33, 0, 0.999993, 

642.178, 34, 0, 0.999993, 

642.178, 35, 0, 0.999993, 

642.178, 36, 0, 0.999993, 

642.178, 37, 0, 0.999993, 

642.178, 38, 0, 0.999993, 

642.178, 39, 0, 0.999993, 

642.178, 40, 0, 0.999993, 

642.178, 41, 0, 0.999993, 

642.178, 42, 0, 0.999993, 

642.178, 43, 0, 0.999993, 

642.178, 44, 0, 0.999993, 

642.178, 45, 0, 0.999993, 

642.178, 46, 0, 0.999993, 

642.178, 47, 0, 0.999993, 

642.178, 48, 0, 0.999993, 

642.178, 49, 0, 0.999993, 

642.178, 50, 0, 0.999993, 

642.178, 51, 0, 0.999993, 

642.178, 52, 0, 0.999993, 

642.178, 53, 0, 0.999993, 

642.178, 54, 0, 0.999993, 

642.178, 55, 0, 0.999993, 

642.178, 56, 0, 0.999993, 

642.178, 57, 0, 0.999993, 

642.178, 58, 0, 0.999993, 

642.178, 59, 0, 0.999993, 

642.178, 60, 0, 0.999993, 

642.178, 61, 0, 0.999993, 

642.178, 62, 0, 0.999993, 

642.178, 63, 0, 0.999993, 

642.178, 64, 0, 0.999993, 

642.178, 65, 0, 0.999993, 

642.178, 66, 0, 0.999993, 

642.178, 67, 0, 0.999993, 

642.178, 68, 0, 0.999993, 

642.178, 69, 0, 0.999993, 

642.178, 70, 0, 0.999993, 

642.178, 71, 0, 0.999993, 

642.178, 72, 0, 0.999993, 

642.178, 73, 0, 0.999993, 

642.178, 74, 0, 0.999993, 

642.178, 75, 0, 0.999993, 

642.178, 76, 0, 0.999993, 

642.178, 77, 0, 0.999993, 

642.178, 78, 0, 0.999993, 

642.178, 79, 0, 0.999993, 

642.178, 80, 0, 0.999993, 

642.178, 81, 0, 0.999993, 

642.178, 82, 0, 0.999993, 

642.178, 83, 0, 0.999993, 

642.178, 84, 0, 0.999993, 

642.178, 85, 0, 0.999993, 

642.178, 86, 0, 0.999993, 

642.178, 87, 0, 0.999993, 

642.178, 88, 0, 0.999993, 

642.178, 89, 0, 0.999993, 

642.178, 90, 0, 0.999993, 

642.178, 91, 0, 0.999993, 

642.178, 92, 0, 0.999993, 

642.178, 93, 0, 0.999993, 

642.178, 94, 0, 0.999993, 

642.178, 95, 0, 0.999993, 

642.178, 96, 0, 0.999993, 

642.178, 97, 0, 0.999993, 

642.178, 98, 0, 0.999993, 

642.178, 99, 0, 0.999993, 

642.178, 100, 0, 0.999993, 

642.178, 101, 0, 0.999993, 

642.178, 102, 0, 0.999993, 

642.178, 103, 0, 0.999993, 

642.178, 104, 0, 0.999993, 

642.178, 105, 0, 0.999993, 

642.178, 106, 0, 0.999993, 

642.178, 107, 0, 0.999993, 

642.178, 108, 0, 0.999993, 

642.178, 109, 0, 0.999993, 

642.178, 110, 0, 0.999993, 

642.178, 111, 0, 0.999993, 

642.178, 112, 0, 0.999993, 

642.178, 113, 0, 0.999993, 

642.178, 114, 0, 0.999993, 

642.178, 115, 0, 0.999993, 

642.178, 116, 0, 0.999993, 

642.178, 117, 0, 0.999993, 

642.178, 118, 0, 0.999993, 

642.178, 119, 0, 0.999993, 

643.178, 0, 0, 0.999995, 

643.178, 1, 0, 0.999995, 

643.178, 2, 0, 0.999995, 

643.178, 3, 0, 0.999995, 

643.178, 4, 0, 0.999995, 

643.178, 5, 0, 0.999995, 

643.178, 6, 0, 0.999995, 

643.178, 7, 0, 0.999995, 

643.178, 8, 0, 0.999995, 

643.178, 9, 0, 0.999995, 

643.178, 10, 0, 0.999995, 

643.178, 11, 0, 0.999995, 

643.178, 12, 0, 0.999995, 

643.178, 13, 0, 0.999995, 

643.178, 14, 0, 0.999995, 

643.178, 15, 0, 0.999995, 

643.178, 16, 0, 0.999995, 

643.178, 17, 0, 0.999995, 

643.178, 18, 0, 0.999995, 

643.178, 19, 0, 0.999995, 

643.178, 20, 0, 0.999995, 

643.178, 21, 0, 0.999995, 

643.178, 22, 0, 0.999995, 

643.178, 23, 0, 0.999995, 

643.178, 24, 0, 0.999995, 

643.178, 25, 0, 0.999995, 

643.178, 26, 0, 0.999995, 

643.178, 27, 0, 0.999995, 

643.178, 28, 0, 0.999995, 

643.178, 29, 0, 0.999995, 

643.178, 30, 0, 0.999995, 

643.178, 31, 0, 0.999995, 

643.178, 32, 0, 0.999995, 

643.178, 33, 0, 0.999995, 

643.178, 34, 0, 0.999995, 

643.178, 35, 0, 0.999995, 

643.178, 36, 0, 0.999995, 

643.178, 37, 0, 0.999995, 

643.178, 38, 0, 0.999995, 

643.178, 39, 0, 0.999995, 

643.178, 40, 0, 0.999995, 

643.178, 41, 0, 0.999995, 

643.178, 42, 0, 0.999995, 

643.178, 43, 0, 0.999995, 

643.178, 44, 0, 0.999995, 

643.178, 45, 0, 0.999995, 

643.178, 46, 0, 0.999995, 

643.178, 47, 0, 0.999995, 

643.178, 48, 0, 0.999995, 

643.178, 49, 0, 0.999995, 

643.178, 50, 0, 0.999995, 

643.178, 51, 0, 0.999995, 

643.178, 52, 0, 0.999995, 

643.178, 53, 0, 0.999995, 

643.178, 54, 0, 0.999995, 

643.178, 55, 0, 0.999995, 

643.178, 56, 0, 0.999995, 

643.178, 57, 0, 0.999995, 

643.178, 58, 0, 0.999995, 

643.178, 59, 0, 0.999995, 

643.178, 60, 0, 0.999995, 

643.178, 61, 0, 0.999995, 

643.178, 62, 0, 0.999995, 

643.178, 63, 0, 0.999995, 

643.178, 64, 0, 0.999995, 

643.178, 65, 0, 0.999995, 

643.178, 66, 0, 0.999995, 

643.178, 67, 0, 0.999995, 

643.178, 68, 0, 0.999995, 

643.178, 69, 0, 0.999995, 

643.178, 70, 0, 0.999995, 

643.178, 71, 0, 0.999995, 

643.178, 72, 0, 0.999995, 

643.178, 73, 0, 0.999995, 

643.178, 74, 0, 0.999995, 

643.178, 75, 0, 0.999995, 

643.178, 76, 0, 0.999995, 

643.178, 77, 0, 0.999995, 

643.178, 78, 0, 0.999995, 

643.178, 79, 0, 0.999995, 

643.178, 80, 0, 0.999995, 

643.178, 81, 0, 0.999995, 

643.178, 82, 0, 0.999995, 

643.178, 83, 0, 0.999995, 

643.178, 84, 0, 0.999995, 

643.178, 85, 0, 0.999995, 

643.178, 86, 0, 0.999995, 

643.178, 87, 0, 0.999995, 

643.178, 88, 0, 0.999995, 

643.178, 89, 0, 0.999995, 

643.178, 90, 0, 0.999995, 

643.178, 91, 0, 0.999995, 

643.178, 92, 0, 0.999995, 

643.178, 93, 0, 0.999995, 

643.178, 94, 0, 0.999995, 

643.178, 95, 0, 0.999995, 

643.178, 96, 0, 0.999995, 

643.178, 97, 0, 0.999995, 

643.178, 98, 0, 0.999995, 

643.178, 99, 0, 0.999995, 

643.178, 100, 0, 0.999995, 

643.178, 101, 0, 0.999995, 

643.178, 102, 0, 0.999995, 

643.178, 103, 0, 0.999995, 

643.178, 104, 0, 0.999995, 

643.178, 105, 0, 0.999995, 

643.178, 106, 0, 0.999995, 

643.178, 107, 0, 0.999995, 

643.178, 108, 0, 0.999995, 

643.178, 109, 0, 0.999995, 

643.178, 110, 0, 0.999995, 

643.178, 111, 0, 0.999995, 

643.178, 112, 0, 0.999995, 

643.178, 113, 0, 0.999995, 

643.178, 114, 0, 0.999995, 

643.178, 115, 0, 0.999995, 

643.178, 116, 0, 0.999995, 

643.178, 117, 0, 0.999995, 

643.178, 118, 0, 0.999995, 

643.178, 119, 0, 0.999995, 

644.178, 0, 0, 0.999996, 

644.178, 1, 0, 0.999996, 

644.178, 2, 0, 0.999996, 

644.178, 3, 0, 0.999996, 

644.178, 4, 0, 0.999996, 

644.178, 5, 0, 0.999996, 

644.178, 6, 0, 0.999996, 

644.178, 7, 0, 0.999996, 

644.178, 8, 0, 0.999996, 

644.178, 9, 0, 0.999996, 

644.178, 10, 0, 0.999996, 

644.178, 11, 0, 0.999996, 

644.178, 12, 0, 0.999996, 

644.178, 13, 0, 0.999996, 

644.178, 14, 0, 0.999996, 

644.178, 15, 0, 0.999996, 

644.178, 16, 0, 0.999996, 

644.178, 17, 0, 0.999996, 

644.178, 18, 0, 0.999996, 

644.178, 19, 0, 0.999996, 

644.178, 20, 0, 0.999996, 

644.178, 21, 0, 0.999996, 

644.178, 22, 0, 0.999996, 

644.178, 23, 0, 0.999996, 

644.178, 24, 0, 0.999996, 

644.178, 25, 0, 0.999996, 

644.178, 26, 0, 0.999996, 

644.178, 27, 0, 0.999996, 

644.178, 28, 0, 0.999996, 

644.178, 29, 0, 0.999996, 

644.178, 30, 0, 0.999996, 

644.178, 31, 0, 0.999996, 

644.178, 32, 0, 0.999996, 

644.178, 33, 0, 0.999996, 

644.178, 34, 0, 0.999996, 

644.178, 35, 0, 0.999996, 

644.178, 36, 0, 0.999996, 

644.178, 37, 0, 0.999996, 

644.178, 38, 0, 0.999996, 

644.178, 39, 0, 0.999996, 

644.178, 40, 0, 0.999996, 

644.178, 41, 0, 0.999996, 

644.178, 42, 0, 0.999996, 

644.178, 43, 0, 0.999996, 

644.178, 44, 0, 0.999996, 

644.178, 45, 0, 0.999996, 

644.178, 46, 0, 0.999996, 

644.178, 47, 0, 0.999996, 

644.178, 48, 0, 0.999996, 

644.178, 49, 0, 0.999996, 

644.178, 50, 0, 0.999996, 

644.178, 51, 0, 0.999996, 

644.178, 52, 0, 0.999996, 

644.178, 53, 0, 0.999996, 

644.178, 54, 0, 0.999996, 

644.178, 55, 0, 0.999996, 

644.178, 56, 0, 0.999996, 

644.178, 57, 0, 0.999996, 

644.178, 58, 0, 0.999996, 

644.178, 59, 0, 0.999996, 

644.178, 60, 0, 0.999996, 

644.178, 61, 0, 0.999996, 

644.178, 62, 0, 0.999996, 

644.178, 63, 0, 0.999996, 

644.178, 64, 0, 0.999996, 

644.178, 65, 0, 0.999996, 

644.178, 66, 0, 0.999996, 

644.178, 67, 0, 0.999996, 

644.178, 68, 0, 0.999996, 

644.178, 69, 0, 0.999996, 

644.178, 70, 0, 0.999996, 

644.178, 71, 0, 0.999996, 

644.178, 72, 0, 0.999996, 

644.178, 73, 0, 0.999996, 

644.178, 74, 0, 0.999996, 

644.178, 75, 0, 0.999996, 

644.178, 76, 0, 0.999996, 

644.178, 77, 0, 0.999996, 

644.178, 78, 0, 0.999996, 

644.178, 79, 0, 0.999996, 

644.178, 80, 0, 0.999996, 

644.178, 81, 0, 0.999996, 

644.178, 82, 0, 0.999996, 

644.178, 83, 0, 0.999996, 

644.178, 84, 0, 0.999996, 

644.178, 85, 0, 0.999996, 

644.178, 86, 0, 0.999996, 

644.178, 87, 0, 0.999996, 

644.178, 88, 0, 0.999996, 

644.178, 89, 0, 0.999996, 

644.178, 90, 0, 0.999996, 

644.178, 91, 0, 0.999996, 

644.178, 92, 0, 0.999996, 

644.178, 93, 0, 0.999996, 

644.178, 94, 0, 0.999996, 

644.178, 95, 0, 0.999996, 

644.178, 96, 0, 0.999996, 

644.178, 97, 0, 0.999996, 

644.178, 98, 0, 0.999996, 

644.178, 99, 0, 0.999996, 

644.178, 100, 0, 0.999996, 

644.178, 101, 0, 0.999996, 

644.178, 102, 0, 0.999996, 

644.178, 103, 0, 0.999996, 

644.178, 104, 0, 0.999996, 

644.178, 105, 0, 0.999996, 

644.178, 106, 0, 0.999996, 

644.178, 107, 0, 0.999996, 

644.178, 108, 0, 0.999996, 

644.178, 109, 0, 0.999996, 

644.178, 110, 0, 0.999996, 

644.178, 111, 0, 0.999996, 

644.178, 112, 0, 0.999996, 

644.178, 113, 0, 0.999996, 

644.178, 114, 0, 0.999996, 

644.178, 115, 0, 0.999996, 

644.178, 116, 0, 0.999996, 

644.178, 117, 0, 0.999996, 

644.178, 118, 0, 0.999996, 

644.178, 119, 0, 0.999996, 

645.178, 0, 0, 0.999997, 

645.178, 1, 0, 0.999997, 

645.178, 2, 0, 0.999997, 

645.178, 3, 0, 0.999997, 

645.178, 4, 0, 0.999997, 

645.178, 5, 0, 0.999997, 

645.178, 6, 0, 0.999997, 

645.178, 7, 0, 0.999997, 

645.178, 8, 0, 0.999997, 

645.178, 9, 0, 0.999997, 

645.178, 10, 0, 0.999997, 

645.178, 11, 0, 0.999997, 

645.178, 12, 0, 0.999997, 

645.178, 13, 0, 0.999997, 

645.178, 14, 0, 0.999997, 

645.178, 15, 0, 0.999997, 

645.178, 16, 0, 0.999997, 

645.178, 17, 0, 0.999997, 

645.178, 18, 0, 0.999997, 

645.178, 19, 0, 0.999997, 

645.178, 20, 0, 0.999997, 

645.178, 21, 0, 0.999997, 

645.178, 22, 0, 0.999997, 

645.178, 23, 0, 0.999997, 

645.178, 24, 0, 0.999997, 

645.178, 25, 0, 0.999997, 

645.178, 26, 0, 0.999997, 

645.178, 27, 0, 0.999997, 

645.178, 28, 0, 0.999997, 

645.178, 29, 0, 0.999997, 

645.178, 30, 0, 0.999997, 

645.178, 31, 0, 0.999997, 

645.178, 32, 0, 0.999997, 

645.178, 33, 0, 0.999997, 

645.178, 34, 0, 0.999997, 

645.178, 35, 0, 0.999997, 

645.178, 36, 0, 0.999997, 

645.178, 37, 0, 0.999997, 

645.178, 38, 0, 0.999997, 

645.178, 39, 0, 0.999997, 

645.178, 40, 0, 0.999997, 

645.178, 41, 0, 0.999997, 

645.178, 42, 0, 0.999997, 

645.178, 43, 0, 0.999997, 

645.178, 44, 0, 0.999997, 

645.178, 45, 0, 0.999997, 

645.178, 46, 0, 0.999997, 

645.178, 47, 0, 0.999997, 

645.178, 48, 0, 0.999997, 

645.178, 49, 0, 0.999997, 

645.178, 50, 0, 0.999997, 

645.178, 51, 0, 0.999997, 

645.178, 52, 0, 0.999997, 

645.178, 53, 0, 0.999997, 

645.178, 54, 0, 0.999997, 

645.178, 55, 0, 0.999997, 

645.178, 56, 0, 0.999997, 

645.178, 57, 0, 0.999997, 

645.178, 58, 0, 0.999997, 

645.178, 59, 0, 0.999997, 

645.178, 60, 0, 0.999997, 

645.178, 61, 0, 0.999997, 

645.178, 62, 0, 0.999997, 

645.178, 63, 0, 0.999997, 

645.178, 64, 0, 0.999997, 

645.178, 65, 0, 0.999997, 

645.178, 66, 0, 0.999997, 

645.178, 67, 0, 0.999997, 

645.178, 68, 0, 0.999997, 

645.178, 69, 0, 0.999997, 

645.178, 70, 0, 0.999997, 

645.178, 71, 0, 0.999997, 

645.178, 72, 0, 0.999997, 

645.178, 73, 0, 0.999997, 

645.178, 74, 0, 0.999997, 

645.178, 75, 0, 0.999997, 

645.178, 76, 0, 0.999997, 

645.178, 77, 0, 0.999997, 

645.178, 78, 0, 0.999997, 

645.178, 79, 0, 0.999997, 

645.178, 80, 0, 0.999997, 

645.178, 81, 0, 0.999997, 

645.178, 82, 0, 0.999997, 

645.178, 83, 0, 0.999997, 

645.178, 84, 0, 0.999997, 

645.178, 85, 0, 0.999997, 

645.178, 86, 0, 0.999997, 

645.178, 87, 0, 0.999997, 

645.178, 88, 0, 0.999997, 

645.178, 89, 0, 0.999997, 

645.178, 90, 0, 0.999997, 

645.178, 91, 0, 0.999997, 

645.178, 92, 0, 0.999997, 

645.178, 93, 0, 0.999997, 

645.178, 94, 0, 0.999997, 

645.178, 95, 0, 0.999997, 

645.178, 96, 0, 0.999997, 

645.178, 97, 0, 0.999997, 

645.178, 98, 0, 0.999997, 

645.178, 99, 0, 0.999997, 

645.178, 100, 0, 0.999997, 

645.178, 101, 0, 0.999997, 

645.178, 102, 0, 0.999997, 

645.178, 103, 0, 0.999997, 

645.178, 104, 0, 0.999997, 

645.178, 105, 0, 0.999997, 

645.178, 106, 0, 0.999997, 

645.178, 107, 0, 0.999997, 

645.178, 108, 0, 0.999997, 

645.178, 109, 0, 0.999997, 

645.178, 110, 0, 0.999997, 

645.178, 111, 0, 0.999997, 

645.178, 112, 0, 0.999997, 

645.178, 113, 0, 0.999997, 

645.178, 114, 0, 0.999997, 

645.178, 115, 0, 0.999997, 

645.178, 116, 0, 0.999997, 

645.178, 117, 0, 0.999997, 

645.178, 118, 0, 0.999997, 

645.178, 119, 0, 0.999997, 

646.178, 0, 0, 0.999998, 

646.178, 1, 0, 0.999998, 

646.178, 2, 0, 0.999998, 

646.178, 3, 0, 0.999998, 

646.178, 4, 0, 0.999998, 

646.178, 5, 0, 0.999998, 

646.178, 6, 0, 0.999998, 

646.178, 7, 0, 0.999998, 

646.178, 8, 0, 0.999998, 

646.178, 9, 0, 0.999998, 

646.178, 10, 0, 0.999998, 

646.178, 11, 0, 0.999998, 

646.178, 12, 0, 0.999998, 

646.178, 13, 0, 0.999998, 

646.178, 14, 0, 0.999998, 

646.178, 15, 0, 0.999998, 

646.178, 16, 0, 0.999998, 

646.178, 17, 0, 0.999998, 

646.178, 18, 0, 0.999998, 

646.178, 19, 0, 0.999998, 

646.178, 20, 0, 0.999998, 

646.178, 21, 0, 0.999998, 

646.178, 22, 0, 0.999998, 

646.178, 23, 0, 0.999998, 

646.178, 24, 0, 0.999998, 

646.178, 25, 0, 0.999998, 

646.178, 26, 0, 0.999998, 

646.178, 27, 0, 0.999998, 

646.178, 28, 0, 0.999998, 

646.178, 29, 0, 0.999998, 

646.178, 30, 0, 0.999998, 

646.178, 31, 0, 0.999998, 

646.178, 32, 0, 0.999998, 

646.178, 33, 0, 0.999998, 

646.178, 34, 0, 0.999998, 

646.178, 35, 0, 0.999998, 

646.178, 36, 0, 0.999998, 

646.178, 37, 0, 0.999998, 

646.178, 38, 0, 0.999998, 

646.178, 39, 0, 0.999998, 

646.178, 40, 0, 0.999998, 

646.178, 41, 0, 0.999998, 

646.178, 42, 0, 0.999998, 

646.178, 43, 0, 0.999998, 

646.178, 44, 0, 0.999998, 

646.178, 45, 0, 0.999998, 

646.178, 46, 0, 0.999998, 

646.178, 47, 0, 0.999998, 

646.178, 48, 0, 0.999998, 

646.178, 49, 0, 0.999998, 

646.178, 50, 0, 0.999998, 

646.178, 51, 0, 0.999998, 

646.178, 52, 0, 0.999998, 

646.178, 53, 0, 0.999998, 

646.178, 54, 0, 0.999998, 

646.178, 55, 0, 0.999998, 

646.178, 56, 0, 0.999998, 

646.178, 57, 0, 0.999998, 

646.178, 58, 0, 0.999998, 

646.178, 59, 0, 0.999998, 

646.178, 60, 0, 0.999998, 

646.178, 61, 0, 0.999998, 

646.178, 62, 0, 0.999998, 

646.178, 63, 0, 0.999998, 

646.178, 64, 0, 0.999998, 

646.178, 65, 0, 0.999998, 

646.178, 66, 0, 0.999998, 

646.178, 67, 0, 0.999998, 

646.178, 68, 0, 0.999998, 

646.178, 69, 0, 0.999998, 

646.178, 70, 0, 0.999998, 

646.178, 71, 0, 0.999998, 

646.178, 72, 0, 0.999998, 

646.178, 73, 0, 0.999998, 

646.178, 74, 0, 0.999998, 

646.178, 75, 0, 0.999998, 

646.178, 76, 0, 0.999998, 

646.178, 77, 0, 0.999998, 

646.178, 78, 0, 0.999998, 

646.178, 79, 0, 0.999998, 

646.178, 80, 0, 0.999998, 

646.178, 81, 0, 0.999998, 

646.178, 82, 0, 0.999998, 

646.178, 83, 0, 0.999998, 

646.178, 84, 0, 0.999998, 

646.178, 85, 0, 0.999998, 

646.178, 86, 0, 0.999998, 

646.178, 87, 0, 0.999998, 

646.178, 88, 0, 0.999998, 

646.178, 89, 0, 0.999998, 

646.178, 90, 0, 0.999998, 

646.178, 91, 0, 0.999998, 

646.178, 92, 0, 0.999998, 

646.178, 93, 0, 0.999998, 

646.178, 94, 0, 0.999998, 

646.178, 95, 0, 0.999998, 

646.178, 96, 0, 0.999998, 

646.178, 97, 0, 0.999998, 

646.178, 98, 0, 0.999998, 

646.178, 99, 0, 0.999998, 

646.178, 100, 0, 0.999998, 

646.178, 101, 0, 0.999998, 

646.178, 102, 0, 0.999998, 

646.178, 103, 0, 0.999998, 

646.178, 104, 0, 0.999998, 

646.178, 105, 0, 0.999998, 

646.178, 106, 0, 0.999998, 

646.178, 107, 0, 0.999998, 

646.178, 108, 0, 0.999998, 

646.178, 109, 0, 0.999998, 

646.178, 110, 0, 0.999998, 

646.178, 111, 0, 0.999998, 

646.178, 112, 0, 0.999998, 

646.178, 113, 0, 0.999998, 

646.178, 114, 0, 0.999998, 

646.178, 115, 0, 0.999998, 

646.178, 116, 0, 0.999998, 

646.178, 117, 0, 0.999998, 

646.178, 118, 0, 0.999998, 

646.178, 119, 0, 0.999998, 

647.178, 0, 0, 0.999999, 

647.178, 1, 0, 0.999999, 

647.178, 2, 0, 0.999999, 

647.178, 3, 0, 0.999999, 

647.178, 4, 0, 0.999999, 

647.178, 5, 0, 0.999999, 

647.178, 6, 0, 0.999999, 

647.178, 7, 0, 0.999999, 

647.178, 8, 0, 0.999999, 

647.178, 9, 0, 0.999999, 

647.178, 10, 0, 0.999999, 

647.178, 11, 0, 0.999999, 

647.178, 12, 0, 0.999999, 

647.178, 13, 0, 0.999999, 

647.178, 14, 0, 0.999999, 

647.178, 15, 0, 0.999999, 

647.178, 16, 0, 0.999999, 

647.178, 17, 0, 0.999999, 

647.178, 18, 0, 0.999999, 

647.178, 19, 0, 0.999999, 

647.178, 20, 0, 0.999999, 

647.178, 21, 0, 0.999999, 

647.178, 22, 0, 0.999999, 

647.178, 23, 0, 0.999999, 

647.178, 24, 0, 0.999999, 

647.178, 25, 0, 0.999999, 

647.178, 26, 0, 0.999999, 

647.178, 27, 0, 0.999999, 

647.178, 28, 0, 0.999999, 

647.178, 29, 0, 0.999999, 

647.178, 30, 0, 0.999999, 

647.178, 31, 0, 0.999999, 

647.178, 32, 0, 0.999999, 

647.178, 33, 0, 0.999999, 

647.178, 34, 0, 0.999999, 

647.178, 35, 0, 0.999999, 

647.178, 36, 0, 0.999999, 

647.178, 37, 0, 0.999999, 

647.178, 38, 0, 0.999999, 

647.178, 39, 0, 0.999999, 

647.178, 40, 0, 0.999999, 

647.178, 41, 0, 0.999999, 

647.178, 42, 0, 0.999999, 

647.178, 43, 0, 0.999999, 

647.178, 44, 0, 0.999999, 

647.178, 45, 0, 0.999999, 

647.178, 46, 0, 0.999999, 

647.178, 47, 0, 0.999999, 

647.178, 48, 0, 0.999999, 

647.178, 49, 0, 0.999999, 

647.178, 50, 0, 0.999999, 

647.178, 51, 0, 0.999999, 

647.178, 52, 0, 0.999999, 

647.178, 53, 0, 0.999999, 

647.178, 54, 0, 0.999999, 

647.178, 55, 0, 0.999999, 

647.178, 56, 0, 0.999999, 

647.178, 57, 0, 0.999999, 

647.178, 58, 0, 0.999999, 

647.178, 59, 0, 0.999999, 

647.178, 60, 0, 0.999999, 

647.178, 61, 0, 0.999999, 

647.178, 62, 0, 0.999999, 

647.178, 63, 0, 0.999999, 

647.178, 64, 0, 0.999999, 

647.178, 65, 0, 0.999999, 

647.178, 66, 0, 0.999999, 

647.178, 67, 0, 0.999999, 

647.178, 68, 0, 0.999999, 

647.178, 69, 0, 0.999999, 

647.178, 70, 0, 0.999999, 

647.178, 71, 0, 0.999999, 

647.178, 72, 0, 0.999999, 

647.178, 73, 0, 0.999999, 

647.178, 74, 0, 0.999999, 

647.178, 75, 0, 0.999999, 

647.178, 76, 0, 0.999999, 

647.178, 77, 0, 0.999999, 

647.178, 78, 0, 0.999999, 

647.178, 79, 0, 0.999999, 

647.178, 80, 0, 0.999999, 

647.178, 81, 0, 0.999999, 

647.178, 82, 0, 0.999999, 

647.178, 83, 0, 0.999999, 

647.178, 84, 0, 0.999999, 

647.178, 85, 0, 0.999999, 

647.178, 86, 0, 0.999999, 

647.178, 87, 0, 0.999999, 

647.178, 88, 0, 0.999999, 

647.178, 89, 0, 0.999999, 

647.178, 90, 0, 0.999999, 

647.178, 91, 0, 0.999999, 

647.178, 92, 0, 0.999999, 

647.178, 93, 0, 0.999999, 

647.178, 94, 0, 0.999999, 

647.178, 95, 0, 0.999999, 

647.178, 96, 0, 0.999999, 

647.178, 97, 0, 0.999999, 

647.178, 98, 0, 0.999999, 

647.178, 99, 0, 0.999999, 

647.178, 100, 0, 0.999999, 

647.178, 101, 0, 0.999999, 

647.178, 102, 0, 0.999999, 

647.178, 103, 0, 0.999999, 

647.178, 104, 0, 0.999999, 

647.178, 105, 0, 0.999999, 

647.178, 106, 0, 0.999999, 

647.178, 107, 0, 0.999999, 

647.178, 108, 0, 0.999999, 

647.178, 109, 0, 0.999999, 

647.178, 110, 0, 0.999999, 

647.178, 111, 0, 0.999999, 

647.178, 112, 0, 0.999999, 

647.178, 113, 0, 0.999999, 

647.178, 114, 0, 0.999999, 

647.178, 115, 0, 0.999999, 

647.178, 116, 0, 0.999999, 

647.178, 117, 0, 0.999999, 

647.178, 118, 0, 0.999999, 

647.178, 119, 0, 0.999999, 

648.178, 0, 0, 0.999999, 

648.178, 1, 0, 0.999999, 

648.178, 2, 0, 0.999999, 

648.178, 3, 0, 0.999999, 

648.178, 4, 0, 0.999999, 

648.178, 5, 0, 0.999999, 

648.178, 6, 0, 0.999999, 

648.178, 7, 0, 0.999999, 

648.178, 8, 0, 0.999999, 

648.178, 9, 0, 0.999999, 

648.178, 10, 0, 0.999999, 

648.178, 11, 0, 0.999999, 

648.178, 12, 0, 0.999999, 

648.178, 13, 0, 0.999999, 

648.178, 14, 0, 0.999999, 

648.178, 15, 0, 0.999999, 

648.178, 16, 0, 0.999999, 

648.178, 17, 0, 0.999999, 

648.178, 18, 0, 0.999999, 

648.178, 19, 0, 0.999999, 

648.178, 20, 0, 0.999999, 

648.178, 21, 0, 0.999999, 

648.178, 22, 0, 0.999999, 

648.178, 23, 0, 0.999999, 

648.178, 24, 0, 0.999999, 

648.178, 25, 0, 0.999999, 

648.178, 26, 0, 0.999999, 

648.178, 27, 0, 0.999999, 

648.178, 28, 0, 0.999999, 

648.178, 29, 0, 0.999999, 

648.178, 30, 0, 0.999999, 

648.178, 31, 0, 0.999999, 

648.178, 32, 0, 0.999999, 

648.178, 33, 0, 0.999999, 

648.178, 34, 0, 0.999999, 

648.178, 35, 0, 0.999999, 

648.178, 36, 0, 0.999999, 

648.178, 37, 0, 0.999999, 

648.178, 38, 0, 0.999999, 

648.178, 39, 0, 0.999999, 

648.178, 40, 0, 0.999999, 

648.178, 41, 0, 0.999999, 

648.178, 42, 0, 0.999999, 

648.178, 43, 0, 0.999999, 

648.178, 44, 0, 0.999999, 

648.178, 45, 0, 0.999999, 

648.178, 46, 0, 0.999999, 

648.178, 47, 0, 0.999999, 

648.178, 48, 0, 0.999999, 

648.178, 49, 0, 0.999999, 

648.178, 50, 0, 0.999999, 

648.178, 51, 0, 0.999999, 

648.178, 52, 0, 0.999999, 

648.178, 53, 0, 0.999999, 

648.178, 54, 0, 0.999999, 

648.178, 55, 0, 0.999999, 

648.178, 56, 0, 0.999999, 

648.178, 57, 0, 0.999999, 

648.178, 58, 0, 0.999999, 

648.178, 59, 0, 0.999999, 

648.178, 60, 0, 0.999999, 

648.178, 61, 0, 0.999999, 

648.178, 62, 0, 0.999999, 

648.178, 63, 0, 0.999999, 

648.178, 64, 0, 0.999999, 

648.178, 65, 0, 0.999999, 

648.178, 66, 0, 0.999999, 

648.178, 67, 0, 0.999999, 

648.178, 68, 0, 0.999999, 

648.178, 69, 0, 0.999999, 

648.178, 70, 0, 0.999999, 

648.178, 71, 0, 0.999999, 

648.178, 72, 0, 0.999999, 

648.178, 73, 0, 0.999999, 

648.178, 74, 0, 0.999999, 

648.178, 75, 0, 0.999999, 

648.178, 76, 0, 0.999999, 

648.178, 77, 0, 0.999999, 

648.178, 78, 0, 0.999999, 

648.178, 79, 0, 0.999999, 

648.178, 80, 0, 0.999999, 

648.178, 81, 0, 0.999999, 

648.178, 82, 0, 0.999999, 

648.178, 83, 0, 0.999999, 

648.178, 84, 0, 0.999999, 

648.178, 85, 0, 0.999999, 

648.178, 86, 0, 0.999999, 

648.178, 87, 0, 0.999999, 

648.178, 88, 0, 0.999999, 

648.178, 89, 0, 0.999999, 

648.178, 90, 0, 0.999999, 

648.178, 91, 0, 0.999999, 

648.178, 92, 0, 0.999999, 

648.178, 93, 0, 0.999999, 

648.178, 94, 0, 0.999999, 

648.178, 95, 0, 0.999999, 

648.178, 96, 0, 0.999999, 

648.178, 97, 0, 0.999999, 

648.178, 98, 0, 0.999999, 

648.178, 99, 0, 0.999999, 

648.178, 100, 0, 0.999999, 

648.178, 101, 0, 0.999999, 

648.178, 102, 0, 0.999999, 

648.178, 103, 0, 0.999999, 

648.178, 104, 0, 0.999999, 

648.178, 105, 0, 0.999999, 

648.178, 106, 0, 0.999999, 

648.178, 107, 0, 0.999999, 

648.178, 108, 0, 0.999999, 

648.178, 109, 0, 0.999999, 

648.178, 110, 0, 0.999999, 

648.178, 111, 0, 0.999999, 

648.178, 112, 0, 0.999999, 

648.178, 113, 0, 0.999999, 

648.178, 114, 0, 0.999999, 

648.178, 115, 0, 0.999999, 

648.178, 116, 0, 0.999999, 

648.178, 117, 0, 0.999999, 

648.178, 118, 0, 0.999999, 

648.178, 119, 0, 0.999999, 

649.178, 0, 0, 0.999999, 

649.178, 1, 0, 0.999999, 

649.178, 2, 0, 0.999999, 

649.178, 3, 0, 0.999999, 

649.178, 4, 0, 0.999999, 

649.178, 5, 0, 0.999999, 

649.178, 6, 0, 0.999999, 

649.178, 7, 0, 0.999999, 

649.178, 8, 0, 0.999999, 

649.178, 9, 0, 0.999999, 

649.178, 10, 0, 0.999999, 

649.178, 11, 0, 0.999999, 

649.178, 12, 0, 0.999999, 

649.178, 13, 0, 0.999999, 

649.178, 14, 0, 0.999999, 

649.178, 15, 0, 0.999999, 

649.178, 16, 0, 0.999999, 

649.178, 17, 0, 0.999999, 

649.178, 18, 0, 0.999999, 

649.178, 19, 0, 0.999999, 

649.178, 20, 0, 0.999999, 

649.178, 21, 0, 0.999999, 

649.178, 22, 0, 0.999999, 

649.178, 23, 0, 0.999999, 

649.178, 24, 0, 0.999999, 

649.178, 25, 0, 0.999999, 

649.178, 26, 0, 0.999999, 

649.178, 27, 0, 0.999999, 

649.178, 28, 0, 0.999999, 

649.178, 29, 0, 0.999999, 

649.178, 30, 0, 0.999999, 

649.178, 31, 0, 0.999999, 

649.178, 32, 0, 0.999999, 

649.178, 33, 0, 0.999999, 

649.178, 34, 0, 0.999999, 

649.178, 35, 0, 0.999999, 

649.178, 36, 0, 0.999999, 

649.178, 37, 0, 0.999999, 

649.178, 38, 0, 0.999999, 

649.178, 39, 0, 0.999999, 

649.178, 40, 0, 0.999999, 

649.178, 41, 0, 0.999999, 

649.178, 42, 0, 0.999999, 

649.178, 43, 0, 0.999999, 

649.178, 44, 0, 0.999999, 

649.178, 45, 0, 0.999999, 

649.178, 46, 0, 0.999999, 

649.178, 47, 0, 0.999999, 

649.178, 48, 0, 0.999999, 

649.178, 49, 0, 0.999999, 

649.178, 50, 0, 0.999999, 

649.178, 51, 0, 0.999999, 

649.178, 52, 0, 0.999999, 

649.178, 53, 0, 0.999999, 

649.178, 54, 0, 0.999999, 

649.178, 55, 0, 0.999999, 

649.178, 56, 0, 0.999999, 

649.178, 57, 0, 0.999999, 

649.178, 58, 0, 0.999999, 

649.178, 59, 0, 0.999999, 

649.178, 60, 0, 0.999999, 

649.178, 61, 0, 0.999999, 

649.178, 62, 0, 0.999999, 

649.178, 63, 0, 0.999999, 

649.178, 64, 0, 0.999999, 

649.178, 65, 0, 0.999999, 

649.178, 66, 0, 0.999999, 

649.178, 67, 0, 0.999999, 

649.178, 68, 0, 0.999999, 

649.178, 69, 0, 0.999999, 

649.178, 70, 0, 0.999999, 

649.178, 71, 0, 0.999999, 

649.178, 72, 0, 0.999999, 

649.178, 73, 0, 0.999999, 

649.178, 74, 0, 0.999999, 

649.178, 75, 0, 0.999999, 

649.178, 76, 0, 0.999999, 

649.178, 77, 0, 0.999999, 

649.178, 78, 0, 0.999999, 

649.178, 79, 0, 0.999999, 

649.178, 80, 0, 0.999999, 

649.178, 81, 0, 0.999999, 

649.178, 82, 0, 0.999999, 

649.178, 83, 0, 0.999999, 

649.178, 84, 0, 0.999999, 

649.178, 85, 0, 0.999999, 

649.178, 86, 0, 0.999999, 

649.178, 87, 0, 0.999999, 

649.178, 88, 0, 0.999999, 

649.178, 89, 0, 0.999999, 

649.178, 90, 0, 0.999999, 

649.178, 91, 0, 0.999999, 

649.178, 92, 0, 0.999999, 

649.178, 93, 0, 0.999999, 

649.178, 94, 0, 0.999999, 

649.178, 95, 0, 0.999999, 

649.178, 96, 0, 0.999999, 

649.178, 97, 0, 0.999999, 

649.178, 98, 0, 0.999999, 

649.178, 99, 0, 0.999999, 

649.178, 100, 0, 0.999999, 

649.178, 101, 0, 0.999999, 

649.178, 102, 0, 0.999999, 

649.178, 103, 0, 0.999999, 

649.178, 104, 0, 0.999999, 

649.178, 105, 0, 0.999999, 

649.178, 106, 0, 0.999999, 

649.178, 107, 0, 0.999999, 

649.178, 108, 0, 0.999999, 

649.178, 109, 0, 0.999999, 

649.178, 110, 0, 0.999999, 

649.178, 111, 0, 0.999999, 

649.178, 112, 0, 0.999999, 

649.178, 113, 0, 0.999999, 

649.178, 114, 0, 0.999999, 

649.178, 115, 0, 0.999999, 

649.178, 116, 0, 0.999999, 

649.178, 117, 0, 0.999999, 

649.178, 118, 0, 0.999999, 

649.178, 119, 0, 0.999999, 

650.178, 0, 0, 1, 

650.178, 1, 0, 1, 

650.178, 2, 0, 1, 

650.178, 3, 0, 1, 

650.178, 4, 0, 1, 

650.178, 5, 0, 1, 

650.178, 6, 0, 1, 

650.178, 7, 0, 1, 

650.178, 8, 0, 1, 

650.178, 9, 0, 1, 

650.178, 10, 0, 1, 

650.178, 11, 0, 1, 

650.178, 12, 0, 1, 

650.178, 13, 0, 1, 

650.178, 14, 0, 1, 

650.178, 15, 0, 1, 

650.178, 16, 0, 1, 

650.178, 17, 0, 1, 

650.178, 18, 0, 1, 

650.178, 19, 0, 1, 

650.178, 20, 0, 1, 

650.178, 21, 0, 1, 

650.178, 22, 0, 1, 

650.178, 23, 0, 1, 

650.178, 24, 0, 1, 

650.178, 25, 0, 1, 

650.178, 26, 0, 1, 

650.178, 27, 0, 1, 

650.178, 28, 0, 1, 

650.178, 29, 0, 1, 

650.178, 30, 0, 1, 

650.178, 31, 0, 1, 

650.178, 32, 0, 1, 

650.178, 33, 0, 1, 

650.178, 34, 0, 1, 

650.178, 35, 0, 1, 

650.178, 36, 0, 1, 

650.178, 37, 0, 1, 

650.178, 38, 0, 1, 

650.178, 39, 0, 1, 

650.178, 40, 0, 1, 

650.178, 41, 0, 1, 

650.178, 42, 0, 1, 

650.178, 43, 0, 1, 

650.178, 44, 0, 1, 

650.178, 45, 0, 1, 

650.178, 46, 0, 1, 

650.178, 47, 0, 1, 

650.178, 48, 0, 1, 

650.178, 49, 0, 1, 

650.178, 50, 0, 1, 

650.178, 51, 0, 1, 

650.178, 52, 0, 1, 

650.178, 53, 0, 1, 

650.178, 54, 0, 1, 

650.178, 55, 0, 1, 

650.178, 56, 0, 1, 

650.178, 57, 0, 1, 

650.178, 58, 0, 1, 

650.178, 59, 0, 1, 

650.178, 60, 0, 1, 

650.178, 61, 0, 1, 

650.178, 62, 0, 1, 

650.178, 63, 0, 1, 

650.178, 64, 0, 1, 

650.178, 65, 0, 1, 

650.178, 66, 0, 1, 

650.178, 67, 0, 1, 

650.178, 68, 0, 1, 

650.178, 69, 0, 1, 

650.178, 70, 0, 1, 

650.178, 71, 0, 1, 

650.178, 72, 0, 1, 

650.178, 73, 0, 1, 

650.178, 74, 0, 1, 

650.178, 75, 0, 1, 

650.178, 76, 0, 1, 

650.178, 77, 0, 1, 

650.178, 78, 0, 1, 

650.178, 79, 0, 1, 

650.178, 80, 0, 1, 

650.178, 81, 0, 1, 

650.178, 82, 0, 1, 

650.178, 83, 0, 1, 

650.178, 84, 0, 1, 

650.178, 85, 0, 1, 

650.178, 86, 0, 1, 

650.178, 87, 0, 1, 

650.178, 88, 0, 1, 

650.178, 89, 0, 1, 

650.178, 90, 0, 1, 

650.178, 91, 0, 1, 

650.178, 92, 0, 1, 

650.178, 93, 0, 1, 

650.178, 94, 0, 1, 

650.178, 95, 0, 1, 

650.178, 96, 0, 1, 

650.178, 97, 0, 1, 

650.178, 98, 0, 1, 

650.178, 99, 0, 1, 

650.178, 100, 0, 1, 

650.178, 101, 0, 1, 

650.178, 102, 0, 1, 

650.178, 103, 0, 1, 

650.178, 104, 0, 1, 

650.178, 105, 0, 1, 

650.178, 106, 0, 1, 

650.178, 107, 0, 1, 

650.178, 108, 0, 1, 

650.178, 109, 0, 1, 

650.178, 110, 0, 1, 

650.178, 111, 0, 1, 

650.178, 112, 0, 1, 

650.178, 113, 0, 1, 

650.178, 114, 0, 1, 

650.178, 115, 0, 1, 

650.178, 116, 0, 1, 

650.178, 117, 0, 1, 

650.178, 118, 0, 1, 

650.178, 119, 0, 1, 

651.178, 0, 0, 1, 

651.178, 1, 0, 1, 

651.178, 2, 0, 1, 

651.178, 3, 0, 1, 

651.178, 4, 0, 1, 

651.178, 5, 0, 1, 

651.178, 6, 0, 1, 

651.178, 7, 0, 1, 

651.178, 8, 0, 1, 

651.178, 9, 0, 1, 

651.178, 10, 0, 1, 

651.178, 11, 0, 1, 

651.178, 12, 0, 1, 

651.178, 13, 0, 1, 

651.178, 14, 0, 1, 

651.178, 15, 0, 1, 

651.178, 16, 0, 1, 

651.178, 17, 0, 1, 

651.178, 18, 0, 1, 

651.178, 19, 0, 1, 

651.178, 20, 0, 1, 

651.178, 21, 0, 1, 

651.178, 22, 0, 1, 

651.178, 23, 0, 1, 

651.178, 24, 0, 1, 

651.178, 25, 0, 1, 

651.178, 26, 0, 1, 

651.178, 27, 0, 1, 

651.178, 28, 0, 1, 

651.178, 29, 0, 1, 

651.178, 30, 0, 1, 

651.178, 31, 0, 1, 

651.178, 32, 0, 1, 

651.178, 33, 0, 1, 

651.178, 34, 0, 1, 

651.178, 35, 0, 1, 

651.178, 36, 0, 1, 

651.178, 37, 0, 1, 

651.178, 38, 0, 1, 

651.178, 39, 0, 1, 

651.178, 40, 0, 1, 

651.178, 41, 0, 1, 

651.178, 42, 0, 1, 

651.178, 43, 0, 1, 

651.178, 44, 0, 1, 

651.178, 45, 0, 1, 

651.178, 46, 0, 1, 

651.178, 47, 0, 1, 

651.178, 48, 0, 1, 

651.178, 49, 0, 1, 

651.178, 50, 0, 1, 

651.178, 51, 0, 1, 

651.178, 52, 0, 1, 

651.178, 53, 0, 1, 

651.178, 54, 0, 1, 

651.178, 55, 0, 1, 

651.178, 56, 0, 1, 

651.178, 57, 0, 1, 

651.178, 58, 0, 1, 

651.178, 59, 0, 1, 

651.178, 60, 0, 1, 

651.178, 61, 0, 1, 

651.178, 62, 0, 1, 

651.178, 63, 0, 1, 

651.178, 64, 0, 1, 

651.178, 65, 0, 1, 

651.178, 66, 0, 1, 

651.178, 67, 0, 1, 

651.178, 68, 0, 1, 

651.178, 69, 0, 1, 

651.178, 70, 0, 1, 

651.178, 71, 0, 1, 

651.178, 72, 0, 1, 

651.178, 73, 0, 1, 

651.178, 74, 0, 1, 

651.178, 75, 0, 1, 

651.178, 76, 0, 1, 

651.178, 77, 0, 1, 

651.178, 78, 0, 1, 

651.178, 79, 0, 1, 

651.178, 80, 0, 1, 

651.178, 81, 0, 1, 

651.178, 82, 0, 1, 

651.178, 83, 0, 1, 

651.178, 84, 0, 1, 

651.178, 85, 0, 1, 

651.178, 86, 0, 1, 

651.178, 87, 0, 1, 

651.178, 88, 0, 1, 

651.178, 89, 0, 1, 

651.178, 90, 0, 1, 

651.178, 91, 0, 1, 

651.178, 92, 0, 1, 

651.178, 93, 0, 1, 

651.178, 94, 0, 1, 

651.178, 95, 0, 1, 

651.178, 96, 0, 1, 

651.178, 97, 0, 1, 

651.178, 98, 0, 1, 

651.178, 99, 0, 1, 

651.178, 100, 0, 1, 

651.178, 101, 0, 1, 

651.178, 102, 0, 1, 

651.178, 103, 0, 1, 

651.178, 104, 0, 1, 

651.178, 105, 0, 1, 

651.178, 106, 0, 1, 

651.178, 107, 0, 1, 

651.178, 108, 0, 1, 

651.178, 109, 0, 1, 

651.178, 110, 0, 1, 

651.178, 111, 0, 1, 

651.178, 112, 0, 1, 

651.178, 113, 0, 1, 

651.178, 114, 0, 1, 

651.178, 115, 0, 1, 

651.178, 116, 0, 1, 

651.178, 117, 0, 1, 

651.178, 118, 0, 1, 

651.178, 119, 0, 1, 

652.178, 0, 0, 1, 

652.178, 1, 0, 1, 

652.178, 2, 0, 1, 

652.178, 3, 0, 1, 

652.178, 4, 0, 1, 

652.178, 5, 0, 1, 

652.178, 6, 0, 1, 

652.178, 7, 0, 1, 

652.178, 8, 0, 1, 

652.178, 9, 0, 1, 

652.178, 10, 0, 1, 

652.178, 11, 0, 1, 

652.178, 12, 0, 1, 

652.178, 13, 0, 1, 

652.178, 14, 0, 1, 

652.178, 15, 0, 1, 

652.178, 16, 0, 1, 

652.178, 17, 0, 1, 

652.178, 18, 0, 1, 

652.178, 19, 0, 1, 

652.178, 20, 0, 1, 

652.178, 21, 0, 1, 

652.178, 22, 0, 1, 

652.178, 23, 0, 1, 

652.178, 24, 0, 1, 

652.178, 25, 0, 1, 

652.178, 26, 0, 1, 

652.178, 27, 0, 1, 

652.178, 28, 0, 1, 

652.178, 29, 0, 1, 

652.178, 30, 0, 1, 

652.178, 31, 0, 1, 

652.178, 32, 0, 1, 

652.178, 33, 0, 1, 

652.178, 34, 0, 1, 

652.178, 35, 0, 1, 

652.178, 36, 0, 1, 

652.178, 37, 0, 1, 

652.178, 38, 0, 1, 

652.178, 39, 0, 1, 

652.178, 40, 0, 1, 

652.178, 41, 0, 1, 

652.178, 42, 0, 1, 

652.178, 43, 0, 1, 

652.178, 44, 0, 1, 

652.178, 45, 0, 1, 

652.178, 46, 0, 1, 

652.178, 47, 0, 1, 

652.178, 48, 0, 1, 

652.178, 49, 0, 1, 

652.178, 50, 0, 1, 

652.178, 51, 0, 1, 

652.178, 52, 0, 1, 

652.178, 53, 0, 1, 

652.178, 54, 0, 1, 

652.178, 55, 0, 1, 

652.178, 56, 0, 1, 

652.178, 57, 0, 1, 

652.178, 58, 0, 1, 

652.178, 59, 0, 1, 

652.178, 60, 0, 1, 

652.178, 61, 0, 1, 

652.178, 62, 0, 1, 

652.178, 63, 0, 1, 

652.178, 64, 0, 1, 

652.178, 65, 0, 1, 

652.178, 66, 0, 1, 

652.178, 67, 0, 1, 

652.178, 68, 0, 1, 

652.178, 69, 0, 1, 

652.178, 70, 0, 1, 

652.178, 71, 0, 1, 

652.178, 72, 0, 1, 

652.178, 73, 0, 1, 

652.178, 74, 0, 1, 

652.178, 75, 0, 1, 

652.178, 76, 0, 1, 

652.178, 77, 0, 1, 

652.178, 78, 0, 1, 

652.178, 79, 0, 1, 

652.178, 80, 0, 1, 

652.178, 81, 0, 1, 

652.178, 82, 0, 1, 

652.178, 83, 0, 1, 

652.178, 84, 0, 1, 

652.178, 85, 0, 1, 

652.178, 86, 0, 1, 

652.178, 87, 0, 1, 

652.178, 88, 0, 1, 

652.178, 89, 0, 1, 

652.178, 90, 0, 1, 

652.178, 91, 0, 1, 

652.178, 92, 0, 1, 

652.178, 93, 0, 1, 

652.178, 94, 0, 1, 

652.178, 95, 0, 1, 

652.178, 96, 0, 1, 

652.178, 97, 0, 1, 

652.178, 98, 0, 1, 

652.178, 99, 0, 1, 

652.178, 100, 0, 1, 

652.178, 101, 0, 1, 

652.178, 102, 0, 1, 

652.178, 103, 0, 1, 

652.178, 104, 0, 1, 

652.178, 105, 0, 1, 

652.178, 106, 0, 1, 

652.178, 107, 0, 1, 

652.178, 108, 0, 1, 

652.178, 109, 0, 1, 

652.178, 110, 0, 1, 

652.178, 111, 0, 1, 

652.178, 112, 0, 1, 

652.178, 113, 0, 1, 

652.178, 114, 0, 1, 

652.178, 115, 0, 1, 

652.178, 116, 0, 1, 

652.178, 117, 0, 1, 

652.178, 118, 0, 1, 

652.178, 119, 0, 1, 

653.178, 0, 0, 1, 

653.178, 1, 0, 1, 

653.178, 2, 0, 1, 

653.178, 3, 0, 1, 

653.178, 4, 0, 1, 

653.178, 5, 0, 1, 

653.178, 6, 0, 1, 

653.178, 7, 0, 1, 

653.178, 8, 0, 1, 

653.178, 9, 0, 1, 

653.178, 10, 0, 1, 

653.178, 11, 0, 1, 

653.178, 12, 0, 1, 

653.178, 13, 0, 1, 

653.178, 14, 0, 1, 

653.178, 15, 0, 1, 

653.178, 16, 0, 1, 

653.178, 17, 0, 1, 

653.178, 18, 0, 1, 

653.178, 19, 0, 1, 

653.178, 20, 0, 1, 

653.178, 21, 0, 1, 

653.178, 22, 0, 1, 

653.178, 23, 0, 1, 

653.178, 24, 0, 1, 

653.178, 25, 0, 1, 

653.178, 26, 0, 1, 

653.178, 27, 0, 1, 

653.178, 28, 0, 1, 

653.178, 29, 0, 1, 

653.178, 30, 0, 1, 

653.178, 31, 0, 1, 

653.178, 32, 0, 1, 

653.178, 33, 0, 1, 

653.178, 34, 0, 1, 

653.178, 35, 0, 1, 

653.178, 36, 0, 1, 

653.178, 37, 0, 1, 

653.178, 38, 0, 1, 

653.178, 39, 0, 1, 

653.178, 40, 0, 1, 

653.178, 41, 0, 1, 

653.178, 42, 0, 1, 

653.178, 43, 0, 1, 

653.178, 44, 0, 1, 

653.178, 45, 0, 1, 

653.178, 46, 0, 1, 

653.178, 47, 0, 1, 

653.178, 48, 0, 1, 

653.178, 49, 0, 1, 

653.178, 50, 0, 1, 

653.178, 51, 0, 1, 

653.178, 52, 0, 1, 

653.178, 53, 0, 1, 

653.178, 54, 0, 1, 

653.178, 55, 0, 1, 

653.178, 56, 0, 1, 

653.178, 57, 0, 1, 

653.178, 58, 0, 1, 

653.178, 59, 0, 1, 

653.178, 60, 0, 1, 

653.178, 61, 0, 1, 

653.178, 62, 0, 1, 

653.178, 63, 0, 1, 

653.178, 64, 0, 1, 

653.178, 65, 0, 1, 

653.178, 66, 0, 1, 

653.178, 67, 0, 1, 

653.178, 68, 0, 1, 

653.178, 69, 0, 1, 

653.178, 70, 0, 1, 

653.178, 71, 0, 1, 

653.178, 72, 0, 1, 

653.178, 73, 0, 1, 

653.178, 74, 0, 1, 

653.178, 75, 0, 1, 

653.178, 76, 0, 1, 

653.178, 77, 0, 1, 

653.178, 78, 0, 1, 

653.178, 79, 0, 1, 

653.178, 80, 0, 1, 

653.178, 81, 0, 1, 

653.178, 82, 0, 1, 

653.178, 83, 0, 1, 

653.178, 84, 0, 1, 

653.178, 85, 0, 1, 

653.178, 86, 0, 1, 

653.178, 87, 0, 1, 

653.178, 88, 0, 1, 

653.178, 89, 0, 1, 

653.178, 90, 0, 1, 

653.178, 91, 0, 1, 

653.178, 92, 0, 1, 

653.178, 93, 0, 1, 

653.178, 94, 0, 1, 

653.178, 95, 0, 1, 

653.178, 96, 0, 1, 

653.178, 97, 0, 1, 

653.178, 98, 0, 1, 

653.178, 99, 0, 1, 

653.178, 100, 0, 1, 

653.178, 101, 0, 1, 

653.178, 102, 0, 1, 

653.178, 103, 0, 1, 

653.178, 104, 0, 1, 

653.178, 105, 0, 1, 

653.178, 106, 0, 1, 

653.178, 107, 0, 1, 

653.178, 108, 0, 1, 

653.178, 109, 0, 1, 

653.178, 110, 0, 1, 

653.178, 111, 0, 1, 

653.178, 112, 0, 1, 

653.178, 113, 0, 1, 

653.178, 114, 0, 1, 

653.178, 115, 0, 1, 

653.178, 116, 0, 1, 

653.178, 117, 0, 1, 

653.178, 118, 0, 1, 

653.178, 119, 0, 1, 

654.178, 0, 0, 1, 

654.178, 1, 0, 1, 

654.178, 2, 0, 1, 

654.178, 3, 0, 1, 

654.178, 4, 0, 1, 

654.178, 5, 0, 1, 

654.178, 6, 0, 1, 

654.178, 7, 0, 1, 

654.178, 8, 0, 1, 

654.178, 9, 0, 1, 

654.178, 10, 0, 1, 

654.178, 11, 0, 1, 

654.178, 12, 0, 1, 

654.178, 13, 0, 1, 

654.178, 14, 0, 1, 

654.178, 15, 0, 1, 

654.178, 16, 0, 1, 

654.178, 17, 0, 1, 

654.178, 18, 0, 1, 

654.178, 19, 0, 1, 

654.178, 20, 0, 1, 

654.178, 21, 0, 1, 

654.178, 22, 0, 1, 

654.178, 23, 0, 1, 

654.178, 24, 0, 1, 

654.178, 25, 0, 1, 

654.178, 26, 0, 1, 

654.178, 27, 0, 1, 

654.178, 28, 0, 1, 

654.178, 29, 0, 1, 

654.178, 30, 0, 1, 

654.178, 31, 0, 1, 

654.178, 32, 0, 1, 

654.178, 33, 0, 1, 

654.178, 34, 0, 1, 

654.178, 35, 0, 1, 

654.178, 36, 0, 1, 

654.178, 37, 0, 1, 

654.178, 38, 0, 1, 

654.178, 39, 0, 1, 

654.178, 40, 0, 1, 

654.178, 41, 0, 1, 

654.178, 42, 0, 1, 

654.178, 43, 0, 1, 

654.178, 44, 0, 1, 

654.178, 45, 0, 1, 

654.178, 46, 0, 1, 

654.178, 47, 0, 1, 

654.178, 48, 0, 1, 

654.178, 49, 0, 1, 

654.178, 50, 0, 1, 

654.178, 51, 0, 1, 

654.178, 52, 0, 1, 

654.178, 53, 0, 1, 

654.178, 54, 0, 1, 

654.178, 55, 0, 1, 

654.178, 56, 0, 1, 

654.178, 57, 0, 1, 

654.178, 58, 0, 1, 

654.178, 59, 0, 1, 

654.178, 60, 0, 1, 

654.178, 61, 0, 1, 

654.178, 62, 0, 1, 

654.178, 63, 0, 1, 

654.178, 64, 0, 1, 

654.178, 65, 0, 1, 

654.178, 66, 0, 1, 

654.178, 67, 0, 1, 

654.178, 68, 0, 1, 

654.178, 69, 0, 1, 

654.178, 70, 0, 1, 

654.178, 71, 0, 1, 

654.178, 72, 0, 1, 

654.178, 73, 0, 1, 

654.178, 74, 0, 1, 

654.178, 75, 0, 1, 

654.178, 76, 0, 1, 

654.178, 77, 0, 1, 

654.178, 78, 0, 1, 

654.178, 79, 0, 1, 

654.178, 80, 0, 1, 

654.178, 81, 0, 1, 

654.178, 82, 0, 1, 

654.178, 83, 0, 1, 

654.178, 84, 0, 1, 

654.178, 85, 0, 1, 

654.178, 86, 0, 1, 

654.178, 87, 0, 1, 

654.178, 88, 0, 1, 

654.178, 89, 0, 1, 

654.178, 90, 0, 1, 

654.178, 91, 0, 1, 

654.178, 92, 0, 1, 

654.178, 93, 0, 1, 

654.178, 94, 0, 1, 

654.178, 95, 0, 1, 

654.178, 96, 0, 1, 

654.178, 97, 0, 1, 

654.178, 98, 0, 1, 

654.178, 99, 0, 1, 

654.178, 100, 0, 1, 

654.178, 101, 0, 1, 

654.178, 102, 0, 1, 

654.178, 103, 0, 1, 

654.178, 104, 0, 1, 

654.178, 105, 0, 1, 

654.178, 106, 0, 1, 

654.178, 107, 0, 1, 

654.178, 108, 0, 1, 

654.178, 109, 0, 1, 

654.178, 110, 0, 1, 

654.178, 111, 0, 1, 

654.178, 112, 0, 1, 

654.178, 113, 0, 1, 

654.178, 114, 0, 1, 

654.178, 115, 0, 1, 

654.178, 116, 0, 1, 

654.178, 117, 0, 1, 

654.178, 118, 0, 1, 

654.178, 119, 0, 1, 

655.178, 0, 0, 1, 

655.178, 1, 0, 1, 

655.178, 2, 0, 1, 

655.178, 3, 0, 1, 

655.178, 4, 0, 1, 

655.178, 5, 0, 1, 

655.178, 6, 0, 1, 

655.178, 7, 0, 1, 

655.178, 8, 0, 1, 

655.178, 9, 0, 1, 

655.178, 10, 0, 1, 

655.178, 11, 0, 1, 

655.178, 12, 0, 1, 

655.178, 13, 0, 1, 

655.178, 14, 0, 1, 

655.178, 15, 0, 1, 

655.178, 16, 0, 1, 

655.178, 17, 0, 1, 

655.178, 18, 0, 1, 

655.178, 19, 0, 1, 

655.178, 20, 0, 1, 

655.178, 21, 0, 1, 

655.178, 22, 0, 1, 

655.178, 23, 0, 1, 

655.178, 24, 0, 1, 

655.178, 25, 0, 1, 

655.178, 26, 0, 1, 

655.178, 27, 0, 1, 

655.178, 28, 0, 1, 

655.178, 29, 0, 1, 

655.178, 30, 0, 1, 

655.178, 31, 0, 1, 

655.178, 32, 0, 1, 

655.178, 33, 0, 1, 

655.178, 34, 0, 1, 

655.178, 35, 0, 1, 

655.178, 36, 0, 1, 

655.178, 37, 0, 1, 

655.178, 38, 0, 1, 

655.178, 39, 0, 1, 

655.178, 40, 0, 1, 

655.178, 41, 0, 1, 

655.178, 42, 0, 1, 

655.178, 43, 0, 1, 

655.178, 44, 0, 1, 

655.178, 45, 0, 1, 

655.178, 46, 0, 1, 

655.178, 47, 0, 1, 

655.178, 48, 0, 1, 

655.178, 49, 0, 1, 

655.178, 50, 0, 1, 

655.178, 51, 0, 1, 

655.178, 52, 0, 1, 

655.178, 53, 0, 1, 

655.178, 54, 0, 1, 

655.178, 55, 0, 1, 

655.178, 56, 0, 1, 

655.178, 57, 0, 1, 

655.178, 58, 0, 1, 

655.178, 59, 0, 1, 

655.178, 60, 0, 1, 

655.178, 61, 0, 1, 

655.178, 62, 0, 1, 

655.178, 63, 0, 1, 

655.178, 64, 0, 1, 

655.178, 65, 0, 1, 

655.178, 66, 0, 1, 

655.178, 67, 0, 1, 

655.178, 68, 0, 1, 

655.178, 69, 0, 1, 

655.178, 70, 0, 1, 

655.178, 71, 0, 1, 

655.178, 72, 0, 1, 

655.178, 73, 0, 1, 

655.178, 74, 0, 1, 

655.178, 75, 0, 1, 

655.178, 76, 0, 1, 

655.178, 77, 0, 1, 

655.178, 78, 0, 1, 

655.178, 79, 0, 1, 

655.178, 80, 0, 1, 

655.178, 81, 0, 1, 

655.178, 82, 0, 1, 

655.178, 83, 0, 1, 

655.178, 84, 0, 1, 

655.178, 85, 0, 1, 

655.178, 86, 0, 1, 

655.178, 87, 0, 1, 

655.178, 88, 0, 1, 

655.178, 89, 0, 1, 

655.178, 90, 0, 1, 

655.178, 91, 0, 1, 

655.178, 92, 0, 1, 

655.178, 93, 0, 1, 

655.178, 94, 0, 1, 

655.178, 95, 0, 1, 

655.178, 96, 0, 1, 

655.178, 97, 0, 1, 

655.178, 98, 0, 1, 

655.178, 99, 0, 1, 

655.178, 100, 0, 1, 

655.178, 101, 0, 1, 

655.178, 102, 0, 1, 

655.178, 103, 0, 1, 

655.178, 104, 0, 1, 

655.178, 105, 0, 1, 

655.178, 106, 0, 1, 

655.178, 107, 0, 1, 

655.178, 108, 0, 1, 

655.178, 109, 0, 1, 

655.178, 110, 0, 1, 

655.178, 111, 0, 1, 

655.178, 112, 0, 1, 

655.178, 113, 0, 1, 

655.178, 114, 0, 1, 

655.178, 115, 0, 1, 

655.178, 116, 0, 1, 

655.178, 117, 0, 1, 

655.178, 118, 0, 1, 

655.178, 119, 0, 1, 

656.178, 0, 0, 1, 

656.178, 1, 0, 1, 

656.178, 2, 0, 1, 

656.178, 3, 0, 1, 

656.178, 4, 0, 1, 

656.178, 5, 0, 1, 

656.178, 6, 0, 1, 

656.178, 7, 0, 1, 

656.178, 8, 0, 1, 

656.178, 9, 0, 1, 

656.178, 10, 0, 1, 

656.178, 11, 0, 1, 

656.178, 12, 0, 1, 

656.178, 13, 0, 1, 

656.178, 14, 0, 1, 

656.178, 15, 0, 1, 

656.178, 16, 0, 1, 

656.178, 17, 0, 1, 

656.178, 18, 0, 1, 

656.178, 19, 0, 1, 

656.178, 20, 0, 1, 

656.178, 21, 0, 1, 

656.178, 22, 0, 1, 

656.178, 23, 0, 1, 

656.178, 24, 0, 1, 

656.178, 25, 0, 1, 

656.178, 26, 0, 1, 

656.178, 27, 0, 1, 

656.178, 28, 0, 1, 

656.178, 29, 0, 1, 

656.178, 30, 0, 1, 

656.178, 31, 0, 1, 

656.178, 32, 0, 1, 

656.178, 33, 0, 1, 

656.178, 34, 0, 1, 

656.178, 35, 0, 1, 

656.178, 36, 0, 1, 

656.178, 37, 0, 1, 

656.178, 38, 0, 1, 

656.178, 39, 0, 1, 

656.178, 40, 0, 1, 

656.178, 41, 0, 1, 

656.178, 42, 0, 1, 

656.178, 43, 0, 1, 

656.178, 44, 0, 1, 

656.178, 45, 0, 1, 

656.178, 46, 0, 1, 

656.178, 47, 0, 1, 

656.178, 48, 0, 1, 

656.178, 49, 0, 1, 

656.178, 50, 0, 1, 

656.178, 51, 0, 1, 

656.178, 52, 0, 1, 

656.178, 53, 0, 1, 

656.178, 54, 0, 1, 

656.178, 55, 0, 1, 

656.178, 56, 0, 1, 

656.178, 57, 0, 1, 

656.178, 58, 0, 1, 

656.178, 59, 0, 1, 

656.178, 60, 0, 1, 

656.178, 61, 0, 1, 

656.178, 62, 0, 1, 

656.178, 63, 0, 1, 

656.178, 64, 0, 1, 

656.178, 65, 0, 1, 

656.178, 66, 0, 1, 

656.178, 67, 0, 1, 

656.178, 68, 0, 1, 

656.178, 69, 0, 1, 

656.178, 70, 0, 1, 

656.178, 71, 0, 1, 

656.178, 72, 0, 1, 

656.178, 73, 0, 1, 

656.178, 74, 0, 1, 

656.178, 75, 0, 1, 

656.178, 76, 0, 1, 

656.178, 77, 0, 1, 

656.178, 78, 0, 1, 

656.178, 79, 0, 1, 

656.178, 80, 0, 1, 

656.178, 81, 0, 1, 

656.178, 82, 0, 1, 

656.178, 83, 0, 1, 

656.178, 84, 0, 1, 

656.178, 85, 0, 1, 

656.178, 86, 0, 1, 

656.178, 87, 0, 1, 

656.178, 88, 0, 1, 

656.178, 89, 0, 1, 

656.178, 90, 0, 1, 

656.178, 91, 0, 1, 

656.178, 92, 0, 1, 

656.178, 93, 0, 1, 

656.178, 94, 0, 1, 

656.178, 95, 0, 1, 

656.178, 96, 0, 1, 

656.178, 97, 0, 1, 

656.178, 98, 0, 1, 

656.178, 99, 0, 1, 

656.178, 100, 0, 1, 

656.178, 101, 0, 1, 

656.178, 102, 0, 1, 

656.178, 103, 0, 1, 

656.178, 104, 0, 1, 

656.178, 105, 0, 1, 

656.178, 106, 0, 1, 

656.178, 107, 0, 1, 

656.178, 108, 0, 1, 

656.178, 109, 0, 1, 

656.178, 110, 0, 1, 

656.178, 111, 0, 1, 

656.178, 112, 0, 1, 

656.178, 113, 0, 1, 

656.178, 114, 0, 1, 

656.178, 115, 0, 1, 

656.178, 116, 0, 1, 

656.178, 117, 0, 1, 

656.178, 118, 0, 1, 

656.178, 119, 0, 1, 

657.178, 0, 0, 1, 

657.178, 1, 0, 1, 

657.178, 2, 0, 1, 

657.178, 3, 0, 1, 

657.178, 4, 0, 1, 

657.178, 5, 0, 1, 

657.178, 6, 0, 1, 

657.178, 7, 0, 1, 

657.178, 8, 0, 1, 

657.178, 9, 0, 1, 

657.178, 10, 0, 1, 

657.178, 11, 0, 1, 

657.178, 12, 0, 1, 

657.178, 13, 0, 1, 

657.178, 14, 0, 1, 

657.178, 15, 0, 1, 

657.178, 16, 0, 1, 

657.178, 17, 0, 1, 

657.178, 18, 0, 1, 

657.178, 19, 0, 1, 

657.178, 20, 0, 1, 

657.178, 21, 0, 1, 

657.178, 22, 0, 1, 

657.178, 23, 0, 1, 

657.178, 24, 0, 1, 

657.178, 25, 0, 1, 

657.178, 26, 0, 1, 

657.178, 27, 0, 1, 

657.178, 28, 0, 1, 

657.178, 29, 0, 1, 

657.178, 30, 0, 1, 

657.178, 31, 0, 1, 

657.178, 32, 0, 1, 

657.178, 33, 0, 1, 

657.178, 34, 0, 1, 

657.178, 35, 0, 1, 

657.178, 36, 0, 1, 

657.178, 37, 0, 1, 

657.178, 38, 0, 1, 

657.178, 39, 0, 1, 

657.178, 40, 0, 1, 

657.178, 41, 0, 1, 

657.178, 42, 0, 1, 

657.178, 43, 0, 1, 

657.178, 44, 0, 1, 

657.178, 45, 0, 1, 

657.178, 46, 0, 1, 

657.178, 47, 0, 1, 

657.178, 48, 0, 1, 

657.178, 49, 0, 1, 

657.178, 50, 0, 1, 

657.178, 51, 0, 1, 

657.178, 52, 0, 1, 

657.178, 53, 0, 1, 

657.178, 54, 0, 1, 

657.178, 55, 0, 1, 

657.178, 56, 0, 1, 

657.178, 57, 0, 1, 

657.178, 58, 0, 1, 

657.178, 59, 0, 1, 

657.178, 60, 0, 1, 

657.178, 61, 0, 1, 

657.178, 62, 0, 1, 

657.178, 63, 0, 1, 

657.178, 64, 0, 1, 

657.178, 65, 0, 1, 

657.178, 66, 0, 1, 

657.178, 67, 0, 1, 

657.178, 68, 0, 1, 

657.178, 69, 0, 1, 

657.178, 70, 0, 1, 

657.178, 71, 0, 1, 

657.178, 72, 0, 1, 

657.178, 73, 0, 1, 

657.178, 74, 0, 1, 

657.178, 75, 0, 1, 

657.178, 76, 0, 1, 

657.178, 77, 0, 1, 

657.178, 78, 0, 1, 

657.178, 79, 0, 1, 

657.178, 80, 0, 1, 

657.178, 81, 0, 1, 

657.178, 82, 0, 1, 

657.178, 83, 0, 1, 

657.178, 84, 0, 1, 

657.178, 85, 0, 1, 

657.178, 86, 0, 1, 

657.178, 87, 0, 1, 

657.178, 88, 0, 1, 

657.178, 89, 0, 1, 

657.178, 90, 0, 1, 

657.178, 91, 0, 1, 

657.178, 92, 0, 1, 

657.178, 93, 0, 1, 

657.178, 94, 0, 1, 

657.178, 95, 0, 1, 

657.178, 96, 0, 1, 

657.178, 97, 0, 1, 

657.178, 98, 0, 1, 

657.178, 99, 0, 1, 

657.178, 100, 0, 1, 

657.178, 101, 0, 1, 

657.178, 102, 0, 1, 

657.178, 103, 0, 1, 

657.178, 104, 0, 1, 

657.178, 105, 0, 1, 

657.178, 106, 0, 1, 

657.178, 107, 0, 1, 

657.178, 108, 0, 1, 

657.178, 109, 0, 1, 

657.178, 110, 0, 1, 

657.178, 111, 0, 1, 

657.178, 112, 0, 1, 

657.178, 113, 0, 1, 

657.178, 114, 0, 1, 

657.178, 115, 0, 1, 

657.178, 116, 0, 1, 

657.178, 117, 0, 1, 

657.178, 118, 0, 1, 

657.178, 119, 0, 1, 

658.178, 0, 0, 1, 

658.178, 1, 0, 1, 

658.178, 2, 0, 1, 

658.178, 3, 0, 1, 

658.178, 4, 0, 1, 

658.178, 5, 0, 1, 

658.178, 6, 0, 1, 

658.178, 7, 0, 1, 

658.178, 8, 0, 1, 

658.178, 9, 0, 1, 

658.178, 10, 0, 1, 

658.178, 11, 0, 1, 

658.178, 12, 0, 1, 

658.178, 13, 0, 1, 

658.178, 14, 0, 1, 

658.178, 15, 0, 1, 

658.178, 16, 0, 1, 

658.178, 17, 0, 1, 

658.178, 18, 0, 1, 

658.178, 19, 0, 1, 

658.178, 20, 0, 1, 

658.178, 21, 0, 1, 

658.178, 22, 0, 1, 

658.178, 23, 0, 1, 

658.178, 24, 0, 1, 

658.178, 25, 0, 1, 

658.178, 26, 0, 1, 

658.178, 27, 0, 1, 

658.178, 28, 0, 1, 

658.178, 29, 0, 1, 

658.178, 30, 0, 1, 

658.178, 31, 0, 1, 

658.178, 32, 0, 1, 

658.178, 33, 0, 1, 

658.178, 34, 0, 1, 

658.178, 35, 0, 1, 

658.178, 36, 0, 1, 

658.178, 37, 0, 1, 

658.178, 38, 0, 1, 

658.178, 39, 0, 1, 

658.178, 40, 0, 1, 

658.178, 41, 0, 1, 

658.178, 42, 0, 1, 

658.178, 43, 0, 1, 

658.178, 44, 0, 1, 

658.178, 45, 0, 1, 

658.178, 46, 0, 1, 

658.178, 47, 0, 1, 

658.178, 48, 0, 1, 

658.178, 49, 0, 1, 

658.178, 50, 0, 1, 

658.178, 51, 0, 1, 

658.178, 52, 0, 1, 

658.178, 53, 0, 1, 

658.178, 54, 0, 1, 

658.178, 55, 0, 1, 

658.178, 56, 0, 1, 

658.178, 57, 0, 1, 

658.178, 58, 0, 1, 

658.178, 59, 0, 1, 

658.178, 60, 0, 1, 

658.178, 61, 0, 1, 

658.178, 62, 0, 1, 

658.178, 63, 0, 1, 

658.178, 64, 0, 1, 

658.178, 65, 0, 1, 

658.178, 66, 0, 1, 

658.178, 67, 0, 1, 

658.178, 68, 0, 1, 

658.178, 69, 0, 1, 

658.178, 70, 0, 1, 

658.178, 71, 0, 1, 

658.178, 72, 0, 1, 

658.178, 73, 0, 1, 

658.178, 74, 0, 1, 

658.178, 75, 0, 1, 

658.178, 76, 0, 1, 

658.178, 77, 0, 1, 

658.178, 78, 0, 1, 

658.178, 79, 0, 1, 

658.178, 80, 0, 1, 

658.178, 81, 0, 1, 

658.178, 82, 0, 1, 

658.178, 83, 0, 1, 

658.178, 84, 0, 1, 

658.178, 85, 0, 1, 

658.178, 86, 0, 1, 

658.178, 87, 0, 1, 

658.178, 88, 0, 1, 

658.178, 89, 0, 1, 

658.178, 90, 0, 1, 

658.178, 91, 0, 1, 

658.178, 92, 0, 1, 

658.178, 93, 0, 1, 

658.178, 94, 0, 1, 

658.178, 95, 0, 1, 

658.178, 96, 0, 1, 

658.178, 97, 0, 1, 

658.178, 98, 0, 1, 

658.178, 99, 0, 1, 

658.178, 100, 0, 1, 

658.178, 101, 0, 1, 

658.178, 102, 0, 1, 

658.178, 103, 0, 1, 

658.178, 104, 0, 1, 

658.178, 105, 0, 1, 

658.178, 106, 0, 1, 

658.178, 107, 0, 1, 

658.178, 108, 0, 1, 

658.178, 109, 0, 1, 

658.178, 110, 0, 1, 

658.178, 111, 0, 1, 

658.178, 112, 0, 1, 

658.178, 113, 0, 1, 

658.178, 114, 0, 1, 

658.178, 115, 0, 1, 

658.178, 116, 0, 1, 

658.178, 117, 0, 1, 

658.178, 118, 0, 1, 

658.178, 119, 0, 1, 

659.178, 0, 0, 1, 

659.178, 1, 0, 1, 

659.178, 2, 0, 1, 

659.178, 3, 0, 1, 

659.178, 4, 0, 1, 

659.178, 5, 0, 1, 

659.178, 6, 0, 1, 

659.178, 7, 0, 1, 

659.178, 8, 0, 1, 

659.178, 9, 0, 1, 

659.178, 10, 0, 1, 

659.178, 11, 0, 1, 

659.178, 12, 0, 1, 

659.178, 13, 0, 1, 

659.178, 14, 0, 1, 

659.178, 15, 0, 1, 

659.178, 16, 0, 1, 

659.178, 17, 0, 1, 

659.178, 18, 0, 1, 

659.178, 19, 0, 1, 

659.178, 20, 0, 1, 

659.178, 21, 0, 1, 

659.178, 22, 0, 1, 

659.178, 23, 0, 1, 

659.178, 24, 0, 1, 

659.178, 25, 0, 1, 

659.178, 26, 0, 1, 

659.178, 27, 0, 1, 

659.178, 28, 0, 1, 

659.178, 29, 0, 1, 

659.178, 30, 0, 1, 

659.178, 31, 0, 1, 

659.178, 32, 0, 1, 

659.178, 33, 0, 1, 

659.178, 34, 0, 1, 

659.178, 35, 0, 1, 

659.178, 36, 0, 1, 

659.178, 37, 0, 1, 

659.178, 38, 0, 1, 

659.178, 39, 0, 1, 

659.178, 40, 0, 1, 

659.178, 41, 0, 1, 

659.178, 42, 0, 1, 

659.178, 43, 0, 1, 

659.178, 44, 0, 1, 

659.178, 45, 0, 1, 

659.178, 46, 0, 1, 

659.178, 47, 0, 1, 

659.178, 48, 0, 1, 

659.178, 49, 0, 1, 

659.178, 50, 0, 1, 

659.178, 51, 0, 1, 

659.178, 52, 0, 1, 

659.178, 53, 0, 1, 

659.178, 54, 0, 1, 

659.178, 55, 0, 1, 

659.178, 56, 0, 1, 

659.178, 57, 0, 1, 

659.178, 58, 0, 1, 

659.178, 59, 0, 1, 

659.178, 60, 0, 1, 

659.178, 61, 0, 1, 

659.178, 62, 0, 1, 

659.178, 63, 0, 1, 

659.178, 64, 0, 1, 

659.178, 65, 0, 1, 

659.178, 66, 0, 1, 

659.178, 67, 0, 1, 

659.178, 68, 0, 1, 

659.178, 69, 0, 1, 

659.178, 70, 0, 1, 

659.178, 71, 0, 1, 

659.178, 72, 0, 1, 

659.178, 73, 0, 1, 

659.178, 74, 0, 1, 

659.178, 75, 0, 1, 

659.178, 76, 0, 1, 

659.178, 77, 0, 1, 

659.178, 78, 0, 1, 

659.178, 79, 0, 1, 

659.178, 80, 0, 1, 

659.178, 81, 0, 1, 

659.178, 82, 0, 1, 

659.178, 83, 0, 1, 

659.178, 84, 0, 1, 

659.178, 85, 0, 1, 

659.178, 86, 0, 1, 

659.178, 87, 0, 1, 

659.178, 88, 0, 1, 

659.178, 89, 0, 1, 

659.178, 90, 0, 1, 

659.178, 91, 0, 1, 

659.178, 92, 0, 1, 

659.178, 93, 0, 1, 

659.178, 94, 0, 1, 

659.178, 95, 0, 1, 

659.178, 96, 0, 1, 

659.178, 97, 0, 1, 

659.178, 98, 0, 1, 

659.178, 99, 0, 1, 

659.178, 100, 0, 1, 

659.178, 101, 0, 1, 

659.178, 102, 0, 1, 

659.178, 103, 0, 1, 

659.178, 104, 0, 1, 

659.178, 105, 0, 1, 

659.178, 106, 0, 1, 

659.178, 107, 0, 1, 

659.178, 108, 0, 1, 

659.178, 109, 0, 1, 

659.178, 110, 0, 1, 

659.178, 111, 0, 1, 

659.178, 112, 0, 1, 

659.178, 113, 0, 1, 

659.178, 114, 0, 1, 

659.178, 115, 0, 1, 

659.178, 116, 0, 1, 

659.178, 117, 0, 1, 

659.178, 118, 0, 1, 

659.178, 119, 0, 1, 

660.178, 0, 0, 1, 

660.178, 1, 0, 1, 

660.178, 2, 0, 1, 

660.178, 3, 0, 1, 

660.178, 4, 0, 1, 

660.178, 5, 0, 1, 

660.178, 6, 0, 1, 

660.178, 7, 0, 1, 

660.178, 8, 0, 1, 

660.178, 9, 0, 1, 

660.178, 10, 0, 1, 

660.178, 11, 0, 1, 

660.178, 12, 0, 1, 

660.178, 13, 0, 1, 

660.178, 14, 0, 1, 

660.178, 15, 0, 1, 

660.178, 16, 0, 1, 

660.178, 17, 0, 1, 

660.178, 18, 0, 1, 

660.178, 19, 0, 1, 

660.178, 20, 0, 1, 

660.178, 21, 0, 1, 

660.178, 22, 0, 1, 

660.178, 23, 0, 1, 

660.178, 24, 0, 1, 

660.178, 25, 0, 1, 

660.178, 26, 0, 1, 

660.178, 27, 0, 1, 

660.178, 28, 0, 1, 

660.178, 29, 0, 1, 

660.178, 30, 0, 1, 

660.178, 31, 0, 1, 

660.178, 32, 0, 1, 

660.178, 33, 0, 1, 

660.178, 34, 0, 1, 

660.178, 35, 0, 1, 

660.178, 36, 0, 1, 

660.178, 37, 0, 1, 

660.178, 38, 0, 1, 

660.178, 39, 0, 1, 

660.178, 40, 0, 1, 

660.178, 41, 0, 1, 

660.178, 42, 0, 1, 

660.178, 43, 0, 1, 

660.178, 44, 0, 1, 

660.178, 45, 0, 1, 

660.178, 46, 0, 1, 

660.178, 47, 0, 1, 

660.178, 48, 0, 1, 

660.178, 49, 0, 1, 

660.178, 50, 0, 1, 

660.178, 51, 0, 1, 

660.178, 52, 0, 1, 

660.178, 53, 0, 1, 

660.178, 54, 0, 1, 

660.178, 55, 0, 1, 

660.178, 56, 0, 1, 

660.178, 57, 0, 1, 

660.178, 58, 0, 1, 

660.178, 59, 0, 1, 

660.178, 60, 0, 1, 

660.178, 61, 0, 1, 

660.178, 62, 0, 1, 

660.178, 63, 0, 1, 

660.178, 64, 0, 1, 

660.178, 65, 0, 1, 

660.178, 66, 0, 1, 

660.178, 67, 0, 1, 

660.178, 68, 0, 1, 

660.178, 69, 0, 1, 

660.178, 70, 0, 1, 

660.178, 71, 0, 1, 

660.178, 72, 0, 1, 

660.178, 73, 0, 1, 

660.178, 74, 0, 1, 

660.178, 75, 0, 1, 

660.178, 76, 0, 1, 

660.178, 77, 0, 1, 

660.178, 78, 0, 1, 

660.178, 79, 0, 1, 

660.178, 80, 0, 1, 

660.178, 81, 0, 1, 

660.178, 82, 0, 1, 

660.178, 83, 0, 1, 

660.178, 84, 0, 1, 

660.178, 85, 0, 1, 

660.178, 86, 0, 1, 

660.178, 87, 0, 1, 

660.178, 88, 0, 1, 

660.178, 89, 0, 1, 

660.178, 90, 0, 1, 

660.178, 91, 0, 1, 

660.178, 92, 0, 1, 

660.178, 93, 0, 1, 

660.178, 94, 0, 1, 

660.178, 95, 0, 1, 

660.178, 96, 0, 1, 

660.178, 97, 0, 1, 

660.178, 98, 0, 1, 

660.178, 99, 0, 1, 

660.178, 100, 0, 1, 

660.178, 101, 0, 1, 

660.178, 102, 0, 1, 

660.178, 103, 0, 1, 

660.178, 104, 0, 1, 

660.178, 105, 0, 1, 

660.178, 106, 0, 1, 

660.178, 107, 0, 1, 

660.178, 108, 0, 1, 

660.178, 109, 0, 1, 

660.178, 110, 0, 1, 

660.178, 111, 0, 1, 

660.178, 112, 0, 1, 

660.178, 113, 0, 1, 

660.178, 114, 0, 1, 

660.178, 115, 0, 1, 

660.178, 116, 0, 1, 

660.178, 117, 0, 1, 

660.178, 118, 0, 1, 

660.178, 119, 0, 1, 

661.178, 0, 0, 1, 

661.178, 1, 0, 1, 

661.178, 2, 0, 1, 

661.178, 3, 0, 1, 

661.178, 4, 0, 1, 

661.178, 5, 0, 1, 

661.178, 6, 0, 1, 

661.178, 7, 0, 1, 

661.178, 8, 0, 1, 

661.178, 9, 0, 1, 

661.178, 10, 0, 1, 

661.178, 11, 0, 1, 

661.178, 12, 0, 1, 

661.178, 13, 0, 1, 

661.178, 14, 0, 1, 

661.178, 15, 0, 1, 

661.178, 16, 0, 1, 

661.178, 17, 0, 1, 

661.178, 18, 0, 1, 

661.178, 19, 0, 1, 

661.178, 20, 0, 1, 

661.178, 21, 0, 1, 

661.178, 22, 0, 1, 

661.178, 23, 0, 1, 

661.178, 24, 0, 1, 

661.178, 25, 0, 1, 

661.178, 26, 0, 1, 

661.178, 27, 0, 1, 

661.178, 28, 0, 1, 

661.178, 29, 0, 1, 

661.178, 30, 0, 1, 

661.178, 31, 0, 1, 

661.178, 32, 0, 1, 

661.178, 33, 0, 1, 

661.178, 34, 0, 1, 

661.178, 35, 0, 1, 

661.178, 36, 0, 1, 

661.178, 37, 0, 1, 

661.178, 38, 0, 1, 

661.178, 39, 0, 1, 

661.178, 40, 0, 1, 

661.178, 41, 0, 1, 

661.178, 42, 0, 1, 

661.178, 43, 0, 1, 

661.178, 44, 0, 1, 

661.178, 45, 0, 1, 

661.178, 46, 0, 1, 

661.178, 47, 0, 1, 

661.178, 48, 0, 1, 

661.178, 49, 0, 1, 

661.178, 50, 0, 1, 

661.178, 51, 0, 1, 

661.178, 52, 0, 1, 

661.178, 53, 0, 1, 

661.178, 54, 0, 1, 

661.178, 55, 0, 1, 

661.178, 56, 0, 1, 

661.178, 57, 0, 1, 

661.178, 58, 0, 1, 

661.178, 59, 0, 1, 

661.178, 60, 0, 1, 

661.178, 61, 0, 1, 

661.178, 62, 0, 1, 

661.178, 63, 0, 1, 

661.178, 64, 0, 1, 

661.178, 65, 0, 1, 

661.178, 66, 0, 1, 

661.178, 67, 0, 1, 

661.178, 68, 0, 1, 

661.178, 69, 0, 1, 

661.178, 70, 0, 1, 

661.178, 71, 0, 1, 

661.178, 72, 0, 1, 

661.178, 73, 0, 1, 

661.178, 74, 0, 1, 

661.178, 75, 0, 1, 

661.178, 76, 0, 1, 

661.178, 77, 0, 1, 

661.178, 78, 0, 1, 

661.178, 79, 0, 1, 

661.178, 80, 0, 1, 

661.178, 81, 0, 1, 

661.178, 82, 0, 1, 

661.178, 83, 0, 1, 

661.178, 84, 0, 1, 

661.178, 85, 0, 1, 

661.178, 86, 0, 1, 

661.178, 87, 0, 1, 

661.178, 88, 0, 1, 

661.178, 89, 0, 1, 

661.178, 90, 0, 1, 

661.178, 91, 0, 1, 

661.178, 92, 0, 1, 

661.178, 93, 0, 1, 

661.178, 94, 0, 1, 

661.178, 95, 0, 1, 

661.178, 96, 0, 1, 

661.178, 97, 0, 1, 

661.178, 98, 0, 1, 

661.178, 99, 0, 1, 

661.178, 100, 0, 1, 

661.178, 101, 0, 1, 

661.178, 102, 0, 1, 

661.178, 103, 0, 1, 

661.178, 104, 0, 1, 

661.178, 105, 0, 1, 

661.178, 106, 0, 1, 

661.178, 107, 0, 1, 

661.178, 108, 0, 1, 

661.178, 109, 0, 1, 

661.178, 110, 0, 1, 

661.178, 111, 0, 1, 

661.178, 112, 0, 1, 

661.178, 113, 0, 1, 

661.178, 114, 0, 1, 

661.178, 115, 0, 1, 

661.178, 116, 0, 1, 

661.178, 117, 0, 1, 

661.178, 118, 0, 1, 

661.178, 119, 0, 1, 

662.178, 0, 0, 1, 

662.178, 1, 0, 1, 

662.178, 2, 0, 1, 

662.178, 3, 0, 1, 

662.178, 4, 0, 1, 

662.178, 5, 0, 1, 

662.178, 6, 0, 1, 

662.178, 7, 0, 1, 

662.178, 8, 0, 1, 

662.178, 9, 0, 1, 

662.178, 10, 0, 1, 

662.178, 11, 0, 1, 

662.178, 12, 0, 1, 

662.178, 13, 0, 1, 

662.178, 14, 0, 1, 

662.178, 15, 0, 1, 

662.178, 16, 0, 1, 

662.178, 17, 0, 1, 

662.178, 18, 0, 1, 

662.178, 19, 0, 1, 

662.178, 20, 0, 1, 

662.178, 21, 0, 1, 

662.178, 22, 0, 1, 

662.178, 23, 0, 1, 

662.178, 24, 0, 1, 

662.178, 25, 0, 1, 

662.178, 26, 0, 1, 

662.178, 27, 0, 1, 

662.178, 28, 0, 1, 

662.178, 29, 0, 1, 

662.178, 30, 0, 1, 

662.178, 31, 0, 1, 

662.178, 32, 0, 1, 

662.178, 33, 0, 1, 

662.178, 34, 0, 1, 

662.178, 35, 0, 1, 

662.178, 36, 0, 1, 

662.178, 37, 0, 1, 

662.178, 38, 0, 1, 

662.178, 39, 0, 1, 

662.178, 40, 0, 1, 

662.178, 41, 0, 1, 

662.178, 42, 0, 1, 

662.178, 43, 0, 1, 

662.178, 44, 0, 1, 

662.178, 45, 0, 1, 

662.178, 46, 0, 1, 

662.178, 47, 0, 1, 

662.178, 48, 0, 1, 

662.178, 49, 0, 1, 

662.178, 50, 0, 1, 

662.178, 51, 0, 1, 

662.178, 52, 0, 1, 

662.178, 53, 0, 1, 

662.178, 54, 0, 1, 

662.178, 55, 0, 1, 

662.178, 56, 0, 1, 

662.178, 57, 0, 1, 

662.178, 58, 0, 1, 

662.178, 59, 0, 1, 

662.178, 60, 0, 1, 

662.178, 61, 0, 1, 

662.178, 62, 0, 1, 

662.178, 63, 0, 1, 

662.178, 64, 0, 1, 

662.178, 65, 0, 1, 

662.178, 66, 0, 1, 

662.178, 67, 0, 1, 

662.178, 68, 0, 1, 

662.178, 69, 0, 1, 

662.178, 70, 0, 1, 

662.178, 71, 0, 1, 

662.178, 72, 0, 1, 

662.178, 73, 0, 1, 

662.178, 74, 0, 1, 

662.178, 75, 0, 1, 

662.178, 76, 0, 1, 

662.178, 77, 0, 1, 

662.178, 78, 0, 1, 

662.178, 79, 0, 1, 

662.178, 80, 0, 1, 

662.178, 81, 0, 1, 

662.178, 82, 0, 1, 

662.178, 83, 0, 1, 

662.178, 84, 0, 1, 

662.178, 85, 0, 1, 

662.178, 86, 0, 1, 

662.178, 87, 0, 1, 

662.178, 88, 0, 1, 

662.178, 89, 0, 1, 

662.178, 90, 0, 1, 

662.178, 91, 0, 1, 

662.178, 92, 0, 1, 

662.178, 93, 0, 1, 

662.178, 94, 0, 1, 

662.178, 95, 0, 1, 

662.178, 96, 0, 1, 

662.178, 97, 0, 1, 

662.178, 98, 0, 1, 

662.178, 99, 0, 1, 

662.178, 100, 0, 1, 

662.178, 101, 0, 1, 

662.178, 102, 0, 1, 

662.178, 103, 0, 1, 

662.178, 104, 0, 1, 

662.178, 105, 0, 1, 

662.178, 106, 0, 1, 

662.178, 107, 0, 1, 

662.178, 108, 0, 1, 

662.178, 109, 0, 1, 

662.178, 110, 0, 1, 

662.178, 111, 0, 1, 

662.178, 112, 0, 1, 

662.178, 113, 0, 1, 

662.178, 114, 0, 1, 

662.178, 115, 0, 1, 

662.178, 116, 0, 1, 

662.178, 117, 0, 1, 

662.178, 118, 0, 1, 

662.178, 119, 0, 1, 

663.178, 0, 0, 1, 

663.178, 1, 0, 1, 

663.178, 2, 0, 1, 

663.178, 3, 0, 1, 

663.178, 4, 0, 1, 

663.178, 5, 0, 1, 

663.178, 6, 0, 1, 

663.178, 7, 0, 1, 

663.178, 8, 0, 1, 

663.178, 9, 0, 1, 

663.178, 10, 0, 1, 

663.178, 11, 0, 1, 

663.178, 12, 0, 1, 

663.178, 13, 0, 1, 

663.178, 14, 0, 1, 

663.178, 15, 0, 1, 

663.178, 16, 0, 1, 

663.178, 17, 0, 1, 

663.178, 18, 0, 1, 

663.178, 19, 0, 1, 

663.178, 20, 0, 1, 

663.178, 21, 0, 1, 

663.178, 22, 0, 1, 

663.178, 23, 0, 1, 

663.178, 24, 0, 1, 

663.178, 25, 0, 1, 

663.178, 26, 0, 1, 

663.178, 27, 0, 1, 

663.178, 28, 0, 1, 

663.178, 29, 0, 1, 

663.178, 30, 0, 1, 

663.178, 31, 0, 1, 

663.178, 32, 0, 1, 

663.178, 33, 0, 1, 

663.178, 34, 0, 1, 

663.178, 35, 0, 1, 

663.178, 36, 0, 1, 

663.178, 37, 0, 1, 

663.178, 38, 0, 1, 

663.178, 39, 0, 1, 

663.178, 40, 0, 1, 

663.178, 41, 0, 1, 

663.178, 42, 0, 1, 

663.178, 43, 0, 1, 

663.178, 44, 0, 1, 

663.178, 45, 0, 1, 

663.178, 46, 0, 1, 

663.178, 47, 0, 1, 

663.178, 48, 0, 1, 

663.178, 49, 0, 1, 

663.178, 50, 0, 1, 

663.178, 51, 0, 1, 

663.178, 52, 0, 1, 

663.178, 53, 0, 1, 

663.178, 54, 0, 1, 

663.178, 55, 0, 1, 

663.178, 56, 0, 1, 

663.178, 57, 0, 1, 

663.178, 58, 0, 1, 

663.178, 59, 0, 1, 

663.178, 60, 0, 1, 

663.178, 61, 0, 1, 

663.178, 62, 0, 1, 

663.178, 63, 0, 1, 

663.178, 64, 0, 1, 

663.178, 65, 0, 1, 

663.178, 66, 0, 1, 

663.178, 67, 0, 1, 

663.178, 68, 0, 1, 

663.178, 69, 0, 1, 

663.178, 70, 0, 1, 

663.178, 71, 0, 1, 

663.178, 72, 0, 1, 

663.178, 73, 0, 1, 

663.178, 74, 0, 1, 

663.178, 75, 0, 1, 

663.178, 76, 0, 1, 

663.178, 77, 0, 1, 

663.178, 78, 0, 1, 

663.178, 79, 0, 1, 

663.178, 80, 0, 1, 

663.178, 81, 0, 1, 

663.178, 82, 0, 1, 

663.178, 83, 0, 1, 

663.178, 84, 0, 1, 

663.178, 85, 0, 1, 

663.178, 86, 0, 1, 

663.178, 87, 0, 1, 

663.178, 88, 0, 1, 

663.178, 89, 0, 1, 

663.178, 90, 0, 1, 

663.178, 91, 0, 1, 

663.178, 92, 0, 1, 

663.178, 93, 0, 1, 

663.178, 94, 0, 1, 

663.178, 95, 0, 1, 

663.178, 96, 0, 1, 

663.178, 97, 0, 1, 

663.178, 98, 0, 1, 

663.178, 99, 0, 1, 

663.178, 100, 0, 1, 

663.178, 101, 0, 1, 

663.178, 102, 0, 1, 

663.178, 103, 0, 1, 

663.178, 104, 0, 1, 

663.178, 105, 0, 1, 

663.178, 106, 0, 1, 

663.178, 107, 0, 1, 

663.178, 108, 0, 1, 

663.178, 109, 0, 1, 

663.178, 110, 0, 1, 

663.178, 111, 0, 1, 

663.178, 112, 0, 1, 

663.178, 113, 0, 1, 

663.178, 114, 0, 1, 

663.178, 115, 0, 1, 

663.178, 116, 0, 1, 

663.178, 117, 0, 1, 

663.178, 118, 0, 1, 

663.178, 119, 0, 1, 

664.178, 0, 0, 1, 

664.178, 1, 0, 1, 

664.178, 2, 0, 1, 

664.178, 3, 0, 1, 

664.178, 4, 0, 1, 

664.178, 5, 0, 1, 

664.178, 6, 0, 1, 

664.178, 7, 0, 1, 

664.178, 8, 0, 1, 

664.178, 9, 0, 1, 

664.178, 10, 0, 1, 

664.178, 11, 0, 1, 

664.178, 12, 0, 1, 

664.178, 13, 0, 1, 

664.178, 14, 0, 1, 

664.178, 15, 0, 1, 

664.178, 16, 0, 1, 

664.178, 17, 0, 1, 

664.178, 18, 0, 1, 

664.178, 19, 0, 1, 

664.178, 20, 0, 1, 

664.178, 21, 0, 1, 

664.178, 22, 0, 1, 

664.178, 23, 0, 1, 

664.178, 24, 0, 1, 

664.178, 25, 0, 1, 

664.178, 26, 0, 1, 

664.178, 27, 0, 1, 

664.178, 28, 0, 1, 

664.178, 29, 0, 1, 

664.178, 30, 0, 1, 

664.178, 31, 0, 1, 

664.178, 32, 0, 1, 

664.178, 33, 0, 1, 

664.178, 34, 0, 1, 

664.178, 35, 0, 1, 

664.178, 36, 0, 1, 

664.178, 37, 0, 1, 

664.178, 38, 0, 1, 

664.178, 39, 0, 1, 

664.178, 40, 0, 1, 

664.178, 41, 0, 1, 

664.178, 42, 0, 1, 

664.178, 43, 0, 1, 

664.178, 44, 0, 1, 

664.178, 45, 0, 1, 

664.178, 46, 0, 1, 

664.178, 47, 0, 1, 

664.178, 48, 0, 1, 

664.178, 49, 0, 1, 

664.178, 50, 0, 1, 

664.178, 51, 0, 1, 

664.178, 52, 0, 1, 

664.178, 53, 0, 1, 

664.178, 54, 0, 1, 

664.178, 55, 0, 1, 

664.178, 56, 0, 1, 

664.178, 57, 0, 1, 

664.178, 58, 0, 1, 

664.178, 59, 0, 1, 

664.178, 60, 0, 1, 

664.178, 61, 0, 1, 

664.178, 62, 0, 1, 

664.178, 63, 0, 1, 

664.178, 64, 0, 1, 

664.178, 65, 0, 1, 

664.178, 66, 0, 1, 

664.178, 67, 0, 1, 

664.178, 68, 0, 1, 

664.178, 69, 0, 1, 

664.178, 70, 0, 1, 

664.178, 71, 0, 1, 

664.178, 72, 0, 1, 

664.178, 73, 0, 1, 

664.178, 74, 0, 1, 

664.178, 75, 0, 1, 

664.178, 76, 0, 1, 

664.178, 77, 0, 1, 

664.178, 78, 0, 1, 

664.178, 79, 0, 1, 

664.178, 80, 0, 1, 

664.178, 81, 0, 1, 

664.178, 82, 0, 1, 

664.178, 83, 0, 1, 

664.178, 84, 0, 1, 

664.178, 85, 0, 1, 

664.178, 86, 0, 1, 

664.178, 87, 0, 1, 

664.178, 88, 0, 1, 

664.178, 89, 0, 1, 

664.178, 90, 0, 1, 

664.178, 91, 0, 1, 

664.178, 92, 0, 1, 

664.178, 93, 0, 1, 

664.178, 94, 0, 1, 

664.178, 95, 0, 1, 

664.178, 96, 0, 1, 

664.178, 97, 0, 1, 

664.178, 98, 0, 1, 

664.178, 99, 0, 1, 

664.178, 100, 0, 1, 

664.178, 101, 0, 1, 

664.178, 102, 0, 1, 

664.178, 103, 0, 1, 

664.178, 104, 0, 1, 

664.178, 105, 0, 1, 

664.178, 106, 0, 1, 

664.178, 107, 0, 1, 

664.178, 108, 0, 1, 

664.178, 109, 0, 1, 

664.178, 110, 0, 1, 

664.178, 111, 0, 1, 

664.178, 112, 0, 1, 

664.178, 113, 0, 1, 

664.178, 114, 0, 1, 

664.178, 115, 0, 1, 

664.178, 116, 0, 1, 

664.178, 117, 0, 1, 

664.178, 118, 0, 1, 

664.178, 119, 0, 1, 

665.178, 0, 0, 1, 

665.178, 1, 0, 1, 

665.178, 2, 0, 1, 

665.178, 3, 0, 1, 

665.178, 4, 0, 1, 

665.178, 5, 0, 1, 

665.178, 6, 0, 1, 

665.178, 7, 0, 1, 

665.178, 8, 0, 1, 

665.178, 9, 0, 1, 

665.178, 10, 0, 1, 

665.178, 11, 0, 1, 

665.178, 12, 0, 1, 

665.178, 13, 0, 1, 

665.178, 14, 0, 1, 

665.178, 15, 0, 1, 

665.178, 16, 0, 1, 

665.178, 17, 0, 1, 

665.178, 18, 0, 1, 

665.178, 19, 0, 1, 

665.178, 20, 0, 1, 

665.178, 21, 0, 1, 

665.178, 22, 0, 1, 

665.178, 23, 0, 1, 

665.178, 24, 0, 1, 

665.178, 25, 0, 1, 

665.178, 26, 0, 1, 

665.178, 27, 0, 1, 

665.178, 28, 0, 1, 

665.178, 29, 0, 1, 

665.178, 30, 0, 1, 

665.178, 31, 0, 1, 

665.178, 32, 0, 1, 

665.178, 33, 0, 1, 

665.178, 34, 0, 1, 

665.178, 35, 0, 1, 

665.178, 36, 0, 1, 

665.178, 37, 0, 1, 

665.178, 38, 0, 1, 

665.178, 39, 0, 1, 

665.178, 40, 0, 1, 

665.178, 41, 0, 1, 

665.178, 42, 0, 1, 

665.178, 43, 0, 1, 

665.178, 44, 0, 1, 

665.178, 45, 0, 1, 

665.178, 46, 0, 1, 

665.178, 47, 0, 1, 

665.178, 48, 0, 1, 

665.178, 49, 0, 1, 

665.178, 50, 0, 1, 

665.178, 51, 0, 1, 

665.178, 52, 0, 1, 

665.178, 53, 0, 1, 

665.178, 54, 0, 1, 

665.178, 55, 0, 1, 

665.178, 56, 0, 1, 

665.178, 57, 0, 1, 

665.178, 58, 0, 1, 

665.178, 59, 0, 1, 

665.178, 60, 0, 1, 

665.178, 61, 0, 1, 

665.178, 62, 0, 1, 

665.178, 63, 0, 1, 

665.178, 64, 0, 1, 

665.178, 65, 0, 1, 

665.178, 66, 0, 1, 

665.178, 67, 0, 1, 

665.178, 68, 0, 1, 

665.178, 69, 0, 1, 

665.178, 70, 0, 1, 

665.178, 71, 0, 1, 

665.178, 72, 0, 1, 

665.178, 73, 0, 1, 

665.178, 74, 0, 1, 

665.178, 75, 0, 1, 

665.178, 76, 0, 1, 

665.178, 77, 0, 1, 

665.178, 78, 0, 1, 

665.178, 79, 0, 1, 

665.178, 80, 0, 1, 

665.178, 81, 0, 1, 

665.178, 82, 0, 1, 

665.178, 83, 0, 1, 

665.178, 84, 0, 1, 

665.178, 85, 0, 1, 

665.178, 86, 0, 1, 

665.178, 87, 0, 1, 

665.178, 88, 0, 1, 

665.178, 89, 0, 1, 

665.178, 90, 0, 1, 

665.178, 91, 0, 1, 

665.178, 92, 0, 1, 

665.178, 93, 0, 1, 

665.178, 94, 0, 1, 

665.178, 95, 0, 1, 

665.178, 96, 0, 1, 

665.178, 97, 0, 1, 

665.178, 98, 0, 1, 

665.178, 99, 0, 1, 

665.178, 100, 0, 1, 

665.178, 101, 0, 1, 

665.178, 102, 0, 1, 

665.178, 103, 0, 1, 

665.178, 104, 0, 1, 

665.178, 105, 0, 1, 

665.178, 106, 0, 1, 

665.178, 107, 0, 1, 

665.178, 108, 0, 1, 

665.178, 109, 0, 1, 

665.178, 110, 0, 1, 

665.178, 111, 0, 1, 

665.178, 112, 0, 1, 

665.178, 113, 0, 1, 

665.178, 114, 0, 1, 

665.178, 115, 0, 1, 

665.178, 116, 0, 1, 

665.178, 117, 0, 1, 

665.178, 118, 0, 1, 

665.178, 119, 0, 1, 

