x, y, z, u

0, 0, 0, 2.33309e-11, 

0, 1, 0, 2.33309e-11, 

0, 2, 0, 1.98217e-11, 

0, 3, 0, 1.49027e-11, 

0, 4, 0, 1.01581e-11, 

0, 5, 0, 6.38441e-12, 

0, 6, 0, 3.74914e-12, 

0, 7, 0, 2.08004e-12, 

0, 8, 0, 1.10103e-12, 

0, 9, 0, 5.6099e-13, 

0, 10, 0, 2.77358e-13, 

0, 11, 0, 1.34041e-13, 

0, 12, 0, 6.37399e-14, 

0, 13, 0, 2.99982e-14, 

0, 14, 0, 1.4044e-14, 

0, 15, 0, 6.56837e-15, 

0, 16, 0, 3.07984e-15, 

0, 17, 0, 1.45185e-15, 

0, 18, 0, 6.89571e-16, 

0, 19, 0, 3.30513e-16, 

0, 20, 0, 1.60038e-16, 

0, 21, 0, 7.83372e-17, 

0, 22, 0, 3.87733e-17, 

0, 23, 0, 1.9403e-17, 

0, 24, 0, 9.81243e-18, 

0, 25, 0, 5.0111e-18, 

0, 26, 0, 2.5818e-18, 

0, 27, 0, 1.34062e-18, 

0, 28, 0, 7.00967e-19, 

0, 29, 0, 3.68887e-19, 

0, 30, 0, 1.95432e-19, 

0, 31, 0, 1.04374e-19, 

0, 32, 0, 5.63587e-20, 

0, 33, 0, 3.09277e-20, 

0, 34, 0, 1.73897e-20, 

0, 35, 0, 1.01379e-20, 

0, 36, 0, 6.22535e-21, 

0, 37, 0, 4.09955e-21, 

0, 38, 0, 2.94026e-21, 

0, 39, 0, 2.31164e-21, 

0, 40, 0, 1.97984e-21, 

0, 41, 0, 1.81736e-21, 

0, 42, 0, 1.7531e-21, 

0, 43, 0, 1.74644e-21, 

0, 44, 0, 1.77377e-21, 

0, 45, 0, 1.8217e-21, 

0, 46, 0, 1.88359e-21, 

0, 47, 0, 1.95784e-21, 

0, 48, 0, 2.04707e-21, 

0, 49, 0, 2.15766e-21, 

0, 50, 0, 2.29959e-21, 

0, 51, 0, 2.48633e-21, 

0, 52, 0, 2.73475e-21, 

0, 53, 0, 3.06483e-21, 

0, 54, 0, 3.49895e-21, 

0, 55, 0, 4.06031e-21, 

0, 56, 0, 4.77031e-21, 

0, 57, 0, 5.64461e-21, 

0, 58, 0, 6.68813e-21, 

0, 59, 0, 7.88978e-21, 

0, 60, 0, 9.21827e-21, 

0, 61, 0, 1.06205e-20, 

0, 62, 0, 1.20239e-20, 

0, 63, 0, 1.33439e-20, 

0, 64, 0, 1.44946e-20, 

0, 65, 0, 1.54017e-20, 

0, 66, 0, 1.60141e-20, 

0, 67, 0, 1.6312e-20, 

0, 68, 0, 1.6309e-20, 

0, 69, 0, 1.60493e-20, 

0, 70, 0, 1.55997e-20, 

0, 71, 0, 1.50406e-20, 

0, 72, 0, 1.44564e-20, 

0, 73, 0, 1.39291e-20, 

0, 74, 0, 1.35347e-20, 

0, 75, 0, 1.33436e-20, 

0, 76, 0, 1.34257e-20, 

0, 77, 0, 1.38625e-20, 

0, 78, 0, 1.477e-20, 

0, 79, 0, 1.63447e-20, 

0, 80, 0, 1.89547e-20, 

0, 81, 0, 2.33187e-20, 

0, 82, 0, 3.08546e-20, 

0, 83, 0, 4.43621e-20, 

0, 84, 0, 6.93586e-20, 

0, 85, 0, 1.16732e-19, 

0, 86, 0, 2.08095e-19, 

0, 87, 0, 3.86784e-19, 

0, 88, 0, 7.40892e-19, 

0, 89, 0, 1.45228e-18, 

0, 90, 0, 2.90248e-18, 

0, 91, 0, 5.90452e-18, 

0, 92, 0, 1.22165e-17, 

0, 93, 0, 2.56904e-17, 

0, 94, 0, 5.48615e-17, 

0, 95, 0, 1.18823e-16, 

0, 96, 0, 2.60601e-16, 

0, 97, 0, 5.77685e-16, 

0, 98, 0, 1.29168e-15, 

0, 99, 0, 2.90696e-15, 

0, 100, 0, 6.57012e-15, 

0, 101, 0, 1.4879e-14, 

0, 102, 0, 3.36836e-14, 

0, 103, 0, 7.60377e-14, 

0, 104, 0, 1.70705e-13, 

0, 105, 0, 3.8001e-13, 

0, 106, 0, 8.36077e-13, 

0, 107, 0, 1.81129e-12, 

0, 108, 0, 3.84765e-12, 

0, 109, 0, 7.9765e-12, 

0, 110, 0, 1.60519e-11, 

0, 111, 0, 3.11711e-11, 

0, 112, 0, 5.80239e-11, 

0, 113, 0, 1.02769e-10, 

0, 114, 0, 1.71739e-10, 

0, 115, 0, 2.68156e-10, 

0, 116, 0, 3.86616e-10, 

0, 117, 0, 5.06853e-10, 

0, 118, 0, 5.91058e-10, 

0, 119, 0, 5.91058e-10, 

1, 0, 0, 2.33309e-11, 

1, 1, 0, 2.33309e-11, 

1, 2, 0, 1.98217e-11, 

1, 3, 0, 1.49027e-11, 

1, 4, 0, 1.01581e-11, 

1, 5, 0, 6.38441e-12, 

1, 6, 0, 3.74914e-12, 

1, 7, 0, 2.08004e-12, 

1, 8, 0, 1.10103e-12, 

1, 9, 0, 5.6099e-13, 

1, 10, 0, 2.77358e-13, 

1, 11, 0, 1.34041e-13, 

1, 12, 0, 6.37399e-14, 

1, 13, 0, 2.99982e-14, 

1, 14, 0, 1.4044e-14, 

1, 15, 0, 6.56837e-15, 

1, 16, 0, 3.07984e-15, 

1, 17, 0, 1.45185e-15, 

1, 18, 0, 6.89571e-16, 

1, 19, 0, 3.30513e-16, 

1, 20, 0, 1.60038e-16, 

1, 21, 0, 7.83372e-17, 

1, 22, 0, 3.87733e-17, 

1, 23, 0, 1.9403e-17, 

1, 24, 0, 9.81243e-18, 

1, 25, 0, 5.0111e-18, 

1, 26, 0, 2.5818e-18, 

1, 27, 0, 1.34062e-18, 

1, 28, 0, 7.00967e-19, 

1, 29, 0, 3.68887e-19, 

1, 30, 0, 1.95432e-19, 

1, 31, 0, 1.04374e-19, 

1, 32, 0, 5.63587e-20, 

1, 33, 0, 3.09277e-20, 

1, 34, 0, 1.73897e-20, 

1, 35, 0, 1.01379e-20, 

1, 36, 0, 6.22535e-21, 

1, 37, 0, 4.09955e-21, 

1, 38, 0, 2.94026e-21, 

1, 39, 0, 2.31164e-21, 

1, 40, 0, 1.97984e-21, 

1, 41, 0, 1.81736e-21, 

1, 42, 0, 1.7531e-21, 

1, 43, 0, 1.74644e-21, 

1, 44, 0, 1.77377e-21, 

1, 45, 0, 1.8217e-21, 

1, 46, 0, 1.88359e-21, 

1, 47, 0, 1.95784e-21, 

1, 48, 0, 2.04707e-21, 

1, 49, 0, 2.15766e-21, 

1, 50, 0, 2.29959e-21, 

1, 51, 0, 2.48633e-21, 

1, 52, 0, 2.73475e-21, 

1, 53, 0, 3.06483e-21, 

1, 54, 0, 3.49895e-21, 

1, 55, 0, 4.06031e-21, 

1, 56, 0, 4.77031e-21, 

1, 57, 0, 5.64461e-21, 

1, 58, 0, 6.68813e-21, 

1, 59, 0, 7.88978e-21, 

1, 60, 0, 9.21827e-21, 

1, 61, 0, 1.06205e-20, 

1, 62, 0, 1.20239e-20, 

1, 63, 0, 1.33439e-20, 

1, 64, 0, 1.44946e-20, 

1, 65, 0, 1.54017e-20, 

1, 66, 0, 1.60141e-20, 

1, 67, 0, 1.6312e-20, 

1, 68, 0, 1.6309e-20, 

1, 69, 0, 1.60493e-20, 

1, 70, 0, 1.55997e-20, 

1, 71, 0, 1.50406e-20, 

1, 72, 0, 1.44564e-20, 

1, 73, 0, 1.39291e-20, 

1, 74, 0, 1.35347e-20, 

1, 75, 0, 1.33436e-20, 

1, 76, 0, 1.34257e-20, 

1, 77, 0, 1.38625e-20, 

1, 78, 0, 1.477e-20, 

1, 79, 0, 1.63447e-20, 

1, 80, 0, 1.89547e-20, 

1, 81, 0, 2.33187e-20, 

1, 82, 0, 3.08546e-20, 

1, 83, 0, 4.43621e-20, 

1, 84, 0, 6.93586e-20, 

1, 85, 0, 1.16732e-19, 

1, 86, 0, 2.08095e-19, 

1, 87, 0, 3.86784e-19, 

1, 88, 0, 7.40892e-19, 

1, 89, 0, 1.45228e-18, 

1, 90, 0, 2.90248e-18, 

1, 91, 0, 5.90452e-18, 

1, 92, 0, 1.22165e-17, 

1, 93, 0, 2.56904e-17, 

1, 94, 0, 5.48615e-17, 

1, 95, 0, 1.18823e-16, 

1, 96, 0, 2.60601e-16, 

1, 97, 0, 5.77685e-16, 

1, 98, 0, 1.29168e-15, 

1, 99, 0, 2.90696e-15, 

1, 100, 0, 6.57012e-15, 

1, 101, 0, 1.4879e-14, 

1, 102, 0, 3.36836e-14, 

1, 103, 0, 7.60377e-14, 

1, 104, 0, 1.70705e-13, 

1, 105, 0, 3.8001e-13, 

1, 106, 0, 8.36077e-13, 

1, 107, 0, 1.81129e-12, 

1, 108, 0, 3.84765e-12, 

1, 109, 0, 7.9765e-12, 

1, 110, 0, 1.60519e-11, 

1, 111, 0, 3.11711e-11, 

1, 112, 0, 5.80239e-11, 

1, 113, 0, 1.02769e-10, 

1, 114, 0, 1.71739e-10, 

1, 115, 0, 2.68156e-10, 

1, 116, 0, 3.86616e-10, 

1, 117, 0, 5.06853e-10, 

1, 118, 0, 5.91058e-10, 

1, 119, 0, 5.91058e-10, 

2, 0, 0, 1.95374e-11, 

2, 1, 0, 1.95374e-11, 

2, 2, 0, 1.64787e-11, 

2, 3, 0, 1.22625e-11, 

2, 4, 0, 8.26067e-12, 

2, 5, 0, 5.1276e-12, 

2, 6, 0, 2.97326e-12, 

2, 7, 0, 1.62918e-12, 

2, 8, 0, 8.52147e-13, 

2, 9, 0, 4.29362e-13, 

2, 10, 0, 2.10128e-13, 

2, 11, 0, 1.00633e-13, 

2, 12, 0, 4.74793e-14, 

2, 13, 0, 2.21985e-14, 

2, 14, 0, 1.0337e-14, 

2, 15, 0, 4.81451e-15, 

2, 16, 0, 2.25053e-15, 

2, 17, 0, 1.05866e-15, 

2, 18, 0, 5.02158e-16, 

2, 19, 0, 2.40525e-16, 

2, 20, 0, 1.16446e-16, 

2, 21, 0, 5.70101e-17, 

2, 22, 0, 2.82294e-17, 

2, 23, 0, 1.41344e-17, 

2, 24, 0, 7.1522e-18, 

2, 25, 0, 3.65458e-18, 

2, 26, 0, 1.88378e-18, 

2, 27, 0, 9.785e-19, 

2, 28, 0, 5.11721e-19, 

2, 29, 0, 2.69298e-19, 

2, 30, 0, 1.42646e-19, 

2, 31, 0, 7.61558e-20, 

2, 32, 0, 4.11004e-20, 

2, 33, 0, 2.25393e-20, 

2, 34, 0, 1.26629e-20, 

2, 35, 0, 7.37563e-21, 

2, 36, 0, 4.52476e-21, 

2, 37, 0, 2.97677e-21, 

2, 38, 0, 2.133e-21, 

2, 39, 0, 1.67558e-21, 

2, 40, 0, 1.43407e-21, 

2, 41, 0, 1.31562e-21, 

2, 42, 0, 1.26851e-21, 

2, 43, 0, 1.2632e-21, 

2, 44, 0, 1.28257e-21, 

2, 45, 0, 1.31689e-21, 

2, 46, 0, 1.3614e-21, 

2, 47, 0, 1.41497e-21, 

2, 48, 0, 1.47953e-21, 

2, 49, 0, 1.5598e-21, 

2, 50, 0, 1.66307e-21, 

2, 51, 0, 1.79924e-21, 

2, 52, 0, 1.9807e-21, 

2, 53, 0, 2.22214e-21, 

2, 54, 0, 2.54008e-21, 

2, 55, 0, 2.9517e-21, 

2, 56, 0, 3.47292e-21, 

2, 57, 0, 4.11543e-21, 

2, 58, 0, 4.88303e-21, 

2, 59, 0, 5.76762e-21, 

2, 60, 0, 6.74601e-21, 

2, 61, 0, 7.77877e-21, 

2, 62, 0, 8.81209e-21, 

2, 63, 0, 9.78308e-21, 

2, 64, 0, 1.06281e-20, 

2, 65, 0, 1.12923e-20, 

2, 66, 0, 1.17383e-20, 

2, 67, 0, 1.19521e-20, 

2, 68, 0, 1.19445e-20, 

2, 69, 0, 1.17487e-20, 

2, 70, 0, 1.14146e-20, 

2, 71, 0, 1.10018e-20, 

2, 72, 0, 1.05727e-20, 

2, 73, 0, 1.01874e-20, 

2, 74, 0, 9.90162e-21, 

2, 75, 0, 9.767e-21, 

2, 76, 0, 9.83489e-21, 

2, 77, 0, 1.01651e-20, 

2, 78, 0, 1.08433e-20, 

2, 79, 0, 1.20144e-20, 

2, 80, 0, 1.39502e-20, 

2, 81, 0, 1.71803e-20, 

2, 82, 0, 2.27503e-20, 

2, 83, 0, 3.27218e-20, 

2, 84, 0, 5.11533e-20, 

2, 85, 0, 8.60416e-20, 

2, 86, 0, 1.5323e-19, 

2, 87, 0, 2.84428e-19, 

2, 88, 0, 5.43968e-19, 

2, 89, 0, 1.06441e-18, 

2, 90, 0, 2.12341e-18, 

2, 91, 0, 4.31178e-18, 

2, 92, 0, 8.90568e-18, 

2, 93, 0, 1.86986e-17, 

2, 94, 0, 3.98777e-17, 

2, 95, 0, 8.62807e-17, 

2, 96, 0, 1.89102e-16, 

2, 97, 0, 4.19073e-16, 

2, 98, 0, 9.37196e-16, 

2, 99, 0, 2.11061e-15, 

2, 100, 0, 4.77619e-15, 

2, 101, 0, 1.08367e-14, 

2, 102, 0, 2.45958e-14, 

2, 103, 0, 5.571e-14, 

2, 104, 0, 1.25599e-13, 

2, 105, 0, 2.81046e-13, 

2, 106, 0, 6.22158e-13, 

2, 107, 0, 1.35756e-12, 

2, 108, 0, 2.9076e-12, 

2, 109, 0, 6.08347e-12, 

2, 110, 0, 1.23671e-11, 

2, 111, 0, 2.42798e-11, 

2, 112, 0, 4.57226e-11, 

2, 113, 0, 8.19601e-11, 

2, 114, 0, 1.3864e-10, 

2, 115, 0, 2.19078e-10, 

2, 116, 0, 3.19441e-10, 

2, 117, 0, 4.22933e-10, 

2, 118, 0, 4.9663e-10, 

2, 119, 0, 4.9663e-10, 

3, 0, 0, 1.4297e-11, 

3, 1, 0, 1.4297e-11, 

3, 2, 0, 1.19328e-11, 

3, 3, 0, 8.74396e-12, 

3, 4, 0, 5.78523e-12, 

3, 5, 0, 3.52211e-12, 

3, 6, 0, 2.00205e-12, 

3, 7, 0, 1.0755e-12, 

3, 8, 0, 5.51851e-13, 

3, 9, 0, 2.73054e-13, 

3, 10, 0, 1.3141e-13, 

3, 11, 0, 6.19901e-14, 

3, 12, 0, 2.88613e-14, 

3, 13, 0, 1.33416e-14, 

3, 14, 0, 6.15455e-15, 

3, 15, 0, 2.84508e-15, 

3, 16, 0, 1.32231e-15, 

3, 17, 0, 6.19444e-16, 

3, 18, 0, 2.93008e-16, 

3, 19, 0, 1.40116e-16, 

3, 20, 0, 6.77846e-17, 

3, 21, 0, 3.31842e-17, 

3, 22, 0, 1.64382e-17, 

3, 23, 0, 8.23612e-18, 

3, 24, 0, 4.17095e-18, 

3, 25, 0, 2.13294e-18, 

3, 26, 0, 1.1002e-18, 

3, 27, 0, 5.7177e-19, 

3, 28, 0, 2.99095e-19, 

3, 29, 0, 1.57399e-19, 

3, 30, 0, 8.33479e-20, 

3, 31, 0, 4.44708e-20, 

3, 32, 0, 2.39791e-20, 

3, 33, 0, 1.3135e-20, 

3, 34, 0, 7.36946e-21, 

3, 35, 0, 4.28586e-21, 

3, 36, 0, 2.625e-21, 

3, 37, 0, 1.72411e-21, 

3, 38, 0, 1.23349e-21, 

3, 39, 0, 9.67648e-22, 

3, 40, 0, 8.27249e-22, 

3, 41, 0, 7.58253e-22, 

3, 42, 0, 7.30604e-22, 

3, 43, 0, 7.27164e-22, 

3, 44, 0, 7.38011e-22, 

3, 45, 0, 7.57542e-22, 

3, 46, 0, 7.8301e-22, 

3, 47, 0, 8.13803e-22, 

3, 48, 0, 8.51089e-22, 

3, 49, 0, 8.97642e-22, 

3, 50, 0, 9.57768e-22, 

3, 51, 0, 1.03728e-21, 

3, 52, 0, 1.1435e-21, 

3, 53, 0, 1.28513e-21, 

3, 54, 0, 1.47198e-21, 

3, 55, 0, 1.71432e-21, 

3, 56, 0, 2.02174e-21, 

3, 57, 0, 2.40131e-21, 

3, 58, 0, 2.85544e-21, 

3, 59, 0, 3.37936e-21, 

3, 60, 0, 3.95924e-21, 

3, 61, 0, 4.57141e-21, 

3, 62, 0, 5.18354e-21, 

3, 63, 0, 5.75791e-21, 

3, 64, 0, 6.25643e-21, 

3, 65, 0, 6.64651e-21, 

3, 66, 0, 6.90621e-21, 

3, 67, 0, 7.02773e-21, 

3, 68, 0, 7.01819e-21, 

3, 69, 0, 6.89802e-21, 

3, 70, 0, 6.69741e-21, 

3, 71, 0, 6.45195e-21, 

3, 72, 0, 6.19873e-21, 

3, 73, 0, 5.97332e-21, 

3, 74, 0, 5.80851e-21, 

3, 75, 0, 5.73465e-21, 

3, 76, 0, 5.78202e-21, 

3, 77, 0, 5.98611e-21, 

3, 78, 0, 6.39776e-21, 

3, 79, 0, 7.10329e-21, 

3, 80, 0, 8.26424e-21, 

3, 81, 0, 1.01954e-20, 

3, 82, 0, 1.35173e-20, 

3, 83, 0, 1.94519e-20, 

3, 84, 0, 3.03998e-20, 

3, 85, 0, 5.1079e-20, 

3, 86, 0, 9.08093e-20, 

3, 87, 0, 1.68186e-19, 

3, 88, 0, 3.2082e-19, 

3, 89, 0, 6.25989e-19, 

3, 90, 0, 1.24514e-18, 

3, 91, 0, 2.52111e-18, 

3, 92, 0, 5.19314e-18, 

3, 93, 0, 1.08776e-17, 

3, 94, 0, 2.31525e-17, 

3, 95, 0, 5.00205e-17, 

3, 96, 0, 1.09536e-16, 

3, 97, 0, 2.42702e-16, 

3, 98, 0, 5.43086e-16, 

3, 99, 0, 1.2248e-15, 

3, 100, 0, 2.77826e-15, 

3, 101, 0, 6.32519e-15, 

3, 102, 0, 1.44222e-14, 

3, 103, 0, 3.28593e-14, 

3, 104, 0, 7.46238e-14, 

3, 105, 0, 1.68456e-13, 

3, 106, 0, 3.76807e-13, 

3, 107, 0, 8.32132e-13, 

3, 108, 0, 1.80668e-12, 

3, 109, 0, 3.83777e-12, 

3, 110, 0, 7.93206e-12, 

3, 111, 0, 1.58516e-11, 

3, 112, 0, 3.04129e-11, 

3, 113, 0, 5.55728e-11, 

3, 114, 0, 9.5833e-11, 

3, 115, 0, 1.54301e-10, 

3, 116, 0, 2.28946e-10, 

3, 117, 0, 3.07676e-10, 

3, 118, 0, 3.64977e-10, 

3, 119, 0, 3.64977e-10, 

4, 0, 0, 9.36452e-12, 

4, 1, 0, 9.36452e-12, 

4, 2, 0, 7.72035e-12, 

4, 3, 0, 5.55381e-12, 

4, 4, 0, 3.5948e-12, 

4, 5, 0, 2.13682e-12, 

4, 6, 0, 1.18479e-12, 

4, 7, 0, 6.20752e-13, 

4, 8, 0, 3.10813e-13, 

4, 9, 0, 1.50233e-13, 

4, 10, 0, 7.07383e-14, 

4, 11, 0, 3.2711e-14, 

4, 12, 0, 1.49618e-14, 

4, 13, 0, 6.81083e-15, 

4, 14, 0, 3.10149e-15, 

4, 15, 0, 1.41871e-15, 

4, 16, 0, 6.53962e-16, 

4, 17, 0, 3.04471e-16, 

4, 18, 0, 1.434e-16, 

4, 19, 0, 6.83846e-17, 

4, 20, 0, 3.30331e-17, 

4, 21, 0, 1.61629e-17, 

4, 22, 0, 8.00777e-18, 

4, 23, 0, 4.01463e-18, 

4, 24, 0, 2.03481e-18, 

4, 25, 0, 1.04149e-18, 

4, 26, 0, 5.3764e-19, 

4, 27, 0, 2.79572e-19, 

4, 28, 0, 1.46286e-19, 

4, 29, 0, 7.6978e-20, 

4, 30, 0, 4.07441e-20, 

4, 31, 0, 2.17211e-20, 

4, 32, 0, 1.16982e-20, 

4, 33, 0, 6.3981e-21, 

4, 34, 0, 3.58315e-21, 

4, 35, 0, 2.07962e-21, 

4, 36, 0, 1.27097e-21, 

4, 37, 0, 8.32963e-22, 

4, 38, 0, 5.94721e-22, 

4, 39, 0, 4.65729e-22, 

4, 40, 0, 3.97598e-22, 

4, 41, 0, 3.64053e-22, 

4, 42, 0, 3.50509e-22, 

4, 43, 0, 3.48665e-22, 

4, 44, 0, 3.53728e-22, 

4, 45, 0, 3.63001e-22, 

4, 46, 0, 3.75172e-22, 

4, 47, 0, 3.89965e-22, 

4, 48, 0, 4.07969e-22, 

4, 49, 0, 4.30559e-22, 

4, 50, 0, 4.59857e-22, 

4, 51, 0, 4.98737e-22, 

4, 52, 0, 5.50816e-22, 

4, 53, 0, 6.20424e-22, 

4, 54, 0, 7.12466e-22, 

4, 55, 0, 8.32109e-22, 

4, 56, 0, 9.84197e-22, 

4, 57, 0, 1.17237e-21, 

4, 58, 0, 1.39788e-21, 

4, 59, 0, 1.65841e-21, 

4, 60, 0, 1.94699e-21, 

4, 61, 0, 2.25168e-21, 

4, 62, 0, 2.55611e-21, 

4, 63, 0, 2.84123e-21, 

4, 64, 0, 3.08788e-21, 

4, 65, 0, 3.27977e-21, 

4, 66, 0, 3.40614e-21, 

4, 67, 0, 3.46344e-21, 

4, 68, 0, 3.45565e-21, 

4, 69, 0, 3.39339e-21, 

4, 70, 0, 3.29203e-21, 

4, 71, 0, 3.1695e-21, 

4, 72, 0, 3.0443e-21, 

4, 73, 0, 2.93408e-21, 

4, 74, 0, 2.85502e-21, 

4, 75, 0, 2.8221e-21, 

4, 76, 0, 2.85031e-21, 

4, 77, 0, 2.95736e-21, 

4, 78, 0, 3.16866e-21, 

4, 79, 0, 3.52745e-21, 

4, 80, 0, 4.11452e-21, 

4, 81, 0, 5.08715e-21, 

4, 82, 0, 6.75488e-21, 

4, 83, 0, 9.72609e-21, 

4, 84, 0, 1.51928e-20, 

4, 85, 0, 2.54899e-20, 

4, 86, 0, 4.52124e-20, 

4, 87, 0, 8.34921e-20, 

4, 88, 0, 1.58728e-19, 

4, 89, 0, 3.08591e-19, 

4, 90, 0, 6.1154e-19, 

4, 91, 0, 1.23376e-18, 

4, 92, 0, 2.5329e-18, 

4, 93, 0, 5.29004e-18, 

4, 94, 0, 1.12333e-17, 

4, 95, 0, 2.42295e-17, 

4, 96, 0, 5.30137e-17, 

4, 97, 0, 1.17472e-16, 

4, 98, 0, 2.63147e-16, 

4, 99, 0, 5.94774e-16, 

4, 100, 0, 1.3538e-15, 

4, 101, 0, 3.09711e-15, 

4, 102, 0, 7.10687e-15, 

4, 103, 0, 1.63229e-14, 

4, 104, 0, 3.7437e-14, 

4, 105, 0, 8.55141e-14, 

4, 106, 0, 1.93943e-13, 

4, 107, 0, 4.35152e-13, 

4, 108, 0, 9.61819e-13, 

4, 109, 0, 2.0839e-12, 

4, 110, 0, 4.40047e-12, 

4, 111, 0, 8.99705e-12, 

4, 112, 0, 1.76779e-11, 

4, 113, 0, 3.30977e-11, 

4, 114, 0, 5.8474e-11, 

4, 115, 0, 9.63713e-11, 

4, 116, 0, 1.46091e-10, 

4, 117, 0, 1.99907e-10, 

4, 118, 0, 2.40011e-10, 

4, 119, 0, 2.40011e-10, 

5, 0, 0, 5.57883e-12, 

5, 1, 0, 5.57883e-12, 

5, 2, 0, 4.53807e-12, 

5, 3, 0, 3.19869e-12, 

5, 4, 0, 2.02018e-12, 

5, 5, 0, 1.16874e-12, 

5, 6, 0, 6.29843e-13, 

5, 7, 0, 3.20589e-13, 

5, 8, 0, 1.55993e-13, 

5, 9, 0, 7.33456e-14, 

5, 10, 0, 3.36466e-14, 

5, 11, 0, 1.51893e-14, 

5, 12, 0, 6.79867e-15, 

5, 13, 0, 3.0366e-15, 

5, 14, 0, 1.36056e-15, 

5, 15, 0, 6.14069e-16, 

5, 16, 0, 2.80046e-16, 

5, 17, 0, 1.29321e-16, 

5, 18, 0, 6.05481e-17, 

5, 19, 0, 2.87594e-17, 

5, 20, 0, 1.38591e-17, 

5, 21, 0, 6.77348e-18, 

5, 22, 0, 3.35517e-18, 

5, 23, 0, 1.68279e-18, 

5, 24, 0, 8.5357e-19, 

5, 25, 0, 4.37275e-19, 

5, 26, 0, 2.25915e-19, 

5, 27, 0, 1.17545e-19, 

5, 28, 0, 6.15211e-20, 

5, 29, 0, 3.23684e-20, 

5, 30, 0, 1.71221e-20, 

5, 31, 0, 9.11832e-21, 

5, 32, 0, 4.90343e-21, 

5, 33, 0, 2.67676e-21, 

5, 34, 0, 1.49573e-21, 

5, 35, 0, 8.65952e-22, 

5, 36, 0, 5.2784e-22, 

5, 37, 0, 3.45029e-22, 

5, 38, 0, 2.45748e-22, 

5, 39, 0, 1.92052e-22, 

5, 40, 0, 1.63698e-22, 

5, 41, 0, 1.49717e-22, 

5, 42, 0, 1.44036e-22, 

5, 43, 0, 1.43207e-22, 

5, 44, 0, 1.45244e-22, 

5, 45, 0, 1.49033e-22, 

5, 46, 0, 1.54038e-22, 

5, 47, 0, 1.60153e-22, 

5, 48, 0, 1.67634e-22, 

5, 49, 0, 1.77067e-22, 

5, 50, 0, 1.89352e-22, 

5, 51, 0, 2.05712e-22, 

5, 52, 0, 2.27688e-22, 

5, 53, 0, 2.57137e-22, 

5, 54, 0, 2.96172e-22, 

5, 55, 0, 3.47036e-22, 

5, 56, 0, 4.11849e-22, 

5, 57, 0, 4.92217e-22, 

5, 58, 0, 5.88724e-22, 

5, 59, 0, 7.0038e-22, 

5, 60, 0, 8.24167e-22, 

5, 61, 0, 9.54869e-22, 

5, 62, 0, 1.08534e-21, 

5, 63, 0, 1.20728e-21, 

5, 64, 0, 1.31235e-21, 

5, 65, 0, 1.39357e-21, 

5, 66, 0, 1.44638e-21, 

5, 67, 0, 1.46942e-21, 

5, 68, 0, 1.46464e-21, 

5, 69, 0, 1.43678e-21, 

5, 70, 0, 1.39262e-21, 

5, 71, 0, 1.33995e-21, 

5, 72, 0, 1.28673e-21, 

5, 73, 0, 1.24048e-21, 

5, 74, 0, 1.20809e-21, 

5, 75, 0, 1.19593e-21, 

5, 76, 0, 1.21043e-21, 

5, 77, 0, 1.25918e-21, 

5, 78, 0, 1.3532e-21, 

5, 79, 0, 1.51117e-21, 

5, 80, 0, 1.76802e-21, 

5, 81, 0, 2.19156e-21, 

5, 82, 0, 2.91505e-21, 

5, 83, 0, 4.19975e-21, 

5, 84, 0, 6.55593e-21, 

5, 85, 0, 1.09791e-20, 

5, 86, 0, 1.942e-20, 

5, 87, 0, 3.57372e-20, 

5, 88, 0, 6.7671e-20, 

5, 89, 0, 1.31006e-19, 

5, 90, 0, 2.58503e-19, 

5, 91, 0, 5.19363e-19, 

5, 92, 0, 1.06222e-18, 

5, 93, 0, 2.21128e-18, 

5, 94, 0, 4.68367e-18, 

5, 95, 0, 1.00853e-17, 

5, 96, 0, 2.20508e-17, 

5, 97, 0, 4.88811e-17, 

5, 98, 0, 1.09675e-16, 

5, 99, 0, 2.48632e-16, 

5, 100, 0, 5.68472e-16, 

5, 101, 0, 1.30853e-15, 

5, 102, 0, 3.02678e-15, 

5, 103, 0, 7.02179e-15, 

5, 104, 0, 1.6302e-14, 

5, 105, 0, 3.77801e-14, 

5, 106, 0, 8.7139e-14, 

5, 107, 0, 1.99307e-13, 

5, 108, 0, 4.50108e-13, 

5, 109, 0, 9.98529e-13, 

5, 110, 0, 2.16293e-12, 

5, 111, 0, 4.54293e-12, 

5, 112, 0, 9.17865e-12, 

5, 113, 0, 1.76773e-11, 

5, 114, 0, 3.21139e-11, 

5, 115, 0, 5.43558e-11, 

5, 116, 0, 8.44201e-11, 

5, 117, 0, 1.17872e-10, 

5, 118, 0, 1.43411e-10, 

5, 119, 0, 1.43411e-10, 

6, 0, 0, 3.05955e-12, 

6, 1, 0, 3.05955e-12, 

6, 2, 0, 2.45406e-12, 

6, 3, 0, 1.69284e-12, 

6, 4, 0, 1.04142e-12, 

6, 5, 0, 5.85106e-13, 

6, 6, 0, 3.05666e-13, 

6, 7, 0, 1.50697e-13, 

6, 8, 0, 7.10251e-14, 

6, 9, 0, 3.23717e-14, 

6, 10, 0, 1.44158e-14, 

6, 11, 0, 6.33012e-15, 

6, 12, 0, 2.76281e-15, 

6, 13, 0, 1.20668e-15, 

6, 14, 0, 5.30299e-16, 

6, 15, 0, 2.35492e-16, 

6, 16, 0, 1.05993e-16, 

6, 17, 0, 4.84476e-17, 

6, 18, 0, 2.25112e-17, 

6, 19, 0, 1.06359e-17, 

6, 20, 0, 5.10816e-18, 

6, 21, 0, 2.49198e-18, 

6, 22, 0, 1.23354e-18, 

6, 23, 0, 6.18759e-19, 

6, 24, 0, 3.14046e-19, 

6, 25, 0, 1.61011e-19, 

6, 26, 0, 8.32493e-20, 

6, 27, 0, 4.33386e-20, 

6, 28, 0, 2.26869e-20, 

6, 29, 0, 1.19331e-20, 

6, 30, 0, 6.30742e-21, 

6, 31, 0, 3.35464e-21, 

6, 32, 0, 1.80075e-21, 

6, 33, 0, 9.80818e-22, 

6, 34, 0, 5.46636e-22, 

6, 35, 0, 3.15559e-22, 

6, 36, 0, 1.91764e-22, 

6, 37, 0, 1.24973e-22, 

6, 38, 0, 8.87686e-23, 

6, 39, 0, 6.92153e-23, 

6, 40, 0, 5.88966e-23, 

6, 41, 0, 5.38051e-23, 

6, 42, 0, 5.17275e-23, 

6, 43, 0, 5.14107e-23, 

6, 44, 0, 5.2135e-23, 

6, 45, 0, 5.3498e-23, 

6, 46, 0, 5.53078e-23, 

6, 47, 0, 5.75294e-23, 

6, 48, 0, 6.02605e-23, 

6, 49, 0, 6.37193e-23, 

6, 50, 0, 6.82418e-23, 

6, 51, 0, 7.42834e-23, 

6, 52, 0, 8.24219e-23, 

6, 53, 0, 9.33557e-23, 

6, 54, 0, 1.07886e-22, 

6, 55, 0, 1.26869e-22, 

6, 56, 0, 1.51118e-22, 

6, 57, 0, 1.8126e-22, 

6, 58, 0, 2.17529e-22, 

6, 59, 0, 2.59558e-22, 

6, 60, 0, 3.06194e-22, 

6, 61, 0, 3.55437e-22, 

6, 62, 0, 4.04544e-22, 

6, 63, 0, 4.50326e-22, 

6, 64, 0, 4.89612e-22, 

6, 65, 0, 5.19756e-22, 

6, 66, 0, 5.39083e-22, 

6, 67, 0, 5.4715e-22, 

6, 68, 0, 5.44773e-22, 

6, 69, 0, 5.33834e-22, 

6, 70, 0, 5.16949e-22, 

6, 71, 0, 4.97091e-22, 

6, 72, 0, 4.77265e-22, 

6, 73, 0, 4.60296e-22, 

6, 74, 0, 4.48754e-22, 

6, 75, 0, 4.4502e-22, 

6, 76, 0, 4.51512e-22, 

6, 77, 0, 4.71116e-22, 

6, 78, 0, 5.08025e-22, 

6, 79, 0, 5.69363e-22, 

6, 80, 0, 6.68401e-22, 

6, 81, 0, 8.30884e-22, 

6, 82, 0, 1.10726e-21, 

6, 83, 0, 1.59617e-21, 

6, 84, 0, 2.48956e-21, 

6, 85, 0, 4.1603e-21, 

6, 86, 0, 7.33533e-21, 

6, 87, 0, 1.34455e-20, 

6, 88, 0, 2.53468e-20, 

6, 89, 0, 4.88383e-20, 

6, 90, 0, 9.5912e-20, 

6, 91, 0, 1.91825e-19, 

6, 92, 0, 3.90717e-19, 

6, 93, 0, 8.10564e-19, 

6, 94, 0, 1.71232e-18, 

6, 95, 0, 3.68105e-18, 

6, 96, 0, 8.04429e-18, 

6, 97, 0, 1.7846e-17, 

6, 98, 0, 4.01291e-17, 

6, 99, 0, 9.13158e-17, 

6, 100, 0, 2.09939e-16, 

6, 101, 0, 4.86856e-16, 

6, 102, 0, 1.13697e-15, 

6, 103, 0, 2.66913e-15, 

6, 104, 0, 6.28623e-15, 

6, 105, 0, 1.48173e-14, 

6, 106, 0, 3.48518e-14, 

6, 107, 0, 8.1505e-14, 

6, 108, 0, 1.88674e-13, 

6, 109, 0, 4.30002e-13, 

6, 110, 0, 9.58726e-13, 

6, 111, 0, 2.07566e-12, 

6, 112, 0, 4.32651e-12, 

6, 113, 0, 8.59775e-12, 

6, 114, 0, 1.6106e-11, 

6, 115, 0, 2.80647e-11, 

6, 116, 0, 4.47439e-11, 

6, 117, 0, 6.38378e-11, 

6, 118, 0, 7.87727e-11, 

6, 119, 0, 7.87727e-11, 

7, 0, 0, 1.56002e-12, 

7, 1, 0, 1.56002e-12, 

7, 2, 0, 1.23348e-12, 

7, 3, 0, 8.32196e-13, 

7, 4, 0, 4.98183e-13, 

7, 5, 0, 2.71435e-13, 

7, 6, 0, 1.37209e-13, 

7, 7, 0, 6.53757e-14, 

7, 8, 0, 2.97683e-14, 

7, 9, 0, 1.31141e-14, 

7, 10, 0, 5.65157e-15, 

7, 11, 0, 2.40607e-15, 

7, 12, 0, 1.02063e-15, 

7, 13, 0, 4.345e-16, 

7, 14, 0, 1.8672e-16, 

7, 15, 0, 8.13553e-17, 

7, 16, 0, 3.60493e-17, 

7, 17, 0, 1.62747e-17, 

7, 18, 0, 7.4915e-18, 

7, 19, 0, 3.51582e-18, 

7, 20, 0, 1.68104e-18, 

7, 21, 0, 8.17922e-19, 

7, 22, 0, 4.04373e-19, 

7, 23, 0, 2.02787e-19, 

7, 24, 0, 1.02961e-19, 

7, 25, 0, 5.28223e-20, 

7, 26, 0, 2.73293e-20, 

7, 27, 0, 1.42336e-20, 

7, 28, 0, 7.45154e-21, 

7, 29, 0, 3.91777e-21, 

7, 30, 0, 2.06877e-21, 

7, 31, 0, 1.09859e-21, 

7, 32, 0, 5.88481e-22, 

7, 33, 0, 3.19704e-22, 

7, 34, 0, 1.77649e-22, 

7, 35, 0, 1.02217e-22, 

7, 36, 0, 6.19053e-23, 

7, 37, 0, 4.02092e-23, 

7, 38, 0, 2.8475e-23, 

7, 39, 0, 2.21489e-23, 

7, 40, 0, 1.88143e-23, 

7, 41, 0, 1.71694e-23, 

7, 42, 0, 1.64972e-23, 

7, 43, 0, 1.63932e-23, 

7, 44, 0, 1.66255e-23, 

7, 45, 0, 1.7065e-23, 

7, 46, 0, 1.76506e-23, 

7, 47, 0, 1.83721e-23, 

7, 48, 0, 1.92625e-23, 

7, 49, 0, 2.03944e-23, 

7, 50, 0, 2.18793e-23, 

7, 51, 0, 2.38685e-23, 

7, 52, 0, 2.65551e-23, 

7, 53, 0, 3.01735e-23, 

7, 54, 0, 3.49946e-23, 

7, 55, 0, 4.13096e-23, 

7, 56, 0, 4.93979e-23, 

7, 57, 0, 5.94764e-23, 

7, 58, 0, 7.16299e-23, 

7, 59, 0, 8.57359e-23, 

7, 60, 0, 1.01402e-22, 

7, 61, 0, 1.17944e-22, 

7, 62, 0, 1.34421e-22, 

7, 63, 0, 1.49744e-22, 

7, 64, 0, 1.62832e-22, 

7, 65, 0, 1.72798e-22, 

7, 66, 0, 1.7909e-22, 

7, 67, 0, 1.81585e-22, 

7, 68, 0, 1.8059e-22, 

7, 69, 0, 1.76767e-22, 

7, 70, 0, 1.71018e-22, 

7, 71, 0, 1.64354e-22, 

7, 72, 0, 1.57786e-22, 

7, 73, 0, 1.52259e-22, 

7, 74, 0, 1.48629e-22, 

7, 75, 0, 1.47691e-22, 

7, 76, 0, 1.50258e-22, 

7, 77, 0, 1.5731e-22, 

7, 78, 0, 1.70278e-22, 

7, 79, 0, 1.91586e-22, 

7, 80, 0, 2.25747e-22, 

7, 81, 0, 2.81487e-22, 

7, 82, 0, 3.75862e-22, 

7, 83, 0, 5.4212e-22, 

7, 84, 0, 8.44698e-22, 

7, 85, 0, 1.40816e-21, 

7, 86, 0, 2.47408e-21, 

7, 87, 0, 4.51533e-21, 

7, 88, 0, 8.47095e-21, 

7, 89, 0, 1.62389e-20, 

7, 90, 0, 3.1729e-20, 

7, 91, 0, 6.31524e-20, 

7, 92, 0, 1.28077e-19, 

7, 93, 0, 2.6475e-19, 

7, 94, 0, 5.57808e-19, 

7, 95, 0, 1.19732e-18, 

7, 96, 0, 2.61591e-18, 

7, 97, 0, 5.81029e-18, 

7, 98, 0, 1.3102e-17, 

7, 99, 0, 2.99511e-17, 

7, 100, 0, 6.93114e-17, 

7, 101, 0, 1.62143e-16, 

7, 102, 0, 3.82883e-16, 

7, 103, 0, 9.11225e-16, 

7, 104, 0, 2.18161e-15, 

7, 105, 0, 5.24238e-15, 

7, 106, 0, 1.26071e-14, 

7, 107, 0, 3.02291e-14, 

7, 108, 0, 7.19364e-14, 

7, 109, 0, 1.68932e-13, 

7, 110, 0, 3.88828e-13, 

7, 111, 0, 8.70198e-13, 

7, 112, 0, 1.87626e-12, 

7, 113, 0, 3.85646e-12, 

7, 114, 0, 7.46485e-12, 

7, 115, 0, 1.34138e-11, 

7, 116, 0, 2.1982e-11, 

7, 117, 0, 3.20758e-11, 

7, 118, 0, 4.01611e-11, 

7, 119, 0, 4.01611e-11, 

8, 0, 0, 7.45928e-13, 

8, 1, 0, 7.45928e-13, 

8, 2, 0, 5.81415e-13, 

8, 3, 0, 3.83605e-13, 

8, 4, 0, 2.23371e-13, 

8, 5, 0, 1.17937e-13, 

8, 6, 0, 5.76213e-14, 

8, 7, 0, 2.64928e-14, 

8, 8, 0, 1.1632e-14, 

8, 9, 0, 4.94157e-15, 

8, 10, 0, 2.05541e-15, 

8, 11, 0, 8.45942e-16, 

8, 12, 0, 3.47695e-16, 

8, 13, 0, 1.4383e-16, 

8, 14, 0, 6.02576e-17, 

8, 15, 0, 2.56869e-17, 

8, 16, 0, 1.11768e-17, 

8, 17, 0, 4.97259e-18, 

8, 18, 0, 2.26331e-18, 

8, 19, 0, 1.05346e-18, 

8, 20, 0, 5.00852e-19, 

8, 21, 0, 2.42832e-19, 

8, 22, 0, 1.19827e-19, 

8, 23, 0, 6.0049e-20, 

8, 24, 0, 3.04901e-20, 

8, 25, 0, 1.56493e-20, 

8, 26, 0, 8.10069e-21, 

8, 27, 0, 4.22028e-21, 

8, 28, 0, 2.20918e-21, 

8, 29, 0, 1.16081e-21, 

8, 30, 0, 6.12222e-22, 

8, 31, 0, 3.24521e-22, 

8, 32, 0, 1.7342e-22, 

8, 33, 0, 9.39394e-23, 

8, 34, 0, 5.2025e-23, 

8, 35, 0, 2.9826e-23, 

8, 36, 0, 1.79958e-23, 

8, 37, 0, 1.16464e-23, 

8, 38, 0, 8.22117e-24, 

8, 39, 0, 6.3786e-24, 

8, 40, 0, 5.40902e-24, 

8, 41, 0, 4.93141e-24, 

8, 42, 0, 4.73667e-24, 

8, 43, 0, 4.70712e-24, 

8, 44, 0, 4.7755e-24, 

8, 45, 0, 4.90449e-24, 

8, 46, 0, 5.07653e-24, 

8, 47, 0, 5.289e-24, 

8, 48, 0, 5.55193e-24, 

8, 49, 0, 5.88707e-24, 

8, 50, 0, 6.32783e-24, 

8, 51, 0, 6.91968e-24, 

8, 52, 0, 7.72082e-24, 

8, 53, 0, 8.80241e-24, 

8, 54, 0, 1.02472e-23, 

8, 55, 0, 1.21446e-23, 

8, 56, 0, 1.45813e-23, 

8, 57, 0, 1.76253e-23, 

8, 58, 0, 2.13038e-23, 

8, 59, 0, 2.55803e-23, 

8, 60, 0, 3.03339e-23, 

8, 61, 0, 3.53529e-23, 

8, 62, 0, 4.03459e-23, 

8, 63, 0, 4.49765e-23, 

8, 64, 0, 4.89134e-23, 

8, 65, 0, 5.18864e-23, 

8, 66, 0, 5.37333e-23, 

8, 67, 0, 5.44247e-23, 

8, 68, 0, 5.40634e-23, 

8, 69, 0, 5.28599e-23, 

8, 70, 0, 5.10949e-23, 

8, 71, 0, 4.90787e-23, 

8, 72, 0, 4.71187e-23, 

8, 73, 0, 4.54999e-23, 

8, 74, 0, 4.44801e-23, 

8, 75, 0, 4.42997e-23, 

8, 76, 0, 4.52067e-23, 

8, 77, 0, 4.75028e-23, 

8, 78, 0, 5.16297e-23, 

8, 79, 0, 5.83363e-23, 

8, 80, 0, 6.90104e-23, 

8, 81, 0, 8.6329e-23, 

8, 82, 0, 1.15509e-22, 

8, 83, 0, 1.66686e-22, 

8, 84, 0, 2.59416e-22, 

8, 85, 0, 4.31314e-22, 

8, 86, 0, 7.54911e-22, 

8, 87, 0, 1.37137e-21, 

8, 88, 0, 2.55952e-21, 

8, 89, 0, 4.88026e-21, 

8, 90, 0, 9.48464e-21, 

8, 91, 0, 1.87832e-20, 

8, 92, 0, 3.79242e-20, 

8, 93, 0, 7.81103e-20, 

8, 94, 0, 1.64149e-19, 

8, 95, 0, 3.51871e-19, 

8, 96, 0, 7.68838e-19, 

8, 97, 0, 1.71058e-18, 

8, 98, 0, 3.87069e-18, 

8, 99, 0, 8.89665e-18, 

8, 100, 0, 2.07457e-17, 

8, 101, 0, 4.902e-17, 

8, 102, 0, 1.17229e-16, 

8, 103, 0, 2.83349e-16, 

8, 104, 0, 6.91036e-16, 

8, 105, 0, 1.69676e-15, 

8, 106, 0, 4.18228e-15, 

8, 107, 0, 1.03089e-14, 

8, 108, 0, 2.52868e-14, 

8, 109, 0, 6.13496e-14, 

8, 110, 0, 1.46144e-13, 

8, 111, 0, 3.38894e-13, 

8, 112, 0, 7.57421e-13, 

8, 113, 0, 1.61309e-12, 

8, 114, 0, 3.23105e-12, 

8, 115, 0, 5.99385e-12, 

8, 116, 0, 1.01038e-11, 

8, 117, 0, 1.50851e-11, 

8, 118, 0, 1.91684e-11, 

8, 119, 0, 1.91684e-11, 

9, 0, 0, 3.37071e-13, 

9, 1, 0, 3.37071e-13, 

9, 2, 0, 2.59074e-13, 

9, 3, 0, 1.67207e-13, 

9, 4, 0, 9.47192e-14, 

9, 5, 0, 4.84563e-14, 

9, 6, 0, 2.28716e-14, 

9, 7, 0, 1.01385e-14, 

9, 8, 0, 4.28664e-15, 

9, 9, 0, 1.75302e-15, 

9, 10, 0, 7.02216e-16, 

9, 11, 0, 2.78679e-16, 

9, 12, 0, 1.10669e-16, 

9, 13, 0, 4.43515e-17, 

9, 14, 0, 1.806e-17, 

9, 15, 0, 7.51032e-18, 

9, 16, 0, 3.20028e-18, 

9, 17, 0, 1.3998e-18, 

9, 18, 0, 6.2871e-19, 

9, 19, 0, 2.89743e-19, 

9, 20, 0, 1.36794e-19, 

9, 21, 0, 6.60217e-20, 

9, 22, 0, 3.24927e-20, 

9, 23, 0, 1.62628e-20, 

9, 24, 0, 8.25478e-21, 

9, 25, 0, 4.2375e-21, 

9, 26, 0, 2.19411e-21, 

9, 27, 0, 1.14321e-21, 

9, 28, 0, 5.98261e-22, 

9, 29, 0, 3.14093e-22, 

9, 30, 0, 1.65415e-22, 

9, 31, 0, 8.74976e-23, 

9, 32, 0, 4.66309e-23, 

9, 33, 0, 2.51773e-23, 

9, 34, 0, 1.38923e-23, 

9, 35, 0, 7.93288e-24, 

9, 36, 0, 4.76696e-24, 

9, 37, 0, 3.07308e-24, 

9, 38, 0, 2.16196e-24, 

9, 39, 0, 1.6731e-24, 

9, 40, 0, 1.41646e-24, 

9, 41, 0, 1.2904e-24, 

9, 42, 0, 1.23932e-24, 

9, 43, 0, 1.23204e-24, 

9, 44, 0, 1.25078e-24, 

9, 45, 0, 1.2857e-24, 

9, 46, 0, 1.3322e-24, 

9, 47, 0, 1.38965e-24, 

9, 48, 0, 1.46084e-24, 

9, 49, 0, 1.55173e-24, 

9, 50, 0, 1.67145e-24, 

9, 51, 0, 1.83247e-24, 

9, 52, 0, 2.05086e-24, 

9, 53, 0, 2.34635e-24, 

9, 54, 0, 2.74201e-24, 

9, 55, 0, 3.26301e-24, 

9, 56, 0, 3.93386e-24, 

9, 57, 0, 4.77397e-24, 

9, 58, 0, 5.79141e-24, 

9, 59, 0, 6.97609e-24, 

9, 60, 0, 8.29406e-24, 

9, 61, 0, 9.6854e-24, 

9, 62, 0, 1.10677e-23, 

9, 63, 0, 1.23462e-23, 

9, 64, 0, 1.34277e-23, 

9, 65, 0, 1.42377e-23, 

9, 66, 0, 1.47323e-23, 

9, 67, 0, 1.49059e-23, 

9, 68, 0, 1.47897e-23, 

9, 69, 0, 1.44446e-23, 

9, 70, 0, 1.39505e-23, 

9, 71, 0, 1.33942e-23, 

9, 72, 0, 1.28611e-23, 

9, 73, 0, 1.24299e-23, 

9, 74, 0, 1.21714e-23, 

9, 75, 0, 1.21524e-23, 

9, 76, 0, 1.24421e-23, 

9, 77, 0, 1.31258e-23, 

9, 78, 0, 1.43285e-23, 

9, 79, 0, 1.62621e-23, 

9, 80, 0, 1.93176e-23, 

9, 81, 0, 2.42467e-23, 

9, 82, 0, 3.25098e-23, 

9, 83, 0, 4.69332e-23, 

9, 84, 0, 7.29464e-23, 

9, 85, 0, 1.20935e-22, 

9, 86, 0, 2.10809e-22, 

9, 87, 0, 3.81088e-22, 

9, 88, 0, 7.07433e-22, 

9, 89, 0, 1.34133e-21, 

9, 90, 0, 2.59248e-21, 

9, 91, 0, 5.10771e-21, 

9, 92, 0, 1.02664e-20, 

9, 93, 0, 2.10694e-20, 

9, 94, 0, 4.41694e-20, 

9, 95, 0, 9.45803e-20, 

9, 96, 0, 2.06759e-19, 

9, 97, 0, 4.61047e-19, 

9, 98, 0, 1.04763e-18, 

9, 99, 0, 2.42331e-18, 

9, 100, 0, 5.70048e-18, 

9, 101, 0, 1.3624e-17, 

9, 102, 0, 3.30496e-17, 

9, 103, 0, 8.12809e-17, 

9, 104, 0, 2.02352e-16, 

9, 105, 0, 5.08857e-16, 

9, 106, 0, 1.28871e-15, 

9, 107, 0, 3.27366e-15, 

9, 108, 0, 8.29755e-15, 

9, 109, 0, 2.08473e-14, 

9, 110, 0, 5.1509e-14, 

9, 111, 0, 1.23995e-13, 

9, 112, 0, 2.87712e-13, 

9, 113, 0, 6.35664e-13, 

9, 114, 0, 1.31867e-12, 

9, 115, 0, 2.52671e-12, 

9, 116, 0, 4.38227e-12, 

9, 117, 0, 6.69455e-12, 

9, 118, 0, 8.63244e-12, 

9, 119, 0, 8.63244e-12, 

10, 0, 0, 1.44973e-13, 

10, 1, 0, 1.44973e-13, 

10, 2, 0, 1.09933e-13, 

10, 3, 0, 6.94523e-14, 

10, 4, 0, 3.82983e-14, 

10, 5, 0, 1.8992e-14, 

10, 6, 0, 8.66146e-15, 

10, 7, 0, 3.70081e-15, 

10, 8, 0, 1.50577e-15, 

10, 9, 0, 5.92063e-16, 

10, 10, 0, 2.28015e-16, 

10, 11, 0, 8.70642e-17, 

10, 12, 0, 3.33192e-17, 

10, 13, 0, 1.28991e-17, 

10, 14, 0, 5.08981e-18, 

10, 15, 0, 2.05862e-18, 

10, 16, 0, 8.56629e-19, 

10, 17, 0, 3.67422e-19, 

10, 18, 0, 1.62482e-19, 

10, 19, 0, 7.40032e-20, 

10, 20, 0, 3.46438e-20, 

10, 21, 0, 1.66252e-20, 

10, 22, 0, 8.15349e-21, 

10, 23, 0, 4.07321e-21, 

10, 24, 0, 2.06587e-21, 

10, 25, 0, 1.06029e-21, 

10, 26, 0, 5.49007e-22, 

10, 27, 0, 2.86014e-22, 

10, 28, 0, 1.49598e-22, 

10, 29, 0, 7.84556e-23, 

10, 30, 0, 4.12468e-23, 

10, 31, 0, 2.17655e-23, 

10, 32, 0, 1.15645e-23, 

10, 33, 0, 6.22164e-24, 

10, 34, 0, 3.41918e-24, 

10, 35, 0, 1.94408e-24, 

10, 36, 0, 1.16315e-24, 

10, 37, 0, 7.4676e-25, 

10, 38, 0, 5.23519e-25, 

10, 39, 0, 4.04099e-25, 

10, 40, 0, 3.41598e-25, 

10, 41, 0, 3.1103e-25, 

10, 42, 0, 2.98783e-25, 

10, 43, 0, 2.97243e-25, 

10, 44, 0, 3.0208e-25, 

10, 45, 0, 3.10899e-25, 

10, 46, 0, 3.22591e-25, 

10, 47, 0, 3.3702e-25, 

10, 48, 0, 3.54895e-25, 

10, 49, 0, 3.7772e-25, 

10, 50, 0, 4.07803e-25, 

10, 51, 0, 4.48308e-25, 

10, 52, 0, 5.03324e-25, 

10, 53, 0, 5.77907e-25, 

10, 54, 0, 6.78005e-25, 

10, 55, 0, 8.10145e-25, 

10, 56, 0, 9.80735e-25, 

10, 57, 0, 1.19489e-24, 

10, 58, 0, 1.45478e-24, 

10, 59, 0, 1.75786e-24, 

10, 60, 0, 2.0953e-24, 

10, 61, 0, 2.45145e-24, 

10, 62, 0, 2.80482e-24, 

10, 63, 0, 3.13069e-24, 

10, 64, 0, 3.40503e-24, 

10, 65, 0, 3.60872e-24, 

10, 66, 0, 3.73094e-24, 

10, 67, 0, 3.77084e-24, 

10, 68, 0, 3.73714e-24, 

10, 69, 0, 3.64611e-24, 

10, 70, 0, 3.51863e-24, 

10, 71, 0, 3.37718e-24, 

10, 72, 0, 3.24363e-24, 

10, 73, 0, 3.13803e-24, 

10, 74, 0, 3.07845e-24, 

10, 75, 0, 3.08196e-24, 

10, 76, 0, 3.16655e-24, 

10, 77, 0, 3.35453e-24, 

10, 78, 0, 3.67873e-24, 

10, 79, 0, 4.1946e-24, 

10, 80, 0, 5.0041e-24, 

10, 81, 0, 6.30251e-24, 

10, 82, 0, 8.46782e-24, 

10, 83, 0, 1.22287e-23, 

10, 84, 0, 1.89786e-23, 

10, 85, 0, 3.13677e-23, 

10, 86, 0, 5.44458e-23, 

10, 87, 0, 9.79237e-23, 

10, 88, 0, 1.8077e-22, 

10, 89, 0, 3.40784e-22, 

10, 90, 0, 6.54962e-22, 

10, 91, 0, 1.28371e-21, 

10, 92, 0, 2.56871e-21, 

10, 93, 0, 5.25337e-21, 

10, 94, 0, 1.09886e-20, 

10, 95, 0, 2.35124e-20, 

10, 96, 0, 5.14488e-20, 

10, 97, 0, 1.15054e-19, 

10, 98, 0, 2.62746e-19, 

10, 99, 0, 6.12259e-19, 

10, 100, 0, 1.45471e-18, 

10, 101, 0, 3.52179e-18, 

10, 102, 0, 8.68105e-18, 

10, 103, 0, 2.17665e-17, 

10, 104, 0, 5.5437e-17, 

10, 105, 0, 1.43112e-16, 

10, 106, 0, 3.73303e-16, 

10, 107, 0, 9.79649e-16, 

10, 108, 0, 2.57172e-15, 

10, 109, 0, 6.70523e-15, 

10, 110, 0, 1.72143e-14, 

10, 111, 0, 4.30797e-14, 

10, 112, 0, 1.03885e-13, 

10, 113, 0, 2.38263e-13, 

10, 114, 0, 5.12056e-13, 

10, 115, 0, 1.01342e-12, 

10, 116, 0, 1.80797e-12, 

10, 117, 0, 2.82498e-12, 

10, 118, 0, 3.69539e-12, 

10, 119, 0, 3.69539e-12, 

11, 0, 0, 5.97364e-14, 

11, 1, 0, 5.97364e-14, 

11, 2, 0, 4.47238e-14, 

11, 3, 0, 2.76858e-14, 

11, 4, 0, 1.48771e-14, 

11, 5, 0, 7.15816e-15, 

11, 6, 0, 3.15653e-15, 

11, 7, 0, 1.3005e-15, 

11, 8, 0, 5.09168e-16, 

11, 9, 0, 1.92379e-16, 

11, 10, 0, 7.11475e-17, 

11, 11, 0, 2.60924e-17, 

11, 12, 0, 9.60077e-18, 

11, 13, 0, 3.58064e-18, 

11, 14, 0, 1.36498e-18, 

11, 15, 0, 5.35277e-19, 

11, 16, 0, 2.16851e-19, 

11, 17, 0, 9.09512e-20, 

11, 18, 0, 3.9503e-20, 

11, 19, 0, 1.77444e-20, 

11, 20, 0, 8.22294e-21, 

11, 21, 0, 3.91853e-21, 

11, 22, 0, 1.91313e-21, 

11, 23, 0, 9.53236e-22, 

11, 24, 0, 4.82818e-22, 

11, 25, 0, 2.47655e-22, 

11, 26, 0, 1.28191e-22, 

11, 27, 0, 6.67554e-23, 

11, 28, 0, 3.48884e-23, 

11, 29, 0, 1.82722e-23, 

11, 30, 0, 9.58691e-24, 

11, 31, 0, 5.04522e-24, 

11, 32, 0, 2.67166e-24, 

11, 33, 0, 1.43171e-24, 

11, 34, 0, 7.83401e-25, 

11, 35, 0, 4.43382e-25, 

11, 36, 0, 2.64054e-25, 

11, 37, 0, 1.68799e-25, 

11, 38, 0, 1.17912e-25, 

11, 39, 0, 9.07841e-26, 

11, 40, 0, 7.66405e-26, 

11, 41, 0, 6.97652e-26, 

11, 42, 0, 6.70569e-26, 

11, 43, 0, 6.67864e-26, 

11, 44, 0, 6.79722e-26, 

11, 45, 0, 7.00721e-26, 

11, 46, 0, 7.28357e-26, 

11, 47, 0, 7.6236e-26, 

11, 48, 0, 8.04406e-26, 

11, 49, 0, 8.58031e-26, 

11, 50, 0, 9.28677e-26, 

11, 51, 0, 1.02383e-25, 

11, 52, 0, 1.1532e-25, 

11, 53, 0, 1.32888e-25, 

11, 54, 0, 1.56516e-25, 

11, 55, 0, 1.87783e-25, 

11, 56, 0, 2.28249e-25, 

11, 57, 0, 2.79167e-25, 

11, 58, 0, 3.41085e-25, 

11, 59, 0, 4.13395e-25, 

11, 60, 0, 4.9396e-25, 

11, 61, 0, 5.78973e-25, 

11, 62, 0, 6.63203e-25, 

11, 63, 0, 7.40655e-25, 

11, 64, 0, 8.05537e-25, 

11, 65, 0, 8.53301e-25, 

11, 66, 0, 8.81453e-25, 

11, 67, 0, 8.89935e-25, 

11, 68, 0, 8.81003e-25, 

11, 69, 0, 8.58693e-25, 

11, 70, 0, 8.2809e-25, 

11, 71, 0, 7.94615e-25, 

11, 72, 0, 7.63494e-25, 

11, 73, 0, 7.3949e-25, 

11, 74, 0, 7.26909e-25, 

11, 75, 0, 7.29845e-25, 

11, 76, 0, 7.52662e-25, 

11, 77, 0, 8.00827e-25, 

11, 78, 0, 8.82402e-25, 

11, 79, 0, 1.01096e-24, 

11, 80, 0, 1.21133e-24, 

11, 81, 0, 1.53089e-24, 

11, 82, 0, 2.06099e-24, 

11, 83, 0, 2.97702e-24, 

11, 84, 0, 4.6127e-24, 

11, 85, 0, 7.59918e-24, 

11, 86, 0, 1.31316e-23, 

11, 87, 0, 2.34943e-23, 

11, 88, 0, 4.31247e-23, 

11, 89, 0, 8.08247e-23, 

11, 90, 0, 1.54462e-22, 

11, 91, 0, 3.0118e-22, 

11, 92, 0, 6.00025e-22, 

11, 93, 0, 1.2231e-21, 

11, 94, 0, 2.55342e-21, 

11, 95, 0, 5.46177e-21, 

11, 96, 0, 1.19693e-20, 

11, 97, 0, 2.68628e-20, 

11, 98, 0, 6.17098e-20, 

11, 99, 0, 1.45026e-19, 

11, 100, 0, 3.48517e-19, 

11, 101, 0, 8.56072e-19, 

11, 102, 0, 2.14828e-18, 

11, 103, 0, 5.50338e-18, 

11, 104, 0, 1.43729e-17, 

11, 105, 0, 3.81831e-17, 

11, 106, 0, 1.02837e-16, 

11, 107, 0, 2.79454e-16, 

11, 108, 0, 7.61423e-16, 

11, 109, 0, 2.06389e-15, 

11, 110, 0, 5.51325e-15, 

11, 111, 0, 1.43571e-14, 

11, 112, 0, 3.59998e-14, 

11, 113, 0, 8.57199e-14, 

11, 114, 0, 1.90805e-13, 

11, 115, 0, 3.89844e-13, 

11, 116, 0, 7.14923e-13, 

11, 117, 0, 1.14176e-12, 

11, 118, 0, 1.51431e-12, 

11, 119, 0, 1.51431e-12, 

12, 0, 0, 2.37247e-14, 

12, 1, 0, 2.37247e-14, 

12, 2, 0, 1.75529e-14, 

12, 3, 0, 1.06607e-14, 

12, 4, 0, 5.59027e-15, 

12, 5, 0, 2.61352e-15, 

12, 6, 0, 1.11577e-15, 

12, 7, 0, 4.43706e-16, 

12, 8, 0, 1.67259e-16, 

12, 9, 0, 6.07288e-17, 

12, 10, 0, 2.15553e-17, 

12, 11, 0, 7.58313e-18, 

12, 12, 0, 2.67759e-18, 

12, 13, 0, 9.59611e-19, 

12, 14, 0, 3.52363e-19, 

12, 15, 0, 1.33542e-19, 

12, 16, 0, 5.24988e-20, 

12, 17, 0, 2.1465e-20, 

12, 18, 0, 9.13137e-21, 

12, 19, 0, 4.03578e-21, 

12, 20, 0, 1.84779e-21, 

12, 21, 0, 8.7307e-22, 

12, 22, 0, 4.23854e-22, 

12, 23, 0, 2.10454e-22, 

12, 24, 0, 1.06384e-22, 

12, 25, 0, 5.45087e-23, 

12, 26, 0, 2.81948e-23, 

12, 27, 0, 1.46714e-23, 

12, 28, 0, 7.65929e-24, 

12, 29, 0, 4.00478e-24, 

12, 30, 0, 2.09632e-24, 

12, 31, 0, 1.09988e-24, 

12, 32, 0, 5.80295e-25, 

12, 33, 0, 3.09658e-25, 

12, 34, 0, 1.68651e-25, 

12, 35, 0, 9.49858e-26, 

12, 36, 0, 5.62942e-26, 

12, 37, 0, 3.58257e-26, 

12, 38, 0, 2.49341e-26, 

12, 39, 0, 1.91504e-26, 

12, 40, 0, 1.61488e-26, 

12, 41, 0, 1.47014e-26, 

12, 42, 0, 1.41447e-26, 

12, 43, 0, 1.41098e-26, 

12, 44, 0, 1.43878e-26, 

12, 45, 0, 1.48633e-26, 

12, 46, 0, 1.54831e-26, 

12, 47, 0, 1.6242e-26, 

12, 48, 0, 1.71773e-26, 

12, 49, 0, 1.83671e-26, 

12, 50, 0, 1.99323e-26, 

12, 51, 0, 2.20394e-26, 

12, 52, 0, 2.4906e-26, 

12, 53, 0, 2.88038e-26, 

12, 54, 0, 3.40564e-26, 

12, 55, 0, 4.10228e-26, 

12, 56, 0, 5.00597e-26, 

12, 57, 0, 6.14562e-26, 

12, 58, 0, 7.53409e-26, 

12, 59, 0, 9.15778e-26, 

12, 60, 0, 1.09679e-25, 

12, 61, 0, 1.28775e-25, 

12, 62, 0, 1.47668e-25, 

12, 63, 0, 1.64992e-25, 

12, 64, 0, 1.79434e-25, 

12, 65, 0, 1.89976e-25, 

12, 66, 0, 1.96079e-25, 

12, 67, 0, 1.97764e-25, 

12, 68, 0, 1.95573e-25, 

12, 69, 0, 1.90447e-25, 

12, 70, 0, 1.83549e-25, 

12, 71, 0, 1.76108e-25, 

12, 72, 0, 1.693e-25, 

12, 73, 0, 1.6419e-25, 

12, 74, 0, 1.61745e-25, 

12, 75, 0, 1.62894e-25, 

12, 76, 0, 1.68635e-25, 

12, 77, 0, 1.80235e-25, 

12, 78, 0, 1.99561e-25, 

12, 79, 0, 2.29745e-25, 

12, 80, 0, 2.76489e-25, 

12, 81, 0, 3.5062e-25, 

12, 82, 0, 4.72937e-25, 

12, 83, 0, 6.83197e-25, 

12, 84, 0, 1.05667e-24, 

12, 85, 0, 1.73489e-24, 

12, 86, 0, 2.98422e-24, 

12, 87, 0, 5.31065e-24, 

12, 88, 0, 9.69179e-24, 

12, 89, 0, 1.80582e-23, 

12, 90, 0, 3.43167e-23, 

12, 91, 0, 6.65735e-23, 

12, 92, 0, 1.32073e-22, 

12, 93, 0, 2.68404e-22, 

12, 94, 0, 5.5946e-22, 

12, 95, 0, 1.19689e-21, 

12, 96, 0, 2.62863e-21, 

12, 97, 0, 5.92565e-21, 

12, 98, 0, 1.37077e-20, 

12, 99, 0, 3.25318e-20, 

12, 100, 0, 7.91955e-20, 

12, 101, 0, 1.97736e-19, 

12, 102, 0, 5.0624e-19, 

12, 103, 0, 1.32812e-18, 

12, 104, 0, 3.56569e-18, 

12, 105, 0, 9.7732e-18, 

12, 106, 0, 2.7245e-17, 

12, 107, 0, 7.68394e-17, 

12, 108, 0, 2.17717e-16, 

12, 109, 0, 6.1441e-16, 

12, 110, 0, 1.7094e-15, 

12, 111, 0, 4.63419e-15, 

12, 112, 0, 1.20823e-14, 

12, 113, 0, 2.98552e-14, 

12, 114, 0, 6.87771e-14, 

12, 115, 0, 1.44928e-13, 

12, 116, 0, 2.7291e-13, 

12, 117, 0, 4.45025e-13, 

12, 118, 0, 5.97995e-13, 

12, 119, 0, 5.97995e-13, 

13, 0, 0, 9.13222e-15, 

13, 1, 0, 9.13222e-15, 

13, 2, 0, 6.68376e-15, 

13, 3, 0, 3.98872e-15, 

13, 4, 0, 2.0447e-15, 

13, 5, 0, 9.30514e-16, 

13, 6, 0, 3.85277e-16, 

13, 7, 0, 1.48113e-16, 

13, 8, 0, 5.38215e-17, 

13, 9, 0, 1.87925e-17, 

13, 10, 0, 6.40247e-18, 

13, 11, 0, 2.15926e-18, 

13, 12, 0, 7.30608e-19, 

13, 13, 0, 2.51059e-19, 

13, 14, 0, 8.85447e-20, 

13, 15, 0, 3.23243e-20, 

13, 16, 0, 1.22884e-20, 

13, 17, 0, 4.88119e-21, 

13, 18, 0, 2.02748e-21, 

13, 19, 0, 8.79304e-22, 

13, 20, 0, 3.9688e-22, 

13, 21, 0, 1.85605e-22, 

13, 22, 0, 8.94778e-23, 

13, 23, 0, 4.42283e-23, 

13, 24, 0, 2.2296e-23, 

13, 25, 0, 1.14048e-23, 

13, 26, 0, 5.8923e-24, 

13, 27, 0, 3.06265e-24, 

13, 28, 0, 1.59659e-24, 

13, 29, 0, 8.33159e-25, 

13, 30, 0, 4.34974e-25, 

13, 31, 0, 2.27461e-25, 

13, 32, 0, 1.1953e-25, 

13, 33, 0, 6.34946e-26, 

13, 34, 0, 3.44106e-26, 

13, 35, 0, 1.92809e-26, 

13, 36, 0, 1.13691e-26, 

13, 37, 0, 7.20197e-27, 

13, 38, 0, 4.99399e-27, 

13, 39, 0, 3.82658e-27, 

13, 40, 0, 3.22404e-27, 

13, 41, 0, 2.93642e-27, 

13, 42, 0, 2.82928e-27, 

13, 43, 0, 2.82813e-27, 

13, 44, 0, 2.8908e-27, 

13, 45, 0, 2.99399e-27, 

13, 46, 0, 3.12695e-27, 

13, 47, 0, 3.28874e-27, 

13, 48, 0, 3.48719e-27, 

13, 49, 0, 3.73871e-27, 

13, 50, 0, 4.0687e-27, 

13, 51, 0, 4.51244e-27, 

13, 52, 0, 5.11615e-27, 

13, 53, 0, 5.93789e-27, 

13, 54, 0, 7.04708e-27, 

13, 55, 0, 8.52118e-27, 

13, 56, 0, 1.04376e-26, 

13, 57, 0, 1.28593e-26, 

13, 58, 0, 1.58149e-26, 

13, 59, 0, 1.92755e-26, 

13, 60, 0, 2.31356e-26, 

13, 61, 0, 2.72063e-26, 

13, 62, 0, 3.12282e-26, 

13, 63, 0, 3.4906e-26, 

13, 64, 0, 3.79577e-26, 

13, 65, 0, 4.01674e-26, 

13, 66, 0, 4.14246e-26, 

13, 67, 0, 4.17402e-26, 

13, 68, 0, 4.12379e-26, 

13, 69, 0, 4.01242e-26, 

13, 70, 0, 3.86521e-26, 

13, 71, 0, 3.70854e-26, 

13, 72, 0, 3.56747e-26, 

13, 73, 0, 3.46474e-26, 

13, 74, 0, 3.42098e-26, 

13, 75, 0, 3.45619e-26, 

13, 76, 0, 3.59223e-26, 

13, 77, 0, 3.85694e-26, 

13, 78, 0, 4.2915e-26, 

13, 79, 0, 4.96461e-26, 

13, 80, 0, 6.00067e-26, 

13, 81, 0, 7.63478e-26, 

13, 82, 0, 1.03166e-25, 

13, 83, 0, 1.49019e-25, 

13, 84, 0, 2.30028e-25, 

13, 85, 0, 3.76331e-25, 

13, 86, 0, 6.44293e-25, 

13, 87, 0, 1.14036e-24, 

13, 88, 0, 2.06909e-24, 

13, 89, 0, 3.83283e-24, 

13, 90, 0, 7.2434e-24, 

13, 91, 0, 1.3983e-23, 

13, 92, 0, 2.76307e-23, 

13, 93, 0, 5.60012e-23, 

13, 94, 0, 1.166e-22, 

13, 95, 0, 2.49644e-22, 

13, 96, 0, 5.49889e-22, 

13, 97, 0, 1.24633e-21, 

13, 98, 0, 2.90681e-21, 

13, 99, 0, 6.97693e-21, 

13, 100, 0, 1.72366e-20, 

13, 101, 0, 4.3838e-20, 

13, 102, 0, 1.14775e-19, 

13, 103, 0, 3.09176e-19, 

13, 104, 0, 8.55639e-19, 

13, 105, 0, 2.42616e-18, 

13, 106, 0, 7.01821e-18, 

13, 107, 0, 2.05866e-17, 

13, 108, 0, 6.07568e-17, 

13, 109, 0, 1.78702e-16, 

13, 110, 0, 5.18067e-16, 

13, 111, 0, 1.46201e-15, 

13, 112, 0, 3.9611e-15, 

13, 113, 0, 1.01474e-14, 

13, 114, 0, 2.41632e-14, 

13, 115, 0, 5.24398e-14, 

13, 116, 0, 1.01253e-13, 

13, 117, 0, 1.68367e-13, 

13, 118, 0, 2.29006e-13, 

13, 119, 0, 2.29006e-13, 

14, 0, 0, 3.42416e-15, 

14, 1, 0, 3.42416e-15, 

14, 2, 0, 2.48191e-15, 

14, 3, 0, 1.45783e-15, 

14, 4, 0, 7.32023e-16, 

14, 5, 0, 3.24981e-16, 

14, 6, 0, 1.30786e-16, 

14, 7, 0, 4.87061e-17, 

14, 8, 0, 1.70925e-17, 

14, 9, 0, 5.74739e-18, 

14, 10, 0, 1.88101e-18, 

14, 11, 0, 6.08197e-19, 

14, 12, 0, 1.97043e-19, 

14, 13, 0, 6.48105e-20, 

14, 14, 0, 2.18974e-20, 

14, 15, 0, 7.67485e-21, 

14, 16, 0, 2.81101e-21, 

14, 17, 0, 1.08069e-21, 

14, 18, 0, 4.36729e-22, 

14, 19, 0, 1.85277e-22, 

14, 20, 0, 8.22249e-23, 

14, 21, 0, 3.79812e-23, 

14, 22, 0, 1.81534e-23, 

14, 23, 0, 8.92203e-24, 

14, 24, 0, 4.4813e-24, 

14, 25, 0, 2.2869e-24, 

14, 26, 0, 1.17952e-24, 

14, 27, 0, 6.12133e-25, 

14, 28, 0, 3.18539e-25, 

14, 29, 0, 1.65845e-25, 

14, 30, 0, 8.63298e-26, 

14, 31, 0, 4.4981e-26, 

14, 32, 0, 2.35365e-26, 

14, 33, 0, 1.24425e-26, 

14, 34, 0, 6.70814e-27, 

14, 35, 0, 3.73848e-27, 

14, 36, 0, 2.19284e-27, 

14, 37, 0, 1.38253e-27, 

14, 38, 0, 9.55138e-28, 

14, 39, 0, 7.30247e-28, 

14, 40, 0, 6.14908e-28, 

14, 41, 0, 5.6054e-28, 

14, 42, 0, 5.41128e-28, 

14, 43, 0, 5.42308e-28, 

14, 44, 0, 5.5595e-28, 

14, 45, 0, 5.77556e-28, 

14, 46, 0, 6.05046e-28, 

14, 47, 0, 6.38252e-28, 

14, 48, 0, 6.78738e-28, 

14, 49, 0, 7.29797e-28, 

14, 50, 0, 7.9655e-28, 

14, 51, 0, 8.86139e-28, 

14, 52, 0, 1.00797e-27, 

14, 53, 0, 1.1739e-27, 

14, 54, 0, 1.39819e-27, 

14, 55, 0, 1.69681e-27, 

14, 56, 0, 2.08578e-27, 

14, 57, 0, 2.57824e-27, 

14, 58, 0, 3.18021e-27, 

14, 59, 0, 3.88579e-27, 

14, 60, 0, 4.67319e-27, 

14, 61, 0, 5.50327e-27, 

14, 62, 0, 6.32231e-27, 

14, 63, 0, 7.06933e-27, 

14, 64, 0, 7.68649e-27, 

14, 65, 0, 8.12999e-27, 

14, 66, 0, 8.37816e-27, 

14, 67, 0, 8.43458e-27, 

14, 68, 0, 8.32586e-27, 

14, 69, 0, 8.09541e-27, 

14, 70, 0, 7.79559e-27, 

14, 71, 0, 7.48061e-27, 

14, 72, 0, 7.20166e-27, 

14, 73, 0, 7.0051e-27, 

14, 74, 0, 6.93321e-27, 

14, 75, 0, 7.02738e-27, 

14, 76, 0, 7.33343e-27, 

14, 77, 0, 7.91016e-27, 

14, 78, 0, 8.84451e-27, 

14, 79, 0, 1.02808e-26, 

14, 80, 0, 1.2479e-26, 

14, 81, 0, 1.59274e-26, 

14, 82, 0, 2.15564e-26, 

14, 83, 0, 3.11287e-26, 

14, 84, 0, 4.79475e-26, 

14, 85, 0, 7.8153e-26, 

14, 86, 0, 1.3316e-25, 

14, 87, 0, 2.34398e-25, 

14, 88, 0, 4.22851e-25, 

14, 89, 0, 7.78815e-25, 

14, 90, 0, 1.46393e-24, 

14, 91, 0, 2.81285e-24, 

14, 92, 0, 5.53804e-24, 

14, 93, 0, 1.11991e-23, 

14, 94, 0, 2.33051e-23, 

14, 95, 0, 4.99722e-23, 

14, 96, 0, 1.10501e-22, 

14, 97, 0, 2.52102e-22, 

14, 98, 0, 5.93666e-22, 

14, 99, 0, 1.44364e-21, 

14, 100, 0, 3.62704e-21, 

14, 101, 0, 9.41945e-21, 

14, 102, 0, 2.52894e-20, 

14, 103, 0, 7.01526e-20, 

14, 104, 0, 2.00721e-19, 

14, 105, 0, 5.90441e-19, 

14, 106, 0, 1.77664e-18, 

14, 107, 0, 5.4306e-18, 

14, 108, 0, 1.67153e-17, 

14, 109, 0, 5.1271e-17, 

14, 110, 0, 1.54869e-16, 

14, 111, 0, 4.54649e-16, 

14, 112, 0, 1.27863e-15, 

14, 113, 0, 3.39087e-15, 

14, 114, 0, 8.33201e-15, 

14, 115, 0, 1.85899e-14, 

14, 116, 0, 3.67406e-14, 

14, 117, 0, 6.2205e-14, 

14, 118, 0, 8.55526e-14, 

14, 119, 0, 8.55526e-14, 

15, 0, 0, 1.25632e-15, 

15, 1, 0, 1.25632e-15, 

15, 2, 0, 9.02897e-16, 

15, 3, 0, 5.22943e-16, 

15, 4, 0, 2.57776e-16, 

15, 5, 0, 1.11911e-16, 

15, 6, 0, 4.38869e-17, 

15, 7, 0, 1.58731e-17, 

15, 8, 0, 5.39238e-18, 

15, 9, 0, 1.74977e-18, 

15, 10, 0, 5.50993e-19, 

15, 11, 0, 1.70952e-19, 

15, 12, 0, 5.30294e-20, 

15, 13, 0, 1.66773e-20, 

15, 14, 0, 5.38641e-21, 

15, 15, 0, 1.80687e-21, 

15, 16, 0, 6.35157e-22, 

15, 17, 0, 2.35357e-22, 

15, 18, 0, 9.21613e-23, 

15, 19, 0, 3.81058e-23, 

15, 20, 0, 1.65763e-23, 

15, 21, 0, 7.54412e-24, 

15, 22, 0, 3.56805e-24, 

15, 23, 0, 1.74114e-24, 

15, 24, 0, 8.70408e-25, 

15, 25, 0, 4.4279e-25, 

15, 26, 0, 2.27856e-25, 

15, 27, 0, 1.1801e-25, 

15, 28, 0, 6.12761e-26, 

15, 29, 0, 3.18193e-26, 

15, 30, 0, 1.651e-26, 

15, 31, 0, 8.56885e-27, 

15, 32, 0, 4.46343e-27, 

15, 33, 0, 2.34766e-27, 

15, 34, 0, 1.25883e-27, 

15, 35, 0, 6.97642e-28, 

15, 36, 0, 4.06991e-28, 

15, 37, 0, 2.55362e-28, 

15, 38, 0, 1.75772e-28, 

15, 39, 0, 1.34112e-28, 

15, 40, 0, 1.12901e-28, 

15, 41, 0, 1.03053e-28, 

15, 42, 0, 9.97279e-29, 

15, 43, 0, 1.00259e-28, 

15, 44, 0, 1.03139e-28, 

15, 45, 0, 1.0753e-28, 

15, 46, 0, 1.13044e-28, 

15, 47, 0, 1.1965e-28, 

15, 48, 0, 1.2765e-28, 

15, 49, 0, 1.37678e-28, 

15, 50, 0, 1.50731e-28, 

15, 51, 0, 1.68201e-28, 

15, 52, 0, 1.91934e-28, 

15, 53, 0, 2.24267e-28, 

15, 54, 0, 2.68017e-28, 

15, 55, 0, 3.26355e-28, 

15, 56, 0, 4.02475e-28, 

15, 57, 0, 4.99004e-28, 

15, 58, 0, 6.17162e-28, 

15, 59, 0, 7.55789e-28, 

15, 60, 0, 9.10548e-28, 

15, 61, 0, 1.07364e-27, 

15, 62, 0, 1.23436e-27, 

15, 63, 0, 1.38061e-27, 

15, 64, 0, 1.50096e-27, 

15, 65, 0, 1.58685e-27, 

15, 66, 0, 1.6342e-27, 

15, 67, 0, 1.64394e-27, 

15, 68, 0, 1.62157e-27, 

15, 69, 0, 1.57582e-27, 

15, 70, 0, 1.51713e-27, 

15, 71, 0, 1.45623e-27, 

15, 72, 0, 1.4032e-27, 

15, 73, 0, 1.36716e-27, 

15, 74, 0, 1.35648e-27, 

15, 75, 0, 1.37944e-27, 

15, 76, 0, 1.44534e-27, 

15, 77, 0, 1.56614e-27, 

15, 78, 0, 1.75956e-27, 

15, 79, 0, 2.05484e-27, 

15, 80, 0, 2.50429e-27, 

15, 81, 0, 3.20572e-27, 

15, 82, 0, 4.34458e-27, 

15, 83, 0, 6.27062e-27, 

15, 84, 0, 9.63598e-27, 

15, 85, 0, 1.56461e-26, 

15, 86, 0, 2.65286e-26, 

15, 87, 0, 4.64429e-26, 

15, 88, 0, 8.33068e-26, 

15, 89, 0, 1.52581e-25, 

15, 90, 0, 2.85333e-25, 

15, 91, 0, 5.4586e-25, 

15, 92, 0, 1.07125e-24, 

15, 93, 0, 2.16259e-24, 

15, 94, 0, 4.50102e-24, 

15, 95, 0, 9.67437e-24, 

15, 96, 0, 2.14991e-23, 

15, 97, 0, 4.94411e-23, 

15, 98, 0, 1.17755e-22, 

15, 99, 0, 2.90718e-22, 

15, 100, 0, 7.4465e-22, 

15, 101, 0, 1.98034e-21, 

15, 102, 0, 5.46932e-21, 

15, 103, 0, 1.56749e-20, 

15, 104, 0, 4.65159e-20, 

15, 105, 0, 1.42355e-19, 

15, 106, 0, 4.46589e-19, 

15, 107, 0, 1.42472e-18, 

15, 108, 0, 4.57709e-18, 

15, 109, 0, 1.46411e-17, 

15, 110, 0, 4.60478e-17, 

15, 111, 0, 1.40452e-16, 

15, 112, 0, 4.09327e-16, 

15, 113, 0, 1.12155e-15, 

15, 114, 0, 2.83781e-15, 

15, 115, 0, 6.49553e-15, 

15, 116, 0, 1.31143e-14, 

15, 117, 0, 2.2569e-14, 

15, 118, 0, 3.135e-14, 

15, 119, 0, 3.135e-14, 

16, 0, 0, 4.52874e-16, 

16, 1, 0, 4.52874e-16, 

16, 2, 0, 3.23106e-16, 

16, 3, 0, 1.84871e-16, 

16, 4, 0, 8.96669e-17, 

16, 5, 0, 3.81675e-17, 

16, 6, 0, 1.46265e-17, 

16, 7, 0, 5.15268e-18, 

16, 8, 0, 1.69941e-18, 

16, 9, 0, 5.33589e-19, 

16, 10, 0, 1.6204e-19, 

16, 11, 0, 4.83252e-20, 

16, 12, 0, 1.43656e-20, 

16, 13, 0, 4.31881e-21, 

16, 14, 0, 1.33144e-21, 

16, 15, 0, 4.26291e-22, 

16, 16, 0, 1.43274e-22, 

16, 17, 0, 5.09423e-23, 

16, 18, 0, 1.92399e-23, 

16, 19, 0, 7.71969e-24, 

16, 20, 0, 3.27939e-24, 

16, 21, 0, 1.4661e-24, 

16, 22, 0, 6.84559e-25, 

16, 23, 0, 3.31096e-25, 

16, 24, 0, 1.64527e-25, 

16, 25, 0, 8.3356e-26, 

16, 26, 0, 4.27661e-26, 

16, 27, 0, 2.20929e-26, 

16, 28, 0, 1.1442e-26, 

16, 29, 0, 5.92404e-27, 

16, 30, 0, 3.06304e-27, 

16, 31, 0, 1.58319e-27, 

16, 32, 0, 8.20766e-28, 

16, 33, 0, 4.2944e-28, 

16, 34, 0, 2.28978e-28, 

16, 35, 0, 1.26171e-28, 

16, 36, 0, 7.31976e-29, 

16, 37, 0, 4.57026e-29, 

16, 38, 0, 3.13442e-29, 

16, 39, 0, 2.38707e-29, 

16, 40, 0, 2.00971e-29, 

16, 41, 0, 1.83768e-29, 

16, 42, 0, 1.78369e-29, 

16, 43, 0, 1.79983e-29, 

16, 44, 0, 1.85902e-29, 

16, 45, 0, 1.94612e-29, 

16, 46, 0, 2.05407e-29, 

16, 47, 0, 2.18229e-29, 

16, 48, 0, 2.33638e-29, 

16, 49, 0, 2.52824e-29, 

16, 50, 0, 2.77661e-29, 

16, 51, 0, 3.10792e-29, 

16, 52, 0, 3.55729e-29, 

16, 53, 0, 4.16936e-29, 

16, 54, 0, 4.99817e-29, 

16, 55, 0, 6.10466e-29, 

16, 56, 0, 7.55047e-29, 

16, 57, 0, 9.38646e-29, 

16, 58, 0, 1.16364e-28, 

16, 59, 0, 1.42783e-28, 

16, 60, 0, 1.72285e-28, 

16, 61, 0, 2.03365e-28, 

16, 62, 0, 2.33961e-28, 

16, 63, 0, 2.61745e-28, 

16, 64, 0, 2.84531e-28, 

16, 65, 0, 3.007e-28, 

16, 66, 0, 3.09499e-28, 

16, 67, 0, 3.1115e-28, 

16, 68, 0, 3.0674e-28, 

16, 69, 0, 2.97973e-28, 

16, 70, 0, 2.86863e-28, 

16, 71, 0, 2.75464e-28, 

16, 72, 0, 2.65706e-28, 

16, 73, 0, 2.59333e-28, 

16, 74, 0, 2.57958e-28, 

16, 75, 0, 2.63193e-28, 

16, 76, 0, 2.76866e-28, 

16, 77, 0, 3.01349e-28, 

16, 78, 0, 3.40142e-28, 

16, 79, 0, 3.98991e-28, 

16, 80, 0, 4.88107e-28, 

16, 81, 0, 6.26482e-28, 

16, 82, 0, 8.49953e-28, 

16, 83, 0, 1.22581e-27, 

16, 84, 0, 1.87887e-27, 

16, 85, 0, 3.03862e-27, 

16, 86, 0, 5.12679e-27, 

16, 87, 0, 8.92675e-27, 

16, 88, 0, 1.59234e-26, 

16, 89, 0, 2.90085e-26, 

16, 90, 0, 5.39848e-26, 

16, 91, 0, 1.02868e-25, 

16, 92, 0, 2.01335e-25, 

16, 93, 0, 4.06016e-25, 

16, 94, 0, 8.45877e-25, 

16, 95, 0, 1.82436e-24, 

16, 96, 0, 4.07987e-24, 

16, 97, 0, 9.47314e-24, 

16, 98, 0, 2.28671e-23, 

16, 99, 0, 5.74604e-23, 

16, 100, 0, 1.50495e-22, 

16, 101, 0, 4.11227e-22, 

16, 102, 0, 1.17252e-21, 

16, 103, 0, 3.48439e-21, 

16, 104, 0, 1.07601e-20, 

16, 105, 0, 3.4354e-20, 

16, 106, 0, 1.12584e-19, 

16, 107, 0, 3.75263e-19, 

16, 108, 0, 1.25852e-18, 

16, 109, 0, 4.19551e-18, 

16, 110, 0, 1.3721e-17, 

16, 111, 0, 4.34024e-17, 

16, 112, 0, 1.30793e-16, 

16, 113, 0, 3.69384e-16, 

16, 114, 0, 9.60093e-16, 

16, 115, 0, 2.24915e-15, 

16, 116, 0, 4.62876e-15, 

16, 117, 0, 8.08215e-15, 

16, 118, 0, 1.1325e-14, 

16, 119, 0, 1.1325e-14, 

17, 0, 0, 1.60985e-16, 

17, 1, 0, 1.60985e-16, 

17, 2, 0, 1.14159e-16, 

17, 3, 0, 6.46481e-17, 

17, 4, 0, 3.09255e-17, 

17, 5, 0, 1.29417e-17, 

17, 6, 0, 4.86093e-18, 

17, 7, 0, 1.67323e-18, 

17, 8, 0, 5.37508e-19, 

17, 9, 0, 1.6383e-19, 

17, 10, 0, 4.81244e-20, 

17, 11, 0, 1.3831e-20, 

17, 12, 0, 3.94739e-21, 

17, 13, 0, 1.13537e-21, 

17, 14, 0, 3.33923e-22, 

17, 15, 0, 1.01836e-22, 

17, 16, 0, 3.26093e-23, 

17, 17, 0, 1.10739e-23, 

17, 18, 0, 4.0131e-24, 

17, 19, 0, 1.55461e-24, 

17, 20, 0, 6.42024e-25, 

17, 21, 0, 2.80909e-25, 

17, 22, 0, 1.29121e-25, 

17, 23, 0, 6.17668e-26, 

17, 24, 0, 3.04621e-26, 

17, 25, 0, 1.53532e-26, 

17, 26, 0, 7.84713e-27, 

17, 27, 0, 4.04113e-27, 

17, 28, 0, 2.08661e-27, 

17, 29, 0, 1.07681e-27, 

17, 30, 0, 5.54684e-28, 

17, 31, 0, 2.85461e-28, 

17, 32, 0, 1.47266e-28, 

17, 33, 0, 7.66376e-29, 

17, 34, 0, 4.06291e-29, 

17, 35, 0, 2.22563e-29, 

17, 36, 0, 1.28391e-29, 

17, 37, 0, 7.97691e-30, 

17, 38, 0, 5.45126e-30, 

17, 39, 0, 4.14464e-30, 

17, 40, 0, 3.49099e-30, 

17, 41, 0, 3.19937e-30, 

17, 42, 0, 3.11636e-30, 

17, 43, 0, 3.15805e-30, 

17, 44, 0, 3.27694e-30, 

17, 45, 0, 3.44637e-30, 

17, 46, 0, 3.65371e-30, 

17, 47, 0, 3.8979e-30, 

17, 48, 0, 4.18899e-30, 

17, 49, 0, 4.54869e-30, 

17, 50, 0, 5.01149e-30, 

17, 51, 0, 5.6263e-30, 

17, 52, 0, 6.45838e-30, 

17, 53, 0, 7.59098e-30, 

17, 54, 0, 9.1251e-30, 

17, 55, 0, 1.1175e-29, 

17, 56, 0, 1.38564e-29, 

17, 57, 0, 1.72653e-29, 

17, 58, 0, 2.14466e-29, 

17, 59, 0, 2.63594e-29, 

17, 60, 0, 3.18467e-29, 

17, 61, 0, 3.76261e-29, 

17, 62, 0, 4.33106e-29, 

17, 63, 0, 4.84642e-29, 

17, 64, 0, 5.26797e-29, 

17, 65, 0, 5.56575e-29, 

17, 66, 0, 5.72623e-29, 

17, 67, 0, 5.75418e-29, 

17, 68, 0, 5.67051e-29, 

17, 69, 0, 5.50746e-29, 

17, 70, 0, 5.30284e-29, 

17, 71, 0, 5.09512e-29, 

17, 72, 0, 4.9203e-29, 

17, 73, 0, 4.81105e-29, 

17, 74, 0, 4.79775e-29, 

17, 75, 0, 4.91114e-29, 

17, 76, 0, 5.18636e-29, 

17, 77, 0, 5.66928e-29, 

17, 78, 0, 6.42737e-29, 

17, 79, 0, 7.57074e-29, 

17, 80, 0, 9.29379e-29, 

17, 81, 0, 1.1956e-28, 

17, 82, 0, 1.62327e-28, 

17, 83, 0, 2.33858e-28, 

17, 84, 0, 3.57454e-28, 

17, 85, 0, 5.75726e-28, 

17, 86, 0, 9.66574e-28, 

17, 87, 0, 1.67401e-27, 

17, 88, 0, 2.97006e-27, 

17, 89, 0, 5.38324e-27, 

17, 90, 0, 9.97364e-27, 

17, 91, 0, 1.89391e-26, 

17, 92, 0, 3.69911e-26, 

17, 93, 0, 7.45776e-26, 

17, 94, 0, 1.55682e-25, 

17, 95, 0, 3.37352e-25, 

17, 96, 0, 7.60422e-25, 

17, 97, 0, 1.78633e-24, 

17, 98, 0, 4.38121e-24, 

17, 99, 0, 1.12393e-23, 

17, 100, 0, 3.02073e-23, 

17, 101, 0, 8.51445e-23, 

17, 102, 0, 2.51659e-22, 

17, 103, 0, 7.78482e-22, 

17, 104, 0, 2.51003e-21, 

17, 105, 0, 8.38117e-21, 

17, 106, 0, 2.87341e-20, 

17, 107, 0, 1.00105e-19, 

17, 108, 0, 3.50254e-19, 

17, 109, 0, 1.2152e-18, 

17, 110, 0, 4.12431e-18, 

17, 111, 0, 1.34974e-17, 

17, 112, 0, 4.19476e-17, 

17, 113, 0, 1.21776e-16, 

17, 114, 0, 3.2426e-16, 

17, 115, 0, 7.75464e-16, 

17, 116, 0, 1.62302e-15, 

17, 117, 0, 2.86982e-15, 

17, 118, 0, 4.05142e-15, 

17, 119, 0, 4.05142e-15, 

18, 0, 0, 5.6656e-17, 

18, 1, 0, 5.6656e-17, 

18, 2, 0, 3.99783e-17, 

18, 3, 0, 2.24486e-17, 

18, 4, 0, 1.06159e-17, 

18, 5, 0, 4.37948e-18, 

18, 6, 0, 1.61716e-18, 

18, 7, 0, 5.45717e-19, 

18, 8, 0, 1.71345e-19, 

18, 9, 0, 5.08785e-20, 

18, 10, 0, 1.45075e-20, 

18, 11, 0, 4.03131e-21, 

18, 12, 0, 1.10768e-21, 

18, 13, 0, 3.05387e-22, 

18, 14, 0, 8.57402e-23, 

18, 15, 0, 2.48803e-23, 

18, 16, 0, 7.5688e-24, 

18, 17, 0, 2.44379e-24, 

18, 18, 0, 8.44982e-25, 

18, 19, 0, 3.14163e-25, 

18, 20, 0, 1.2544e-25, 

18, 21, 0, 5.34681e-26, 

18, 22, 0, 2.41075e-26, 

18, 23, 0, 1.13757e-26, 

18, 24, 0, 5.55748e-27, 

18, 25, 0, 2.78273e-27, 

18, 26, 0, 1.41555e-27, 

18, 27, 0, 7.26222e-28, 

18, 28, 0, 3.73681e-28, 

18, 29, 0, 1.92151e-28, 

18, 30, 0, 9.85894e-29, 

18, 31, 0, 5.05116e-29, 

18, 32, 0, 2.59284e-29, 

18, 33, 0, 1.34195e-29, 

18, 34, 0, 7.07302e-30, 

18, 35, 0, 3.85163e-30, 

18, 36, 0, 2.20925e-30, 

18, 37, 0, 1.36583e-30, 

18, 38, 0, 9.30118e-31, 

18, 39, 0, 7.06158e-31, 

18, 40, 0, 5.95271e-31, 

18, 41, 0, 5.47045e-31, 

18, 42, 0, 5.35037e-31, 

18, 43, 0, 5.44835e-31, 

18, 44, 0, 5.68274e-31, 

18, 45, 0, 6.00736e-31, 

18, 46, 0, 6.40002e-31, 

18, 47, 0, 6.85859e-31, 

18, 48, 0, 7.40072e-31, 

18, 49, 0, 8.06522e-31, 

18, 50, 0, 8.91435e-31, 

18, 51, 0, 1.00369e-30, 

18, 52, 0, 1.1552e-30, 

18, 53, 0, 1.36119e-30, 

18, 54, 0, 1.64017e-30, 

18, 55, 0, 2.01311e-30, 

18, 56, 0, 2.50131e-30, 

18, 57, 0, 3.12245e-30, 

18, 58, 0, 3.88486e-30, 

18, 59, 0, 4.78106e-30, 

18, 60, 0, 5.78226e-30, 

18, 61, 0, 6.83655e-30, 

18, 62, 0, 7.87292e-30, 

18, 63, 0, 8.81146e-30, 

18, 64, 0, 9.57779e-30, 

18, 65, 0, 1.01176e-29, 

18, 66, 0, 1.04068e-29, 

18, 67, 0, 1.04552e-29, 

18, 68, 0, 1.03016e-29, 

18, 69, 0, 1.00059e-29, 

18, 70, 0, 9.63753e-30, 

18, 71, 0, 9.26707e-30, 

18, 72, 0, 8.96057e-30, 

18, 73, 0, 8.77815e-30, 

18, 74, 0, 8.77617e-30, 

18, 75, 0, 9.01222e-30, 

18, 76, 0, 9.55273e-30, 

18, 77, 0, 1.04846e-29, 

18, 78, 0, 1.19355e-29, 

18, 79, 0, 1.4112e-29, 

18, 80, 0, 1.73768e-29, 

18, 81, 0, 2.23968e-29, 

18, 82, 0, 3.04186e-29, 

18, 83, 0, 4.37618e-29, 

18, 84, 0, 6.66892e-29, 

18, 85, 0, 1.06959e-28, 

18, 86, 0, 1.78684e-28, 

18, 87, 0, 3.07851e-28, 

18, 88, 0, 5.43394e-28, 

18, 89, 0, 9.80251e-28, 

18, 90, 0, 1.80891e-27, 

18, 91, 0, 3.42515e-27, 

18, 92, 0, 6.68109e-27, 

18, 93, 0, 1.34791e-26, 

18, 94, 0, 2.82279e-26, 

18, 95, 0, 6.15512e-26, 

18, 96, 0, 1.40119e-25, 

18, 97, 0, 3.33845e-25, 

18, 98, 0, 8.34523e-25, 

18, 99, 0, 2.19379e-24, 

18, 100, 0, 6.07634e-24, 

18, 101, 0, 1.77486e-23, 

18, 102, 0, 5.46271e-23, 

18, 103, 0, 1.76611e-22, 

18, 104, 0, 5.96395e-22, 

18, 105, 0, 2.08668e-21, 

18, 106, 0, 7.489e-21, 

18, 107, 0, 2.72562e-20, 

18, 108, 0, 9.93522e-20, 

18, 109, 0, 3.57977e-19, 

18, 110, 0, 1.25756e-18, 

18, 111, 0, 4.2457e-18, 

18, 112, 0, 1.35672e-17, 

18, 113, 0, 4.03655e-17, 

18, 114, 0, 1.09796e-16, 

18, 115, 0, 2.67337e-16, 

18, 116, 0, 5.67688e-16, 

18, 117, 0, 1.01456e-15, 

18, 118, 0, 1.44121e-15, 

18, 119, 0, 1.44121e-15, 

19, 0, 0, 1.98915e-17, 

19, 1, 0, 1.98915e-17, 

19, 2, 0, 1.39818e-17, 

19, 3, 0, 7.79788e-18, 

19, 4, 0, 3.65332e-18, 

19, 5, 0, 1.48955e-18, 

19, 6, 0, 5.42304e-19, 

19, 7, 0, 1.79978e-19, 

19, 8, 0, 5.54229e-20, 

19, 9, 0, 1.60907e-20, 

19, 10, 0, 4.47019e-21, 

19, 11, 0, 1.20537e-21, 

19, 12, 0, 3.19927e-22, 

19, 13, 0, 8.47755e-23, 

19, 14, 0, 2.27577e-23, 

19, 15, 0, 6.2837e-24, 

19, 16, 0, 1.81223e-24, 

19, 17, 0, 5.53955e-25, 

19, 18, 0, 1.81649e-25, 

19, 19, 0, 6.43708e-26, 

19, 20, 0, 2.46814e-26, 

19, 21, 0, 1.01889e-26, 

19, 22, 0, 4.48556e-27, 

19, 23, 0, 2.08085e-27, 

19, 24, 0, 1.0046e-27, 

19, 25, 0, 4.98912e-28, 

19, 26, 0, 2.52306e-28, 

19, 27, 0, 1.28854e-28, 

19, 28, 0, 6.60403e-29, 

19, 29, 0, 3.3827e-29, 

19, 30, 0, 1.72845e-29, 

19, 31, 0, 8.81532e-30, 

19, 32, 0, 4.50231e-30, 

19, 33, 0, 2.31747e-30, 

19, 34, 0, 1.21439e-30, 

19, 35, 0, 6.57383e-31, 

19, 36, 0, 3.74919e-31, 

19, 37, 0, 2.30645e-31, 

19, 38, 0, 1.56533e-31, 

19, 39, 0, 1.18697e-31, 

19, 40, 0, 1.00176e-31, 

19, 41, 0, 9.23583e-32, 

19, 42, 0, 9.07517e-32, 

19, 43, 0, 9.29166e-32, 

19, 44, 0, 9.74694e-32, 

19, 45, 0, 1.03621e-31, 

19, 46, 0, 1.10983e-31, 

19, 47, 0, 1.19513e-31, 

19, 48, 0, 1.29515e-31, 

19, 49, 0, 1.41669e-31, 

19, 50, 0, 1.57085e-31, 

19, 51, 0, 1.77353e-31, 

19, 52, 0, 2.04614e-31, 

19, 53, 0, 2.41613e-31, 

19, 54, 0, 2.91693e-31, 

19, 55, 0, 3.58644e-31, 

19, 56, 0, 4.46317e-31, 

19, 57, 0, 5.57913e-31, 

19, 58, 0, 6.94951e-31, 

19, 59, 0, 8.56087e-31, 

19, 60, 0, 1.03613e-30, 

19, 61, 0, 1.22571e-30, 

19, 62, 0, 1.41201e-30, 

19, 63, 0, 1.58065e-30, 

19, 64, 0, 1.71824e-30, 

19, 65, 0, 1.81507e-30, 

19, 66, 0, 1.86692e-30, 

19, 67, 0, 1.87561e-30, 

19, 68, 0, 1.84829e-30, 

19, 69, 0, 1.79578e-30, 

19, 70, 0, 1.73068e-30, 

19, 71, 0, 1.66573e-30, 

19, 72, 0, 1.61291e-30, 

19, 73, 0, 1.58313e-30, 

19, 74, 0, 1.58675e-30, 

19, 75, 0, 1.63442e-30, 

19, 76, 0, 1.73851e-30, 

19, 77, 0, 1.91527e-30, 

19, 78, 0, 2.18841e-30, 

19, 79, 0, 2.59615e-30, 

19, 80, 0, 3.20505e-30, 

19, 81, 0, 4.13683e-30, 

19, 82, 0, 5.61802e-30, 

19, 83, 0, 8.06829e-30, 

19, 84, 0, 1.22555e-29, 

19, 85, 0, 1.9571e-29, 

19, 86, 0, 3.2535e-29, 

19, 87, 0, 5.57715e-29, 

19, 88, 0, 9.79683e-29, 

19, 89, 0, 1.75971e-28, 

19, 90, 0, 3.23621e-28, 

19, 91, 0, 6.11463e-28, 

19, 92, 0, 1.19223e-27, 

19, 93, 0, 2.40976e-27, 

19, 94, 0, 5.07012e-27, 

19, 95, 0, 1.11458e-26, 

19, 96, 0, 2.56874e-26, 

19, 97, 0, 6.22672e-26, 

19, 98, 0, 1.59255e-25, 

19, 99, 0, 4.30977e-25, 

19, 100, 0, 1.23652e-24, 

19, 101, 0, 3.76256e-24, 

19, 102, 0, 1.21175e-23, 

19, 103, 0, 4.11034e-23, 

19, 104, 0, 1.45739e-22, 

19, 105, 0, 5.34862e-22, 

19, 106, 0, 2.00882e-21, 

19, 107, 0, 7.62665e-21, 

19, 108, 0, 2.88962e-20, 

19, 109, 0, 1.07823e-19, 

19, 110, 0, 3.90847e-19, 

19, 111, 0, 1.35688e-18, 

19, 112, 0, 4.44387e-18, 

19, 113, 0, 1.35079e-17, 

19, 114, 0, 3.74224e-17, 

19, 115, 0, 9.25208e-17, 

19, 116, 0, 1.98867e-16, 

19, 117, 0, 3.58548e-16, 

19, 118, 0, 5.11877e-16, 

19, 119, 0, 5.11877e-16, 

20, 0, 0, 7.18071e-18, 

20, 1, 0, 7.18071e-18, 

20, 2, 0, 5.03226e-18, 

20, 3, 0, 2.79148e-18, 

20, 4, 0, 1.29795e-18, 

20, 5, 0, 5.24119e-19, 

20, 6, 0, 1.88578e-19, 

20, 7, 0, 6.17085e-20, 

20, 8, 0, 1.86885e-20, 

20, 9, 0, 5.32028e-21, 

20, 10, 0, 1.44428e-21, 

20, 11, 0, 3.78989e-22, 

20, 12, 0, 9.74173e-23, 

20, 13, 0, 2.48602e-23, 

20, 14, 0, 6.38711e-24, 

20, 15, 0, 1.67692e-24, 

20, 16, 0, 4.57152e-25, 

20, 17, 0, 1.31554e-25, 

20, 18, 0, 4.05805e-26, 

20, 19, 0, 1.35753e-26, 

20, 20, 0, 4.95032e-27, 

20, 21, 0, 1.96256e-27, 

20, 22, 0, 8.38065e-28, 

20, 23, 0, 3.80395e-28, 

20, 24, 0, 1.80897e-28, 

20, 25, 0, 8.89121e-29, 

20, 26, 0, 4.46378e-29, 

20, 27, 0, 2.26729e-29, 

20, 28, 0, 1.1568e-29, 

20, 29, 0, 5.9005e-30, 

20, 30, 0, 3.00208e-30, 

20, 31, 0, 1.5241e-30, 

20, 32, 0, 7.74533e-31, 

20, 33, 0, 3.96523e-31, 

20, 34, 0, 2.06595e-31, 

20, 35, 0, 1.11179e-31, 

20, 36, 0, 6.30487e-32, 

20, 37, 0, 3.85975e-32, 

20, 38, 0, 2.61085e-32, 

20, 39, 0, 1.9778e-32, 

20, 40, 0, 1.67178e-32, 

20, 41, 0, 1.54705e-32, 

20, 42, 0, 1.52804e-32, 

20, 43, 0, 1.57388e-32, 

20, 44, 0, 1.66134e-32, 

20, 45, 0, 1.77703e-32, 

20, 46, 0, 1.91424e-32, 

20, 47, 0, 2.07204e-32, 

20, 48, 0, 2.25556e-32, 

20, 49, 0, 2.47663e-32, 

20, 50, 0, 2.75475e-32, 

20, 51, 0, 3.11813e-32, 

20, 52, 0, 3.6049e-32, 

20, 53, 0, 4.26404e-32, 

20, 54, 0, 5.15519e-32, 

20, 55, 0, 6.34608e-32, 

20, 56, 0, 7.90547e-32, 

20, 57, 0, 9.89058e-32, 

20, 58, 0, 1.23286e-31, 

20, 59, 0, 1.51959e-31, 

20, 60, 0, 1.84e-31, 

20, 61, 0, 2.17742e-31, 

20, 62, 0, 2.50905e-31, 

20, 63, 0, 2.80931e-31, 

20, 64, 0, 3.05441e-31, 

20, 65, 0, 3.22713e-31, 

20, 66, 0, 3.32003e-31, 

20, 67, 0, 3.33647e-31, 

20, 68, 0, 3.28925e-31, 

20, 69, 0, 3.19772e-31, 

20, 70, 0, 3.08438e-31, 

20, 71, 0, 2.97205e-31, 

20, 72, 0, 2.88221e-31, 

20, 73, 0, 2.83461e-31, 

20, 74, 0, 2.84803e-31, 

20, 75, 0, 2.94205e-31, 

20, 76, 0, 3.13952e-31, 

20, 77, 0, 3.4704e-31, 

20, 78, 0, 3.97827e-31, 

20, 79, 0, 4.73286e-31, 

20, 80, 0, 5.85489e-31, 

20, 81, 0, 7.56387e-31, 

20, 82, 0, 1.02664e-30, 

20, 83, 0, 1.4713e-30, 

20, 84, 0, 2.22712e-30, 

20, 85, 0, 3.54086e-30, 

20, 86, 0, 5.85798e-30, 

20, 87, 0, 9.99341e-30, 

20, 88, 0, 1.74762e-29, 

20, 89, 0, 3.12724e-29, 

20, 90, 0, 5.73542e-29, 

20, 91, 0, 1.08228e-28, 

20, 92, 0, 2.11167e-28, 

20, 93, 0, 4.28195e-28, 

20, 94, 0, 9.06767e-28, 

20, 95, 0, 2.0144e-27, 

20, 96, 0, 4.71464e-27, 

20, 97, 0, 1.16735e-26, 

20, 98, 0, 3.06976e-26, 

20, 99, 0, 8.60096e-26, 

20, 100, 0, 2.57189e-25, 

20, 101, 0, 8.20077e-25, 

20, 102, 0, 2.7773e-24, 

20, 103, 0, 9.91838e-24, 

20, 104, 0, 3.69881e-23, 

20, 105, 0, 1.42395e-22, 

20, 106, 0, 5.58936e-22, 

20, 107, 0, 2.20864e-21, 

20, 108, 0, 8.67325e-21, 

20, 109, 0, 3.34082e-20, 

20, 110, 0, 1.24544e-19, 

20, 111, 0, 4.43121e-19, 

20, 112, 0, 1.48258e-18, 

20, 113, 0, 4.59002e-18, 

20, 114, 0, 1.29149e-17, 

20, 115, 0, 3.23383e-17, 

20, 116, 0, 7.02014e-17, 

20, 117, 0, 1.27461e-16, 

20, 118, 0, 1.82673e-16, 

20, 119, 0, 1.82673e-16, 

21, 0, 0, 3.06622e-18, 

21, 1, 0, 3.06622e-18, 

21, 2, 0, 2.14406e-18, 

21, 3, 0, 1.18437e-18, 

21, 4, 0, 5.47354e-19, 

21, 5, 0, 2.19268e-19, 

21, 6, 0, 7.81094e-20, 

21, 7, 0, 2.52493e-20, 

21, 8, 0, 7.53416e-21, 

21, 9, 0, 2.1066e-21, 

21, 10, 0, 5.59504e-22, 

21, 11, 0, 1.42955e-22, 

21, 12, 0, 3.55669e-23, 

21, 13, 0, 8.72129e-24, 

21, 14, 0, 2.13424e-24, 

21, 15, 0, 5.28392e-25, 

21, 16, 0, 1.34406e-25, 

21, 17, 0, 3.57484e-26, 

21, 18, 0, 1.01329e-26, 

21, 19, 0, 3.11649e-27, 

21, 20, 0, 1.05323e-27, 

21, 21, 0, 3.92332e-28, 

21, 22, 0, 1.59899e-28, 

21, 23, 0, 7.02507e-29, 

21, 24, 0, 3.26878e-29, 

21, 25, 0, 1.58372e-29, 

21, 26, 0, 7.87484e-30, 

21, 27, 0, 3.97276e-30, 

21, 28, 0, 2.01628e-30, 

21, 29, 0, 1.02375e-30, 

21, 30, 0, 5.18569e-31, 

21, 31, 0, 2.62065e-31, 

21, 32, 0, 1.32528e-31, 

21, 33, 0, 6.74913e-32, 

21, 34, 0, 3.49677e-32, 

21, 35, 0, 1.87098e-32, 

21, 36, 0, 1.0551e-32, 

21, 37, 0, 6.42811e-33, 

21, 38, 0, 4.3343e-33, 

21, 39, 0, 3.2808e-33, 

21, 40, 0, 2.77846e-33, 

21, 41, 0, 2.58193e-33, 

21, 42, 0, 2.5648e-33, 

21, 43, 0, 2.65899e-33, 

21, 44, 0, 2.82574e-33, 

21, 45, 0, 3.04245e-33, 

21, 46, 0, 3.29744e-33, 

21, 47, 0, 3.58877e-33, 

21, 48, 0, 3.92489e-33, 

21, 49, 0, 4.32618e-33, 

21, 50, 0, 4.82667e-33, 

21, 51, 0, 5.47607e-33, 

21, 52, 0, 6.34183e-33, 

21, 53, 0, 7.51069e-33, 

21, 54, 0, 9.08836e-33, 

21, 55, 0, 1.11947e-32, 

21, 56, 0, 1.39516e-32, 

21, 57, 0, 1.74601e-32, 

21, 58, 0, 2.17688e-32, 

21, 59, 0, 2.68359e-32, 

21, 60, 0, 3.24991e-32, 

21, 61, 0, 3.84649e-32, 

21, 62, 0, 4.43319e-32, 

21, 63, 0, 4.96491e-32, 

21, 64, 0, 5.39978e-32, 

21, 65, 0, 5.7074e-32, 

21, 66, 0, 5.87461e-32, 

21, 67, 0, 5.90731e-32, 

21, 68, 0, 5.82806e-32, 

21, 69, 0, 5.67106e-32, 

21, 70, 0, 5.47616e-32, 

21, 71, 0, 5.28394e-32, 

21, 72, 0, 5.13273e-32, 

21, 73, 0, 5.05804e-32, 

21, 74, 0, 5.09395e-32, 

21, 75, 0, 5.27617e-32, 

21, 76, 0, 5.64659e-32, 

21, 77, 0, 6.26001e-32, 

21, 78, 0, 7.19578e-32, 

21, 79, 0, 8.58003e-32, 

21, 80, 0, 1.06296e-31, 

21, 81, 0, 1.3737e-31, 

21, 82, 0, 1.86258e-31, 

21, 83, 0, 2.66269e-31, 

21, 84, 0, 4.01567e-31, 

21, 85, 0, 6.35604e-31, 

21, 86, 0, 1.04659e-30, 

21, 87, 0, 1.77734e-30, 

21, 88, 0, 3.09572e-30, 

21, 89, 0, 5.52203e-30, 

21, 90, 0, 1.01078e-29, 

21, 91, 0, 1.90684e-29, 

21, 92, 0, 3.72786e-29, 

21, 93, 0, 7.59663e-29, 

21, 94, 0, 1.62285e-28, 

21, 95, 0, 3.65449e-28, 

21, 96, 0, 8.7219e-28, 

21, 97, 0, 2.21774e-27, 

21, 98, 0, 6.03626e-27, 

21, 99, 0, 1.76443e-26, 

21, 100, 0, 5.5425e-26, 

21, 101, 0, 1.86549e-25, 

21, 102, 0, 6.68223e-25, 

21, 103, 0, 2.52209e-24, 

21, 104, 0, 9.91075e-24, 

21, 105, 0, 4.00298e-23, 

21, 106, 0, 1.64044e-22, 

21, 107, 0, 6.73421e-22, 

21, 108, 0, 2.73448e-21, 

21, 109, 0, 1.08448e-20, 

21, 110, 0, 4.14657e-20, 

21, 111, 0, 1.50793e-19, 

21, 112, 0, 5.14047e-19, 

21, 113, 0, 1.61685e-18, 

21, 114, 0, 4.60933e-18, 

21, 115, 0, 1.16637e-17, 

21, 116, 0, 2.55236e-17, 

21, 117, 0, 4.65963e-17, 

21, 118, 0, 6.69711e-17, 

21, 119, 0, 6.69711e-17, 

22, 0, 0, 2.26575e-18, 

22, 1, 0, 2.26575e-18, 

22, 2, 0, 1.58356e-18, 

22, 3, 0, 8.73733e-19, 

22, 4, 0, 4.03021e-19, 

22, 5, 0, 1.61003e-19, 

22, 6, 0, 5.71362e-20, 

22, 7, 0, 1.8375e-20, 

22, 8, 0, 5.44502e-21, 

22, 9, 0, 1.50816e-21, 

22, 10, 0, 3.95422e-22, 

22, 11, 0, 9.92547e-23, 

22, 12, 0, 2.40983e-23, 

22, 13, 0, 5.71368e-24, 

22, 14, 0, 1.33514e-24, 

22, 15, 0, 3.10375e-25, 

22, 16, 0, 7.25265e-26, 

22, 17, 0, 1.72523e-26, 

22, 18, 0, 4.24752e-27, 

22, 19, 0, 1.10635e-27, 

22, 20, 0, 3.13081e-28, 

22, 21, 0, 9.87192e-29, 

22, 22, 0, 3.51443e-29, 

22, 23, 0, 1.40352e-29, 

22, 24, 0, 6.14861e-30, 

22, 25, 0, 2.87489e-30, 

22, 26, 0, 1.40039e-30, 

22, 27, 0, 6.97872e-31, 

22, 28, 0, 3.51395e-31, 

22, 29, 0, 1.77383e-31, 

22, 30, 0, 8.94107e-32, 

22, 31, 0, 4.49732e-32, 

22, 32, 0, 2.2634e-32, 

22, 33, 0, 1.1468e-32, 

22, 34, 0, 5.90965e-33, 

22, 35, 0, 3.1444e-33, 

22, 36, 0, 1.76357e-33, 

22, 37, 0, 1.06939e-33, 

22, 38, 0, 7.18853e-34, 

22, 39, 0, 5.43831e-34, 

22, 40, 0, 4.61608e-34, 

22, 41, 0, 4.30958e-34, 

22, 42, 0, 4.30776e-34, 

22, 43, 0, 4.49748e-34, 

22, 44, 0, 4.81423e-34, 

22, 45, 0, 5.21989e-34, 

22, 46, 0, 5.6941e-34, 

22, 47, 0, 6.23265e-34, 

22, 48, 0, 6.84928e-34, 

22, 49, 0, 7.57869e-34, 

22, 50, 0, 8.48004e-34, 

22, 51, 0, 9.64055e-34, 

22, 52, 0, 1.11791e-33, 

22, 53, 0, 1.32487e-33, 

22, 54, 0, 1.60359e-33, 

22, 55, 0, 1.97518e-33, 

22, 56, 0, 2.46107e-33, 

22, 57, 0, 3.07906e-33, 

22, 58, 0, 3.8377e-33, 

22, 59, 0, 4.72977e-33, 

22, 60, 0, 5.72694e-33, 

22, 61, 0, 6.77799e-33, 

22, 62, 0, 7.81276e-33, 

22, 63, 0, 8.75236e-33, 

22, 64, 0, 9.52338e-33, 

22, 65, 0, 1.00723e-32, 

22, 66, 0, 1.03757e-32, 

22, 67, 0, 1.04434e-32, 

22, 68, 0, 1.03147e-32, 

22, 69, 0, 1.00494e-32, 

22, 70, 0, 9.71768e-33, 

22, 71, 0, 9.39143e-33, 

22, 72, 0, 9.13895e-33, 

22, 73, 0, 9.02401e-33, 

22, 74, 0, 9.10833e-33, 

22, 75, 0, 9.45695e-33, 

22, 76, 0, 1.01462e-32, 

22, 77, 0, 1.12759e-32, 

22, 78, 0, 1.29896e-32, 

22, 79, 0, 1.55137e-32, 

22, 80, 0, 1.92357e-32, 

22, 81, 0, 2.48527e-32, 

22, 82, 0, 3.36458e-32, 

22, 83, 0, 4.79624e-32, 

22, 84, 0, 7.2052e-32, 

22, 85, 0, 1.13535e-31, 

22, 86, 0, 1.86101e-31, 

22, 87, 0, 3.14719e-31, 

22, 88, 0, 5.4626e-31, 

22, 89, 0, 9.72017e-31, 

22, 90, 0, 1.77744e-30, 

22, 91, 0, 3.35644e-30, 

22, 92, 0, 6.58598e-30, 

22, 93, 0, 1.35193e-29, 

22, 94, 0, 2.92345e-29, 

22, 95, 0, 6.70676e-29, 

22, 96, 0, 1.64409e-28, 

22, 97, 0, 4.33671e-28, 

22, 98, 0, 1.23797e-27, 

22, 99, 0, 3.83546e-27, 

22, 100, 0, 1.28756e-26, 

22, 101, 0, 4.65163e-26, 

22, 102, 0, 1.78861e-25, 

22, 103, 0, 7.22099e-25, 

22, 104, 0, 3.01747e-24, 

22, 105, 0, 1.28715e-23, 

22, 106, 0, 5.53207e-23, 

22, 107, 0, 2.36616e-22, 

22, 108, 0, 9.95169e-22, 

22, 109, 0, 4.06665e-21, 

22, 110, 0, 1.5948e-20, 

22, 111, 0, 5.92441e-20, 

22, 112, 0, 2.0557e-19, 

22, 113, 0, 6.56033e-19, 

22, 114, 0, 1.89206e-18, 

22, 115, 0, 4.83073e-18, 

22, 116, 0, 1.06393e-17, 

22, 117, 0, 1.95031e-17, 

22, 118, 0, 2.8085e-17, 

22, 119, 0, 2.8085e-17, 

23, 0, 0, 3.29095e-18, 

23, 1, 0, 3.29095e-18, 

23, 2, 0, 2.30396e-18, 

23, 3, 0, 1.27488e-18, 

23, 4, 0, 5.90363e-19, 

23, 5, 0, 2.36993e-19, 

23, 6, 0, 8.45835e-20, 

23, 7, 0, 2.73759e-20, 

23, 8, 0, 8.16759e-21, 

23, 9, 0, 2.27789e-21, 

23, 10, 0, 6.01103e-22, 

23, 11, 0, 1.51686e-22, 

23, 12, 0, 3.69441e-23, 

23, 13, 0, 8.75513e-24, 

23, 14, 0, 2.03311e-24, 

23, 15, 0, 4.65506e-25, 

23, 16, 0, 1.05673e-25, 

23, 17, 0, 2.39089e-26, 

23, 18, 0, 5.42181e-27, 

23, 19, 0, 1.24098e-27, 

23, 20, 0, 2.89706e-28, 

23, 21, 0, 7.01672e-29, 

23, 22, 0, 1.81235e-29, 

23, 23, 0, 5.18444e-30, 

23, 24, 0, 1.70177e-30, 

23, 25, 0, 6.47131e-31, 

23, 26, 0, 2.77951e-31, 

23, 27, 0, 1.29312e-31, 

23, 28, 0, 6.28181e-32, 

23, 29, 0, 3.11125e-32, 

23, 30, 0, 1.55107e-32, 

23, 31, 0, 7.7443e-33, 

23, 32, 0, 3.87452e-33, 

23, 33, 0, 1.95243e-33, 

23, 34, 0, 1.00068e-33, 

23, 35, 0, 5.29536e-34, 

23, 36, 0, 2.9543e-34, 

23, 37, 0, 1.78343e-34, 

23, 38, 0, 1.19566e-34, 

23, 39, 0, 9.0467e-35, 

23, 40, 0, 7.70405e-35, 

23, 41, 0, 7.23512e-35, 

23, 42, 0, 7.2874e-35, 

23, 43, 0, 7.67289e-35, 

23, 44, 0, 8.2841e-35, 

23, 45, 0, 9.05611e-35, 

23, 46, 0, 9.95236e-35, 

23, 47, 0, 1.09628e-34, 

23, 48, 0, 1.21079e-34, 

23, 49, 0, 1.34455e-34, 

23, 50, 0, 1.50777e-34, 

23, 51, 0, 1.71572e-34, 

23, 52, 0, 1.98938e-34, 

23, 53, 0, 2.35581e-34, 

23, 54, 0, 2.84792e-34, 

23, 55, 0, 3.50289e-34, 

23, 56, 0, 4.35834e-34, 

23, 57, 0, 5.44551e-34, 

23, 58, 0, 6.77942e-34, 

23, 59, 0, 8.34769e-34, 

23, 60, 0, 1.01012e-33, 

23, 61, 0, 1.1951e-33, 

23, 62, 0, 1.37751e-33, 

23, 63, 0, 1.54362e-33, 

23, 64, 0, 1.68057e-33, 

23, 65, 0, 1.77894e-33, 

23, 66, 0, 1.83451e-33, 

23, 67, 0, 1.84886e-33, 

23, 68, 0, 1.82871e-33, 

23, 69, 0, 1.78449e-33, 

23, 70, 0, 1.72851e-33, 

23, 71, 0, 1.67345e-33, 

23, 72, 0, 1.63153e-33, 

23, 73, 0, 1.6142e-33, 

23, 74, 0, 1.63264e-33, 

23, 75, 0, 1.69871e-33, 

23, 76, 0, 1.8263e-33, 

23, 77, 0, 2.0335e-33, 

23, 78, 0, 2.34614e-33, 

23, 79, 0, 2.80479e-33, 

23, 80, 0, 3.47833e-33, 

23, 81, 0, 4.49024e-33, 

23, 82, 0, 6.06658e-33, 

23, 83, 0, 8.62041e-33, 

23, 84, 0, 1.28976e-32, 

23, 85, 0, 2.02332e-32, 

23, 86, 0, 3.30224e-32, 

23, 87, 0, 5.56361e-32, 

23, 88, 0, 9.6296e-32, 

23, 89, 0, 1.71094e-31, 

23, 90, 0, 3.12988e-31, 

23, 91, 0, 5.92884e-31, 

23, 92, 0, 1.17179e-30, 

23, 93, 0, 2.43807e-30, 

23, 94, 0, 5.39537e-30, 

23, 95, 0, 1.28495e-29, 

23, 96, 0, 3.33568e-29, 

23, 97, 0, 9.54781e-29, 

23, 98, 0, 3.03202e-28, 

23, 99, 0, 1.06511e-27, 

23, 100, 0, 4.08776e-27, 

23, 101, 0, 1.68273e-26, 

23, 102, 0, 7.28552e-26, 

23, 103, 0, 3.25921e-25, 

23, 104, 0, 1.48415e-24, 

23, 105, 0, 6.7938e-24, 

23, 106, 0, 3.09214e-23, 

23, 107, 0, 1.38516e-22, 

23, 108, 0, 6.04617e-22, 

23, 109, 0, 2.54509e-21, 

23, 110, 0, 1.02184e-20, 

23, 111, 0, 3.86654e-20, 

23, 112, 0, 1.36079e-19, 

23, 113, 0, 4.38893e-19, 

23, 114, 0, 1.27543e-18, 

23, 115, 0, 3.27279e-18, 

23, 116, 0, 7.22909e-18, 

23, 117, 0, 1.32684e-17, 

23, 118, 0, 1.91099e-17, 

23, 119, 0, 1.91099e-17, 

24, 0, 0, 6.38394e-18, 

24, 1, 0, 6.38394e-18, 

24, 2, 0, 4.47956e-18, 

24, 3, 0, 2.48866e-18, 

24, 4, 0, 1.15883e-18, 

24, 5, 0, 4.68454e-19, 

24, 6, 0, 1.68596e-19, 

24, 7, 0, 5.50965e-20, 

24, 8, 0, 1.66173e-20, 

24, 9, 0, 4.68986e-21, 

24, 10, 0, 1.25344e-21, 

24, 11, 0, 3.2054e-22, 

24, 12, 0, 7.91367e-23, 

24, 13, 0, 1.90075e-23, 

24, 14, 0, 4.47052e-24, 

24, 15, 0, 1.03529e-24, 

24, 16, 0, 2.37147e-25, 

24, 17, 0, 5.39356e-26, 

24, 18, 0, 1.22184e-26, 

24, 19, 0, 2.76458e-27, 

24, 20, 0, 6.26431e-28, 

24, 21, 0, 1.42582e-28, 

24, 22, 0, 3.27423e-29, 

24, 23, 0, 7.64353e-30, 

24, 24, 0, 1.83965e-30, 

24, 25, 0, 4.6813e-31, 

24, 26, 0, 1.30824e-31, 

24, 27, 0, 4.1771e-32, 

24, 28, 0, 1.54638e-32, 

24, 29, 0, 6.48101e-33, 

24, 30, 0, 2.94541e-33, 

24, 31, 0, 1.39983e-33, 

24, 32, 0, 6.81787e-34, 

24, 33, 0, 3.38191e-34, 

24, 34, 0, 1.71559e-34, 

24, 35, 0, 9.01308e-35, 

24, 36, 0, 5.00571e-35, 

24, 37, 0, 3.02015e-35, 

24, 38, 0, 2.03671e-35, 

24, 39, 0, 1.56347e-35, 

24, 40, 0, 1.36253e-35, 

24, 41, 0, 1.31784e-35, 

24, 42, 0, 1.37145e-35, 

24, 43, 0, 1.49259e-35, 

24, 44, 0, 1.66262e-35, 

24, 45, 0, 1.86803e-35, 

24, 46, 0, 2.09795e-35, 

24, 47, 0, 2.34444e-35, 

24, 48, 0, 2.60452e-35, 

24, 49, 0, 2.88294e-35, 

24, 50, 0, 3.19477e-35, 

24, 51, 0, 3.56719e-35, 

24, 52, 0, 4.04015e-35, 

24, 53, 0, 4.666e-35, 

24, 54, 0, 5.50774e-35, 

24, 55, 0, 6.63507e-35, 

24, 56, 0, 8.11703e-35, 

24, 57, 0, 1.00099e-34, 

24, 58, 0, 1.23403e-34, 

24, 59, 0, 1.50862e-34, 

24, 60, 0, 1.81614e-34, 

24, 61, 0, 2.14103e-34, 

24, 62, 0, 2.46197e-34, 

24, 63, 0, 2.75491e-34, 

24, 64, 0, 2.99734e-34, 

24, 65, 0, 3.1726e-34, 

24, 66, 0, 3.27304e-34, 

24, 67, 0, 3.30115e-34, 

24, 68, 0, 3.26852e-34, 

24, 69, 0, 3.19332e-34, 

24, 70, 0, 3.09725e-34, 

24, 71, 0, 3.00285e-34, 

24, 72, 0, 2.93197e-34, 

24, 73, 0, 2.9053e-34, 

24, 74, 0, 2.94314e-34, 

24, 75, 0, 3.06703e-34, 

24, 76, 0, 3.30222e-34, 

24, 77, 0, 3.6814e-34, 

24, 78, 0, 4.25102e-34, 

24, 79, 0, 5.08346e-34, 

24, 80, 0, 6.30106e-34, 

24, 81, 0, 8.12219e-34, 

24, 82, 0, 1.09456e-33, 

24, 83, 0, 1.54979e-33, 

24, 84, 0, 2.30895e-33, 

24, 85, 0, 3.60635e-33, 

24, 86, 0, 5.86266e-33, 

24, 87, 0, 9.84801e-33, 

24, 88, 0, 1.70219e-32, 

24, 89, 0, 3.02831e-32, 

24, 90, 0, 5.57332e-32, 

24, 91, 0, 1.07157e-31, 

24, 92, 0, 2.18567e-31, 

24, 93, 0, 4.83491e-31, 

24, 94, 0, 1.19285e-30, 

24, 95, 0, 3.37082e-30, 

24, 96, 0, 1.1031e-29, 

24, 97, 0, 4.12386e-29, 

24, 98, 0, 1.70758e-28, 

24, 99, 0, 7.57692e-28, 

24, 100, 0, 3.50983e-27, 

24, 101, 0, 1.66683e-26, 

24, 102, 0, 8.01604e-26, 

24, 103, 0, 3.86918e-25, 

24, 104, 0, 1.86092e-24, 

24, 105, 0, 8.85935e-24, 

24, 106, 0, 4.14699e-23, 

24, 107, 0, 1.89498e-22, 

24, 108, 0, 8.38637e-22, 

24, 109, 0, 3.56284e-21, 

24, 110, 0, 1.43865e-20, 

24, 111, 0, 5.46014e-20, 

24, 112, 0, 1.92341e-19, 

24, 113, 0, 6.19941e-19, 

24, 114, 0, 1.79825e-18, 

24, 115, 0, 4.60229e-18, 

24, 116, 0, 1.01355e-17, 

24, 117, 0, 1.85495e-17, 

24, 118, 0, 2.66605e-17, 

24, 119, 0, 2.66605e-17, 

25, 0, 0, 1.3247e-17, 

25, 1, 0, 1.3247e-17, 

25, 2, 0, 9.31784e-18, 

25, 3, 0, 5.19832e-18, 

25, 4, 0, 2.43455e-18, 

25, 5, 0, 9.91314e-19, 

25, 6, 0, 3.59875e-19, 

25, 7, 0, 1.18787e-19, 

25, 8, 0, 3.62318e-20, 

25, 9, 0, 1.03529e-20, 

25, 10, 0, 2.80415e-21, 

25, 11, 0, 7.273e-22, 

25, 12, 0, 1.82214e-22, 

25, 13, 0, 4.44254e-23, 

25, 14, 0, 1.06065e-23, 

25, 15, 0, 2.49267e-24, 

25, 16, 0, 5.79109e-25, 

25, 17, 0, 1.33467e-25, 

25, 18, 0, 3.06014e-26, 

25, 19, 0, 6.99646e-27, 

25, 20, 0, 1.59825e-27, 

25, 21, 0, 3.65424e-28, 

25, 22, 0, 8.37661e-29, 

25, 23, 0, 1.92865e-29, 

25, 24, 0, 4.47079e-30, 

25, 25, 0, 1.04721e-30, 

25, 26, 0, 2.49391e-31, 

25, 27, 0, 6.10405e-32, 

25, 28, 0, 1.56351e-32, 

25, 29, 0, 4.30336e-33, 

25, 30, 0, 1.31109e-33, 

25, 31, 0, 4.50898e-34, 

25, 32, 0, 1.74724e-34, 

25, 33, 0, 7.49403e-35, 

25, 34, 0, 3.50046e-35, 

25, 35, 0, 1.78157e-35, 

25, 36, 0, 1.01273e-35, 

25, 37, 0, 6.72858e-36, 

25, 38, 0, 5.43704e-36, 

25, 39, 0, 5.31961e-36, 

25, 40, 0, 5.99203e-36, 

25, 41, 0, 7.31607e-36, 

25, 42, 0, 9.25231e-36, 

25, 43, 0, 1.17747e-35, 

25, 44, 0, 1.4812e-35, 

25, 45, 0, 1.82105e-35, 

25, 46, 0, 2.17242e-35, 

25, 47, 0, 2.50426e-35, 

25, 48, 0, 2.78521e-35, 

25, 49, 0, 2.99151e-35, 

25, 50, 0, 3.11364e-35, 

25, 51, 0, 3.15928e-35, 

25, 52, 0, 3.1516e-35, 

25, 53, 0, 3.12399e-35, 

25, 54, 0, 3.1134e-35, 

25, 55, 0, 3.15431e-35, 

25, 56, 0, 3.27426e-35, 

25, 57, 0, 3.49081e-35, 

25, 58, 0, 3.80935e-35, 

25, 59, 0, 4.22152e-35, 

25, 60, 0, 4.70436e-35, 

25, 61, 0, 5.22143e-35, 

25, 62, 0, 5.72657e-35, 

25, 63, 0, 6.17067e-35, 

25, 64, 0, 6.51012e-35, 

25, 65, 0, 6.71503e-35, 

25, 66, 0, 6.77473e-35, 

25, 67, 0, 6.69914e-35, 

25, 68, 0, 6.51574e-35, 

25, 69, 0, 6.26384e-35, 

25, 70, 0, 5.9879e-35, 

25, 71, 0, 5.73205e-35, 

25, 72, 0, 5.53709e-35, 

25, 73, 0, 5.44006e-35, 

25, 74, 0, 5.47618e-35, 

25, 75, 0, 5.68245e-35, 

25, 76, 0, 6.10254e-35, 

25, 77, 0, 6.79371e-35, 

25, 78, 0, 7.83802e-35, 

25, 79, 0, 9.36367e-35, 

25, 80, 0, 1.1587e-34, 

25, 81, 0, 1.48936e-34, 

25, 82, 0, 1.99861e-34, 

25, 83, 0, 2.81457e-34, 

25, 84, 0, 4.1686e-34, 

25, 85, 0, 6.47672e-34, 

25, 86, 0, 1.04957e-33, 

25, 87, 0, 1.76516e-33, 

25, 88, 0, 3.08149e-33, 

25, 89, 0, 5.63848e-33, 

25, 90, 0, 1.10759e-32, 

25, 91, 0, 2.43345e-32, 

25, 92, 0, 6.27854e-32, 

25, 93, 0, 1.95336e-31, 

25, 94, 0, 7.18618e-31, 

25, 95, 0, 2.97724e-30, 

25, 96, 0, 1.32662e-29, 

25, 97, 0, 6.16692e-29, 

25, 98, 0, 2.93875e-28, 

25, 99, 0, 1.42123e-27, 

25, 100, 0, 6.93156e-27, 

25, 101, 0, 3.39342e-26, 

25, 102, 0, 1.66083e-25, 

25, 103, 0, 8.09366e-25, 

25, 104, 0, 3.91025e-24, 

25, 105, 0, 1.8637e-23, 

25, 106, 0, 8.71393e-23, 

25, 107, 0, 3.97099e-22, 

25, 108, 0, 1.7506e-21, 

25, 109, 0, 7.40245e-21, 

25, 110, 0, 2.97337e-20, 

25, 111, 0, 1.12213e-19, 

25, 112, 0, 3.92974e-19, 

25, 113, 0, 1.25913e-18, 

25, 114, 0, 3.63116e-18, 

25, 115, 0, 9.2423e-18, 

25, 116, 0, 2.02535e-17, 

25, 117, 0, 3.69167e-17, 

25, 118, 0, 5.2919e-17, 

25, 119, 0, 5.2919e-17, 

26, 0, 0, 2.79331e-17, 

26, 1, 0, 2.79331e-17, 

26, 2, 0, 1.96976e-17, 

26, 3, 0, 1.10369e-17, 

26, 4, 0, 5.19976e-18, 

26, 5, 0, 2.13309e-18, 

26, 6, 0, 7.81273e-19, 

26, 7, 0, 2.60532e-19, 

26, 8, 0, 8.03832e-20, 

26, 9, 0, 2.32603e-20, 

26, 10, 0, 6.38642e-21, 

26, 11, 0, 1.68041e-21, 

26, 12, 0, 4.27345e-22, 

26, 13, 0, 1.05794e-22, 

26, 14, 0, 2.56489e-23, 

26, 15, 0, 6.11988e-24, 

26, 16, 0, 1.44292e-24, 

26, 17, 0, 3.37283e-25, 

26, 18, 0, 7.83759e-26, 

26, 19, 0, 1.81468e-26, 

26, 20, 0, 4.19481e-27, 

26, 21, 0, 9.69878e-28, 

26, 22, 0, 2.24691e-28, 

26, 23, 0, 5.2253e-29, 

26, 24, 0, 1.22226e-29, 

26, 25, 0, 2.88256e-30, 

26, 26, 0, 6.87471e-31, 

26, 27, 0, 1.66469e-31, 

26, 28, 0, 4.11531e-32, 

26, 29, 0, 1.04652e-32, 

26, 30, 0, 2.76569e-33, 

26, 31, 0, 7.69783e-34, 

26, 32, 0, 2.2969e-34, 

26, 33, 0, 7.54772e-35, 

26, 34, 0, 2.87501e-35, 

26, 35, 0, 1.39889e-35, 

26, 36, 0, 9.67294e-36, 

26, 37, 0, 9.38123e-36, 

26, 38, 0, 1.12001e-35, 

26, 39, 0, 1.46858e-35, 

26, 40, 0, 1.99265e-35, 

26, 41, 0, 2.71988e-35, 

26, 42, 0, 3.67768e-35, 

26, 43, 0, 4.87628e-35, 

26, 44, 0, 6.29171e-35, 

26, 45, 0, 7.85297e-35, 

26, 46, 0, 9.43999e-35, 

26, 47, 0, 1.08981e-34, 

26, 48, 0, 1.20689e-34, 

26, 49, 0, 1.28284e-34, 

26, 50, 0, 1.31189e-34, 

26, 51, 0, 1.29617e-34, 

26, 52, 0, 1.24463e-34, 

26, 53, 0, 1.17026e-34, 

26, 54, 0, 1.08678e-34, 

26, 55, 0, 1.00582e-34, 

26, 56, 0, 9.35392e-35, 

26, 57, 0, 8.79406e-35, 

26, 58, 0, 8.38105e-35, 

26, 59, 0, 8.08889e-35, 

26, 60, 0, 7.87288e-35, 

26, 61, 0, 7.67936e-35, 

26, 62, 0, 7.45502e-35, 

26, 63, 0, 7.15563e-35, 

26, 64, 0, 6.75333e-35, 

26, 65, 0, 6.24126e-35, 

26, 66, 0, 5.63424e-35, 

26, 67, 0, 4.96509e-35, 

26, 68, 0, 4.2772e-35, 

26, 69, 0, 3.61558e-35, 

26, 70, 0, 3.01878e-35, 

26, 71, 0, 2.51379e-35, 

26, 72, 0, 2.11484e-35, 

26, 73, 0, 1.82546e-35, 

26, 74, 0, 1.64253e-35, 

26, 75, 0, 1.5608e-35, 

26, 76, 0, 1.57672e-35, 

26, 77, 0, 1.69133e-35, 

26, 78, 0, 1.91264e-35, 

26, 79, 0, 2.25863e-35, 

26, 80, 0, 2.76337e-35, 

26, 81, 0, 3.48974e-35, 

26, 82, 0, 4.5552e-35, 

26, 83, 0, 6.1811e-35, 

26, 84, 0, 8.78864e-35, 

26, 85, 0, 1.32047e-34, 

26, 86, 0, 2.11853e-34, 

26, 87, 0, 3.70218e-34, 

26, 88, 0, 7.32758e-34, 

26, 89, 0, 1.73428e-33, 

26, 90, 0, 5.07254e-33, 

26, 91, 0, 1.78941e-32, 

26, 92, 0, 7.16967e-32, 

26, 93, 0, 3.09498e-31, 

26, 94, 0, 1.3945e-30, 

26, 95, 0, 6.45155e-30, 

26, 96, 0, 3.03894e-29, 

26, 97, 0, 1.45037e-28, 

26, 98, 0, 6.98986e-28, 

26, 99, 0, 3.39209e-27, 

26, 100, 0, 1.65311e-26, 

26, 101, 0, 8.06766e-26, 

26, 102, 0, 3.93062e-25, 

26, 103, 0, 1.90509e-24, 

26, 104, 0, 9.14856e-24, 

26, 105, 0, 4.33232e-23, 

26, 106, 0, 2.01199e-22, 

26, 107, 0, 9.10516e-22, 

26, 108, 0, 3.9856e-21, 

26, 109, 0, 1.67327e-20, 

26, 110, 0, 6.67297e-20, 

26, 111, 0, 2.50045e-19, 

26, 112, 0, 8.69568e-19, 

26, 113, 0, 2.76742e-18, 

26, 114, 0, 7.92991e-18, 

26, 115, 0, 2.00649e-17, 

26, 116, 0, 4.37417e-17, 

26, 117, 0, 7.93943e-17, 

26, 118, 0, 1.135e-16, 

26, 119, 0, 1.135e-16, 

27, 0, 0, 5.92851e-17, 

27, 1, 0, 5.92851e-17, 

27, 2, 0, 4.19158e-17, 

27, 3, 0, 2.35916e-17, 

27, 4, 0, 1.11826e-17, 

27, 5, 0, 4.6225e-18, 

27, 6, 0, 1.70844e-18, 

27, 7, 0, 5.75674e-19, 

27, 8, 0, 1.79699e-19, 

27, 9, 0, 5.26688e-20, 

27, 10, 0, 1.46614e-20, 

27, 11, 0, 3.91434e-21, 

27, 12, 0, 1.01063e-21, 

27, 13, 0, 2.54091e-22, 

27, 14, 0, 6.25668e-23, 

27, 15, 0, 1.51599e-23, 

27, 16, 0, 3.62839e-24, 

27, 17, 0, 8.60514e-25, 

27, 18, 0, 2.02756e-25, 

27, 19, 0, 4.7573e-26, 

27, 20, 0, 1.11387e-26, 

27, 21, 0, 2.60789e-27, 

27, 22, 0, 6.11856e-28, 

27, 23, 0, 1.44181e-28, 

27, 24, 0, 3.42124e-29, 

27, 25, 0, 8.19959e-30, 

27, 26, 0, 1.99213e-30, 

27, 27, 0, 4.92851e-31, 

27, 28, 0, 1.24854e-31, 

27, 29, 0, 3.26074e-32, 

27, 30, 0, 8.85105e-33, 

27, 31, 0, 2.52236e-33, 

27, 32, 0, 7.65777e-34, 

27, 33, 0, 2.54932e-34, 

27, 34, 0, 9.96463e-35, 

27, 35, 0, 5.21178e-35, 

27, 36, 0, 4.04558e-35, 

27, 37, 0, 4.32329e-35, 

27, 38, 0, 5.43981e-35, 

27, 39, 0, 7.30031e-35, 

27, 40, 0, 9.99683e-35, 

27, 41, 0, 1.36835e-34, 

27, 42, 0, 1.84976e-34, 

27, 43, 0, 2.44817e-34, 

27, 44, 0, 3.15032e-34, 

27, 45, 0, 3.91942e-34, 

27, 46, 0, 4.69461e-34, 

27, 47, 0, 5.39861e-34, 

27, 48, 0, 5.95333e-34, 

27, 49, 0, 6.29885e-34, 

27, 50, 0, 6.40889e-34, 

27, 51, 0, 6.29652e-34, 

27, 52, 0, 6.00816e-34, 

27, 53, 0, 5.60922e-34, 

27, 54, 0, 5.16737e-34, 

27, 55, 0, 4.73896e-34, 

27, 56, 0, 4.36153e-34, 

27, 57, 0, 4.05238e-34, 

27, 58, 0, 3.81115e-34, 

27, 59, 0, 3.62454e-34, 

27, 60, 0, 3.4714e-34, 

27, 61, 0, 3.32753e-34, 

27, 62, 0, 3.16999e-34, 

27, 63, 0, 2.98084e-34, 

27, 64, 0, 2.74996e-34, 

27, 65, 0, 2.4766e-34, 

27, 66, 0, 2.16925e-34, 

27, 67, 0, 1.84359e-34, 

27, 68, 0, 1.51898e-34, 

27, 69, 0, 1.21441e-34, 

27, 70, 0, 9.45034e-35, 

27, 71, 0, 7.20106e-35, 

27, 72, 0, 5.4272e-35, 

27, 73, 0, 4.10976e-35, 

27, 74, 0, 3.19907e-35, 

27, 75, 0, 2.63441e-35, 

27, 76, 0, 2.35894e-35, 

27, 77, 0, 2.32801e-35, 

27, 78, 0, 2.511e-35, 

27, 79, 0, 2.88835e-35, 

27, 80, 0, 3.44587e-35, 

27, 81, 0, 4.16959e-35, 

27, 82, 0, 5.04629e-35, 

27, 83, 0, 6.08044e-35, 

27, 84, 0, 7.35664e-35, 

27, 85, 0, 9.25029e-35, 

27, 86, 0, 1.31961e-34, 

27, 87, 0, 2.47228e-34, 

27, 88, 0, 6.60449e-34, 

27, 89, 0, 2.29948e-33, 

27, 90, 0, 9.15675e-33, 

27, 91, 0, 3.88154e-32, 

27, 92, 0, 1.70229e-31, 

27, 93, 0, 7.63938e-31, 

27, 94, 0, 3.49091e-30, 

27, 95, 0, 1.6196e-29, 

27, 96, 0, 7.61162e-29, 

27, 97, 0, 3.61594e-28, 

27, 98, 0, 1.73262e-27, 

27, 99, 0, 8.35469e-27, 

27, 100, 0, 4.04425e-26, 

27, 101, 0, 1.95997e-25, 

27, 102, 0, 9.48072e-25, 

27, 103, 0, 4.56148e-24, 

27, 104, 0, 2.17415e-23, 

27, 105, 0, 1.02177e-22, 

27, 106, 0, 4.70883e-22, 

27, 107, 0, 2.11447e-21, 

27, 108, 0, 9.18374e-21, 

27, 109, 0, 3.82567e-20, 

27, 110, 0, 1.51392e-19, 

27, 111, 0, 5.62985e-19, 

27, 112, 0, 1.9434e-18, 

27, 113, 0, 6.14094e-18, 

27, 114, 0, 1.74785e-17, 

27, 115, 0, 4.39529e-17, 

27, 116, 0, 9.52983e-17, 

27, 117, 0, 1.72215e-16, 

27, 118, 0, 2.45497e-16, 

27, 119, 0, 2.45497e-16, 

28, 0, 0, 1.26405e-16, 

28, 1, 0, 1.26405e-16, 

28, 2, 0, 8.96118e-17, 

28, 3, 0, 5.06678e-17, 

28, 4, 0, 2.41667e-17, 

28, 5, 0, 1.00671e-17, 

28, 6, 0, 3.75494e-18, 

28, 7, 0, 1.27861e-18, 

28, 8, 0, 4.03836e-19, 

28, 9, 0, 1.19894e-19, 

28, 10, 0, 3.38397e-20, 

28, 11, 0, 9.16756e-21, 

28, 12, 0, 2.40315e-21, 

28, 13, 0, 6.13647e-22, 

28, 14, 0, 1.53483e-22, 

28, 15, 0, 3.77704e-23, 

28, 16, 0, 9.17868e-24, 

28, 17, 0, 2.20931e-24, 

28, 18, 0, 5.28088e-25, 

28, 19, 0, 1.25647e-25, 

28, 20, 0, 2.98252e-26, 

28, 21, 0, 7.07979e-27, 

28, 22, 0, 1.68487e-27, 

28, 23, 0, 4.03138e-28, 

28, 24, 0, 9.7298e-29, 

28, 25, 0, 2.37781e-29, 

28, 26, 0, 5.91072e-30, 

28, 27, 0, 1.50253e-30, 

28, 28, 0, 3.93031e-31, 

28, 29, 0, 1.0654e-31, 

28, 30, 0, 3.01631e-32, 

28, 31, 0, 9.00275e-33, 

28, 32, 0, 2.87376e-33, 

28, 33, 0, 1.01202e-33, 

28, 34, 0, 4.23377e-34, 

28, 35, 0, 2.39365e-34, 

28, 36, 0, 1.97696e-34, 

28, 37, 0, 2.17672e-34, 

28, 38, 0, 2.76528e-34, 

28, 39, 0, 3.71671e-34, 

28, 40, 0, 5.08194e-34, 

28, 41, 0, 6.93649e-34, 

28, 42, 0, 9.34399e-34, 

28, 43, 0, 1.23185e-33, 

28, 44, 0, 1.57858e-33, 

28, 45, 0, 1.95559e-33, 

28, 46, 0, 2.33221e-33, 

28, 47, 0, 2.67019e-33, 

28, 48, 0, 2.93149e-33, 

28, 49, 0, 3.08765e-33, 

28, 50, 0, 3.12715e-33, 

28, 51, 0, 3.05793e-33, 

28, 52, 0, 2.90408e-33, 

28, 53, 0, 2.69854e-33, 

28, 54, 0, 2.47474e-33, 

28, 55, 0, 2.26004e-33, 

28, 56, 0, 2.07226e-33, 

28, 57, 0, 1.91918e-33, 

28, 58, 0, 1.80002e-33, 

28, 59, 0, 1.70789e-33, 

28, 60, 0, 1.63225e-33, 

28, 61, 0, 1.56134e-33, 

28, 62, 0, 1.48412e-33, 

28, 63, 0, 1.39207e-33, 

28, 64, 0, 1.28049e-33, 

28, 65, 0, 1.14916e-33, 

28, 66, 0, 1.00229e-33, 

28, 67, 0, 8.47459e-34, 

28, 68, 0, 6.93929e-34, 

28, 69, 0, 5.50665e-34, 

28, 70, 0, 4.24689e-34, 

28, 71, 0, 3.20137e-34, 

28, 72, 0, 2.3818e-34, 

28, 73, 0, 1.77636e-34, 

28, 74, 0, 1.35915e-34, 

28, 75, 0, 1.09968e-34, 

28, 76, 0, 9.69809e-35, 

28, 77, 0, 9.474e-35, 

28, 78, 0, 1.01692e-34, 

28, 79, 0, 1.16763e-34, 

28, 80, 0, 1.3902e-34, 

28, 81, 0, 1.67313e-34, 

28, 82, 0, 2.00029e-34, 

28, 83, 0, 2.35316e-34, 

28, 84, 0, 2.7255e-34, 

28, 85, 0, 3.17783e-34, 

28, 86, 0, 4.04032e-34, 

28, 87, 0, 6.71815e-34, 

28, 88, 0, 1.70303e-33, 

28, 89, 0, 5.94343e-33, 

28, 90, 0, 2.38884e-32, 

28, 91, 0, 1.01477e-31, 

28, 92, 0, 4.43463e-31, 

28, 93, 0, 1.97757e-30, 

28, 94, 0, 8.96983e-30, 

28, 95, 0, 4.12938e-29, 

28, 96, 0, 1.92563e-28, 

28, 97, 0, 9.07736e-28, 

28, 98, 0, 4.31625e-27, 

28, 99, 0, 2.06542e-26, 

28, 100, 0, 9.92158e-26, 

28, 101, 0, 4.77125e-25, 

28, 102, 0, 2.28997e-24, 

28, 103, 0, 1.09309e-23, 

28, 104, 0, 5.16848e-23, 

28, 105, 0, 2.40939e-22, 

28, 106, 0, 1.10133e-21, 

28, 107, 0, 4.90491e-21, 

28, 108, 0, 2.11285e-20, 

28, 109, 0, 8.7295e-20, 

28, 110, 0, 3.4265e-19, 

28, 111, 0, 1.26407e-18, 

28, 112, 0, 4.32967e-18, 

28, 113, 0, 1.35795e-17, 

28, 114, 0, 3.83792e-17, 

28, 115, 0, 9.58904e-17, 

28, 116, 0, 2.06734e-16, 

28, 117, 0, 3.71885e-16, 

28, 118, 0, 5.28566e-16, 

28, 119, 0, 5.28566e-16, 

29, 0, 0, 2.70612e-16, 

29, 1, 0, 2.70612e-16, 

29, 2, 0, 1.92372e-16, 

29, 3, 0, 1.09277e-16, 

29, 4, 0, 5.24491e-17, 

29, 5, 0, 2.20193e-17, 

29, 6, 0, 8.28873e-18, 

29, 7, 0, 2.85221e-18, 

29, 8, 0, 9.11462e-19, 

29, 9, 0, 2.74093e-19, 

29, 10, 0, 7.84342e-20, 

29, 11, 0, 2.15599e-20, 

29, 12, 0, 5.73772e-21, 

29, 13, 0, 1.48799e-21, 

29, 14, 0, 3.78035e-22, 

29, 15, 0, 9.44931e-23, 

29, 16, 0, 2.33199e-23, 

29, 17, 0, 5.69884e-24, 

29, 18, 0, 1.38264e-24, 

29, 19, 0, 3.33857e-25, 

29, 20, 0, 8.04312e-26, 

29, 21, 0, 1.93852e-26, 

29, 22, 0, 4.68818e-27, 

29, 23, 0, 1.14163e-27, 

29, 24, 0, 2.81034e-28, 

29, 25, 0, 7.02617e-29, 

29, 26, 0, 1.79357e-29, 

29, 27, 0, 4.70285e-30, 

29, 28, 0, 1.27492e-30, 

29, 29, 0, 3.5978e-31, 

29, 30, 0, 1.06434e-31, 

29, 31, 0, 3.32861e-32, 

29, 32, 0, 1.11638e-32, 

29, 33, 0, 4.15246e-33, 

29, 34, 0, 1.85285e-33, 

29, 35, 0, 1.12218e-33, 

29, 36, 0, 9.74069e-34, 

29, 37, 0, 1.09632e-33, 

29, 38, 0, 1.40153e-33, 

29, 39, 0, 1.88411e-33, 

29, 40, 0, 2.57064e-33, 

29, 41, 0, 3.49729e-33, 

29, 42, 0, 4.69275e-33, 

29, 43, 0, 6.16002e-33, 

29, 44, 0, 7.85816e-33, 

29, 45, 0, 9.68957e-33, 

29, 46, 0, 1.15013e-32, 

29, 47, 0, 1.3106e-32, 

29, 48, 0, 1.43208e-32, 

29, 49, 0, 1.50125e-32, 

29, 50, 0, 1.5133e-32, 

29, 51, 0, 1.47286e-32, 

29, 52, 0, 1.3923e-32, 

29, 53, 0, 1.28801e-32, 

29, 54, 0, 1.17629e-32, 

29, 55, 0, 1.07029e-32, 

29, 56, 0, 9.78324e-33, 

29, 57, 0, 9.03827e-33, 

29, 58, 0, 8.46119e-33, 

29, 59, 0, 8.01638e-33, 

29, 60, 0, 7.65187e-33, 

29, 61, 0, 7.31042e-33, 

29, 62, 0, 6.93919e-33, 

29, 63, 0, 6.49776e-33, 

29, 64, 0, 5.96426e-33, 

29, 65, 0, 5.33855e-33, 

29, 66, 0, 4.64142e-33, 

29, 67, 0, 3.90956e-33, 

29, 68, 0, 3.18721e-33, 

29, 69, 0, 2.51664e-33, 

29, 70, 0, 1.93038e-33, 

29, 71, 0, 1.44683e-33, 

29, 72, 0, 1.07029e-33, 

29, 73, 0, 7.94024e-34, 

29, 74, 0, 6.04991e-34, 

29, 75, 0, 4.8832e-34, 

29, 76, 0, 4.30554e-34, 

29, 77, 0, 4.21275e-34, 

29, 78, 0, 4.53292e-34, 

29, 79, 0, 5.21725e-34, 

29, 80, 0, 6.22423e-34, 

29, 81, 0, 7.50193e-34, 

29, 82, 0, 8.97513e-34, 

29, 83, 0, 1.05489e-33, 

29, 84, 0, 1.21533e-33, 

29, 85, 0, 1.39052e-33, 

29, 86, 0, 1.6685e-33, 

29, 87, 0, 2.43554e-33, 

29, 88, 0, 5.28031e-33, 

29, 89, 0, 1.67972e-32, 

29, 90, 0, 6.49437e-32, 

29, 91, 0, 2.70739e-31, 

29, 92, 0, 1.16804e-30, 

29, 93, 0, 5.15249e-30, 

29, 94, 0, 2.31398e-29, 

29, 95, 0, 1.05539e-28, 

29, 96, 0, 4.87794e-28, 

29, 97, 0, 2.27979e-27, 

29, 98, 0, 1.07498e-26, 

29, 99, 0, 5.1017e-26, 

29, 100, 0, 2.43063e-25, 

29, 101, 0, 1.15931e-24, 

29, 102, 0, 5.51828e-24, 

29, 103, 0, 2.61221e-23, 

29, 104, 0, 1.22478e-22, 

29, 105, 0, 5.66123e-22, 

29, 106, 0, 2.56568e-21, 

29, 107, 0, 1.13288e-20, 

29, 108, 0, 4.83821e-20, 

29, 109, 0, 1.98192e-19, 

29, 110, 0, 7.71378e-19, 

29, 111, 0, 2.82212e-18, 

29, 112, 0, 9.58854e-18, 

29, 113, 0, 2.98413e-17, 

29, 114, 0, 8.37268e-17, 

29, 115, 0, 2.07799e-16, 

29, 116, 0, 4.45384e-16, 

29, 117, 0, 7.97406e-16, 

29, 118, 0, 1.12991e-15, 

29, 119, 0, 1.12991e-15, 

30, 0, 0, 5.81559e-16, 

30, 1, 0, 5.81559e-16, 

30, 2, 0, 4.14573e-16, 

30, 3, 0, 2.36608e-16, 

30, 4, 0, 1.14284e-16, 

30, 5, 0, 4.83539e-17, 

30, 6, 0, 1.83693e-17, 

30, 7, 0, 6.38736e-18, 

30, 8, 0, 2.06503e-18, 

30, 9, 0, 6.28921e-19, 

30, 10, 0, 1.82439e-19, 

30, 11, 0, 5.08752e-20, 

30, 12, 0, 1.37436e-20, 

30, 13, 0, 3.6194e-21, 

30, 14, 0, 9.33988e-22, 

30, 15, 0, 2.37145e-22, 

30, 16, 0, 5.94474e-23, 

30, 17, 0, 1.47556e-23, 

30, 18, 0, 3.63613e-24, 

30, 19, 0, 8.9189e-25, 

30, 20, 0, 2.1836e-25, 

30, 21, 0, 5.35259e-26, 

30, 22, 0, 1.3183e-26, 

30, 23, 0, 3.27558e-27, 

30, 24, 0, 8.24948e-28, 

30, 25, 0, 2.11711e-28, 

30, 26, 0, 5.56934e-29, 

30, 27, 0, 1.51125e-29, 

30, 28, 0, 4.25674e-30, 

30, 29, 0, 1.2521e-30, 

30, 30, 0, 3.86888e-31, 

30, 31, 0, 1.26523e-31, 

30, 32, 0, 4.44426e-32, 

30, 33, 0, 1.7393e-32, 

30, 34, 0, 8.23564e-33, 

30, 35, 0, 5.30124e-33, 

30, 36, 0, 4.79795e-33, 

30, 37, 0, 5.49765e-33, 

30, 38, 0, 7.06245e-33, 

30, 39, 0, 9.49139e-33, 

30, 40, 0, 1.29185e-32, 

30, 41, 0, 1.75138e-32, 

30, 42, 0, 2.34025e-32, 

30, 43, 0, 3.05784e-32, 

30, 44, 0, 3.88183e-32, 

30, 45, 0, 4.76259e-32, 

30, 46, 0, 5.62454e-32, 

30, 47, 0, 6.37697e-32, 

30, 48, 0, 6.93319e-32, 

30, 49, 0, 7.2322e-32, 

30, 50, 0, 7.25478e-32, 

30, 51, 0, 7.02737e-32, 

30, 52, 0, 6.61255e-32, 

30, 53, 0, 6.09082e-32, 

30, 54, 0, 5.54081e-32, 

30, 55, 0, 5.02457e-32, 

30, 56, 0, 4.58048e-32, 

30, 57, 0, 4.22318e-32, 

30, 58, 0, 3.94788e-32, 

30, 59, 0, 3.73645e-32, 

30, 60, 0, 3.56335e-32, 

30, 61, 0, 3.40103e-32, 

30, 62, 0, 3.22433e-32, 

30, 63, 0, 3.01426e-32, 

30, 64, 0, 2.76083e-32, 

30, 65, 0, 2.46447e-32, 

30, 66, 0, 2.13549e-32, 

30, 67, 0, 1.79164e-32, 

30, 68, 0, 1.45395e-32, 

30, 69, 0, 1.14223e-32, 

30, 70, 0, 8.71376e-33, 

30, 71, 0, 6.49462e-33, 

30, 72, 0, 4.77858e-33, 

30, 73, 0, 3.5286e-33, 

30, 74, 0, 2.67971e-33, 

30, 75, 0, 2.16022e-33, 

30, 76, 0, 1.90656e-33, 

30, 77, 0, 1.87034e-33, 

30, 78, 0, 2.01881e-33, 

30, 79, 0, 2.33026e-33, 

30, 80, 0, 2.78666e-33, 

30, 81, 0, 3.36524e-33, 

30, 82, 0, 4.0322e-33, 

30, 83, 0, 4.74259e-33, 

30, 84, 0, 5.45456e-33, 

30, 85, 0, 6.17963e-33, 

30, 86, 0, 7.15049e-33, 

30, 87, 0, 9.4402e-33, 

30, 88, 0, 1.74281e-32, 

30, 89, 0, 4.90198e-32, 

30, 90, 0, 1.79061e-31, 

30, 91, 0, 7.27473e-31, 

30, 92, 0, 3.0894e-30, 

30, 93, 0, 1.3459e-29, 

30, 94, 0, 5.97776e-29, 

30, 95, 0, 2.6985e-28, 

30, 96, 0, 1.23516e-27, 

30, 97, 0, 5.71917e-27, 

30, 98, 0, 2.67249e-26, 

30, 99, 0, 1.25715e-25, 

30, 100, 0, 5.93734e-25, 

30, 101, 0, 2.80732e-24, 

30, 102, 0, 1.3247e-23, 

30, 103, 0, 6.21619e-23, 

30, 104, 0, 2.88904e-22, 

30, 105, 0, 1.32362e-21, 

30, 106, 0, 5.94559e-21, 

30, 107, 0, 2.60199e-20, 

30, 108, 0, 1.1014e-19, 

30, 109, 0, 4.47204e-19, 

30, 110, 0, 1.72542e-18, 

30, 111, 0, 6.25876e-18, 

30, 112, 0, 2.10891e-17, 

30, 113, 0, 6.51136e-17, 

30, 114, 0, 1.81331e-16, 

30, 115, 0, 4.46969e-16, 

30, 116, 0, 9.52278e-16, 

30, 117, 0, 1.69671e-15, 

30, 118, 0, 2.39672e-15, 

30, 119, 0, 2.39672e-15, 

31, 0, 0, 1.25438e-15, 

31, 1, 0, 1.25438e-15, 

31, 2, 0, 8.96747e-16, 

31, 3, 0, 5.14233e-16, 

31, 4, 0, 2.49959e-16, 

31, 5, 0, 1.06585e-16, 

31, 6, 0, 4.08612e-17, 

31, 7, 0, 1.43559e-17, 

31, 8, 0, 4.69485e-18, 

31, 9, 0, 1.44785e-18, 

31, 10, 0, 4.25669e-19, 

31, 11, 0, 1.20397e-19, 

31, 12, 0, 3.30088e-20, 

31, 13, 0, 8.82642e-21, 

31, 14, 0, 2.31336e-21, 

31, 15, 0, 5.96708e-22, 

31, 16, 0, 1.51982e-22, 

31, 17, 0, 3.83356e-23, 

31, 18, 0, 9.60259e-24, 

31, 19, 0, 2.39536e-24, 

31, 20, 0, 5.96884e-25, 

31, 21, 0, 1.49096e-25, 

31, 22, 0, 3.74855e-26, 

31, 23, 0, 9.5304e-27, 

31, 24, 0, 2.46328e-27, 

31, 25, 0, 6.51044e-28, 

31, 26, 0, 1.77042e-28, 

31, 27, 0, 4.98379e-29, 

31, 28, 0, 1.46044e-29, 

31, 29, 0, 4.47672e-30, 

31, 30, 0, 1.44224e-30, 

31, 31, 0, 4.91723e-31, 

31, 32, 0, 1.80248e-31, 

31, 33, 0, 7.39415e-32, 

31, 34, 0, 3.69817e-32, 

31, 35, 0, 2.51312e-32, 

31, 36, 0, 2.35695e-32, 

31, 37, 0, 2.74109e-32, 

31, 38, 0, 3.53479e-32, 

31, 39, 0, 4.7473e-32, 

31, 40, 0, 6.44442e-32, 

31, 41, 0, 8.7044e-32, 

31, 42, 0, 1.15799e-31, 

31, 43, 0, 1.5057e-31, 

31, 44, 0, 1.90155e-31, 

31, 45, 0, 2.32054e-31, 

31, 46, 0, 2.72574e-31, 

31, 47, 0, 3.07379e-31, 

31, 48, 0, 3.32421e-31, 

31, 49, 0, 3.4496e-31, 

31, 50, 0, 3.44295e-31, 

31, 51, 0, 3.31886e-31, 

31, 52, 0, 3.10865e-31, 

31, 53, 0, 2.85132e-31, 

31, 54, 0, 2.58424e-31, 

31, 55, 0, 2.3363e-31, 

31, 56, 0, 2.12487e-31, 

31, 57, 0, 1.95599e-31, 

31, 58, 0, 1.82664e-31, 

31, 59, 0, 1.72768e-31, 

31, 60, 0, 1.6467e-31, 

31, 61, 0, 1.57053e-31, 

31, 62, 0, 1.48728e-31, 

31, 63, 0, 1.38815e-31, 

31, 64, 0, 1.26864e-31, 

31, 65, 0, 1.12923e-31, 

31, 66, 0, 9.7504e-32, 

31, 67, 0, 8.14622e-32, 

31, 68, 0, 6.57924e-32, 

31, 69, 0, 5.14151e-32, 

31, 70, 0, 3.90047e-32, 

31, 71, 0, 2.8908e-32, 

31, 72, 0, 2.11572e-32, 

31, 73, 0, 1.55535e-32, 

31, 74, 0, 1.17774e-32, 

31, 75, 0, 9.48725e-33, 

31, 76, 0, 8.38621e-33, 

31, 77, 0, 8.2525e-33, 

31, 78, 0, 8.93877e-33, 

31, 79, 0, 1.03501e-32, 

31, 80, 0, 1.2409e-32, 

31, 81, 0, 1.50169e-32, 

31, 82, 0, 1.80238e-32, 

31, 83, 0, 2.12226e-32, 

31, 84, 0, 2.43964e-32, 

31, 85, 0, 2.74811e-32, 

31, 86, 0, 3.10663e-32, 

31, 87, 0, 3.81442e-32, 

31, 88, 0, 6.0875e-32, 

31, 89, 0, 1.48158e-31, 

31, 90, 0, 5.01174e-31, 

31, 91, 0, 1.96793e-30, 

31, 92, 0, 8.20022e-30, 

31, 93, 0, 3.52233e-29, 

31, 94, 0, 1.54539e-28, 

31, 95, 0, 6.89823e-28, 

31, 96, 0, 3.12423e-27, 

31, 97, 0, 1.43209e-26, 

31, 98, 0, 6.62714e-26, 

31, 99, 0, 3.08804e-25, 

31, 100, 0, 1.44494e-24, 

31, 101, 0, 6.76946e-24, 

31, 102, 0, 3.16521e-23, 

31, 103, 0, 1.47177e-22, 

31, 104, 0, 6.77785e-22, 

31, 105, 0, 3.07695e-21, 

31, 106, 0, 1.3695e-20, 

31, 107, 0, 5.93865e-20, 

31, 108, 0, 2.49091e-19, 

31, 109, 0, 1.00227e-18, 

31, 110, 0, 3.83262e-18, 

31, 111, 0, 1.37814e-17, 

31, 112, 0, 4.60455e-17, 

31, 113, 0, 1.41021e-16, 

31, 114, 0, 3.89743e-16, 

31, 115, 0, 9.54029e-16, 

31, 116, 0, 2.02023e-15, 

31, 117, 0, 3.58187e-15, 

31, 118, 0, 5.0436e-15, 

31, 119, 0, 5.0436e-15, 

32, 0, 0, 2.71501e-15, 

32, 1, 0, 2.71501e-15, 

32, 2, 0, 1.94654e-15, 

32, 3, 0, 1.12159e-15, 

32, 4, 0, 5.48665e-16, 

32, 5, 0, 2.35778e-16, 

32, 6, 0, 9.1211e-17, 

32, 7, 0, 3.23749e-17, 

32, 8, 0, 1.07082e-17, 

32, 9, 0, 3.34323e-18, 

32, 10, 0, 9.95965e-19, 

32, 11, 0, 2.8566e-19, 

32, 12, 0, 7.94696e-20, 

32, 13, 0, 2.15735e-20, 

32, 14, 0, 5.74288e-21, 

32, 15, 0, 1.50507e-21, 

32, 16, 0, 3.89635e-22, 

32, 17, 0, 9.99373e-23, 

32, 18, 0, 2.547e-23, 

32, 19, 0, 6.46986e-24, 

32, 20, 0, 1.64367e-24, 

32, 21, 0, 4.19285e-25, 

32, 22, 0, 1.07885e-25, 

32, 23, 0, 2.81467e-26, 

32, 24, 0, 7.4888e-27, 

32, 25, 0, 2.04432e-27, 

32, 26, 0, 5.76032e-28, 

32, 27, 0, 1.68449e-28, 

32, 28, 0, 5.1354e-29, 

32, 29, 0, 1.63808e-29, 

32, 30, 0, 5.48754e-30, 

32, 31, 0, 1.94401e-30, 

32, 32, 0, 7.41072e-31, 

32, 33, 0, 3.17593e-31, 

32, 34, 0, 1.67105e-31, 

32, 35, 0, 1.19204e-31, 

32, 36, 0, 1.15274e-31, 

32, 37, 0, 1.35747e-31, 

32, 38, 0, 1.75581e-31, 

32, 39, 0, 2.35582e-31, 

32, 40, 0, 3.18902e-31, 

32, 41, 0, 4.29065e-31, 

32, 42, 0, 5.68176e-31, 

32, 43, 0, 7.34997e-31, 

32, 44, 0, 9.23159e-31, 

32, 45, 0, 1.12021e-30, 

32, 46, 0, 1.30828e-30, 

32, 47, 0, 1.46694e-30, 

32, 48, 0, 1.57757e-30, 

32, 49, 0, 1.62818e-30, 

32, 50, 0, 1.61654e-30, 

32, 51, 0, 1.55055e-30, 

32, 52, 0, 1.44565e-30, 

32, 53, 0, 1.32049e-30, 

32, 54, 0, 1.19257e-30, 

32, 55, 0, 1.07514e-30, 

32, 56, 0, 9.75907e-31, 

32, 57, 0, 8.97258e-31, 

32, 58, 0, 8.37412e-31, 

32, 59, 0, 7.91816e-31, 

32, 60, 0, 7.54502e-31, 

32, 61, 0, 7.1923e-31, 

32, 62, 0, 6.80449e-31, 

32, 63, 0, 6.34103e-31, 

32, 64, 0, 5.78211e-31, 

32, 65, 0, 5.13143e-31, 

32, 66, 0, 4.41444e-31, 

32, 67, 0, 3.67205e-31, 

32, 68, 0, 2.95099e-31, 

32, 69, 0, 2.29362e-31, 

32, 70, 0, 1.73013e-31, 

32, 71, 0, 1.27504e-31, 

32, 72, 0, 9.28324e-32, 

32, 73, 0, 6.79579e-32, 

32, 74, 0, 5.1329e-32, 

32, 75, 0, 4.13378e-32, 

32, 76, 0, 3.66161e-32, 

32, 77, 0, 3.61599e-32, 

32, 78, 0, 3.93159e-32, 

32, 79, 0, 4.56745e-32, 

32, 80, 0, 5.4908e-32, 

32, 81, 0, 6.6594e-32, 

32, 82, 0, 8.00725e-32, 

32, 83, 0, 9.44069e-32, 

32, 84, 0, 1.08546e-31, 

32, 85, 0, 1.21874e-31, 

32, 86, 0, 1.35753e-31, 

32, 87, 0, 1.58533e-31, 

32, 88, 0, 2.24228e-31, 

32, 89, 0, 4.67153e-31, 

32, 90, 0, 1.43017e-30, 

32, 91, 0, 5.36661e-30, 

32, 92, 0, 2.1848e-29, 

32, 93, 0, 9.23495e-29, 

32, 94, 0, 3.99748e-28, 

32, 95, 0, 1.76264e-27, 

32, 96, 0, 7.89195e-27, 

32, 97, 0, 3.5783e-26, 

32, 98, 0, 1.63866e-25, 

32, 99, 0, 7.5586e-25, 

32, 100, 0, 3.50194e-24, 

32, 101, 0, 1.62475e-23, 

32, 102, 0, 7.5241e-23, 

32, 103, 0, 3.46529e-22, 

32, 104, 0, 1.58073e-21, 

32, 105, 0, 7.10827e-21, 

32, 106, 0, 3.13398e-20, 

32, 107, 0, 1.34627e-19, 

32, 108, 0, 5.59427e-19, 

32, 109, 0, 2.23026e-18, 

32, 110, 0, 8.45123e-18, 

32, 111, 0, 3.01206e-17, 

32, 112, 0, 9.97766e-17, 

32, 113, 0, 3.03084e-16, 

32, 114, 0, 8.31221e-16, 

32, 115, 0, 2.02043e-15, 

32, 116, 0, 4.25214e-15, 

32, 117, 0, 7.50169e-15, 

32, 118, 0, 1.05293e-14, 

32, 119, 0, 1.05293e-14, 

33, 0, 0, 5.89523e-15, 

33, 1, 0, 5.89523e-15, 

33, 2, 0, 4.23904e-15, 

33, 3, 0, 2.45438e-15, 

33, 4, 0, 1.20834e-15, 

33, 5, 0, 5.23299e-16, 

33, 6, 0, 2.04266e-16, 

33, 7, 0, 7.32404e-17, 

33, 8, 0, 2.44967e-17, 

33, 9, 0, 7.74149e-18, 

33, 10, 0, 2.33638e-18, 

33, 11, 0, 6.794e-19, 

33, 12, 0, 1.91756e-19, 

33, 13, 0, 5.28449e-20, 

33, 14, 0, 1.42886e-20, 

33, 15, 0, 3.8057e-21, 

33, 16, 0, 1.00187e-21, 

33, 17, 0, 2.61504e-22, 

33, 18, 0, 6.78857e-23, 

33, 19, 0, 1.75863e-23, 

33, 20, 0, 4.5637e-24, 

33, 21, 0, 1.19156e-24, 

33, 22, 0, 3.14593e-25, 

33, 23, 0, 8.44583e-26, 

33, 24, 0, 2.31941e-26, 

33, 25, 0, 6.5544e-27, 

33, 26, 0, 1.91631e-27, 

33, 27, 0, 5.8225e-28, 

33, 28, 0, 1.84457e-28, 

33, 29, 0, 6.10827e-29, 

33, 30, 0, 2.1212e-29, 

33, 31, 0, 7.78206e-30, 

33, 32, 0, 3.0756e-30, 

33, 33, 0, 1.37314e-30, 

33, 34, 0, 7.57421e-31, 

33, 35, 0, 5.64426e-31, 

33, 36, 0, 5.60545e-31, 

33, 37, 0, 6.67143e-31, 

33, 38, 0, 8.64958e-31, 

33, 39, 0, 1.15913e-30, 

33, 40, 0, 1.56446e-30, 

33, 41, 0, 2.09642e-30, 

33, 42, 0, 2.76282e-30, 

33, 43, 0, 3.5549e-30, 

33, 44, 0, 4.43941e-30, 

33, 45, 0, 5.35496e-30, 

33, 46, 0, 6.21629e-30, 

33, 47, 0, 6.92824e-30, 

33, 48, 0, 7.40685e-30, 

33, 49, 0, 7.60088e-30, 

33, 50, 0, 7.5055e-30, 

33, 51, 0, 7.16241e-30, 

33, 52, 0, 6.6467e-30, 

33, 53, 0, 6.04634e-30, 

33, 54, 0, 5.44205e-30, 

33, 55, 0, 4.89356e-30, 

33, 56, 0, 4.43441e-30, 

33, 57, 0, 4.07353e-30, 

33, 58, 0, 3.80089e-30, 

33, 59, 0, 3.59414e-30, 

33, 60, 0, 3.42485e-30, 

33, 61, 0, 3.26378e-30, 

33, 62, 0, 3.08522e-30, 

33, 63, 0, 2.87074e-30, 

33, 64, 0, 2.61176e-30, 

33, 65, 0, 2.31077e-30, 

33, 66, 0, 1.98031e-30, 

33, 67, 0, 1.63983e-30, 

33, 68, 0, 1.31109e-30, 

33, 69, 0, 1.01339e-30, 

33, 70, 0, 7.60039e-31, 

33, 71, 0, 5.56977e-31, 

33, 72, 0, 4.03468e-31, 

33, 73, 0, 2.94195e-31, 

33, 74, 0, 2.21735e-31, 

33, 75, 0, 1.7862e-31, 

33, 76, 0, 1.58624e-31, 

33, 77, 0, 1.57263e-31, 

33, 78, 0, 1.71681e-31, 

33, 79, 0, 2.00137e-31, 

33, 80, 0, 2.41266e-31, 

33, 81, 0, 2.93272e-31, 

33, 82, 0, 3.53281e-31, 

33, 83, 0, 4.17115e-31, 

33, 84, 0, 4.79875e-31, 

33, 85, 0, 5.37879e-31, 

33, 86, 0, 5.93603e-31, 

33, 87, 0, 6.7028e-31, 

33, 88, 0, 8.63806e-31, 

33, 89, 0, 1.54545e-30, 

33, 90, 0, 4.18596e-30, 

33, 91, 0, 1.47876e-29, 

33, 92, 0, 5.84708e-29, 

33, 93, 0, 2.42616e-28, 

33, 94, 0, 1.0347e-27, 

33, 95, 0, 4.50211e-27, 

33, 96, 0, 1.99094e-26, 

33, 97, 0, 8.9218e-26, 

33, 98, 0, 4.04002e-25, 

33, 99, 0, 1.84343e-24, 

33, 100, 0, 8.45117e-24, 

33, 101, 0, 3.88076e-23, 

33, 102, 0, 1.77903e-22, 

33, 103, 0, 8.11189e-22, 

33, 104, 0, 3.66385e-21, 

33, 105, 0, 1.63146e-20, 

33, 106, 0, 7.12326e-20, 

33, 107, 0, 3.03056e-19, 

33, 108, 0, 1.24735e-18, 

33, 109, 0, 4.92624e-18, 

33, 110, 0, 1.84959e-17, 

33, 111, 0, 6.53306e-17, 

33, 112, 0, 2.14544e-16, 

33, 113, 0, 6.46337e-16, 

33, 114, 0, 1.75892e-15, 

33, 115, 0, 4.2452e-15, 

33, 116, 0, 8.8791e-15, 

33, 117, 0, 1.55866e-14, 

33, 118, 0, 2.18067e-14, 

33, 119, 0, 2.18067e-14, 

34, 0, 0, 1.28373e-14, 

34, 1, 0, 1.28373e-14, 

34, 2, 0, 9.25841e-15, 

34, 3, 0, 5.38691e-15, 

34, 4, 0, 2.66918e-15, 

34, 5, 0, 1.16493e-15, 

34, 6, 0, 4.58803e-16, 

34, 7, 0, 1.66164e-16, 

34, 8, 0, 5.61939e-17, 

34, 9, 0, 1.79724e-17, 

34, 10, 0, 5.4941e-18, 

34, 11, 0, 1.61955e-18, 

34, 12, 0, 4.63721e-19, 

34, 13, 0, 1.29734e-19, 

34, 14, 0, 3.56362e-20, 

34, 15, 0, 9.6497e-21, 

34, 16, 0, 2.58489e-21, 

34, 17, 0, 6.87232e-22, 

34, 18, 0, 1.81951e-22, 

34, 19, 0, 4.81497e-23, 

34, 20, 0, 1.27888e-23, 

34, 21, 0, 3.42563e-24, 

34, 22, 0, 9.3034e-25, 

34, 23, 0, 2.5765e-25, 

34, 24, 0, 7.3187e-26, 

34, 25, 0, 2.14392e-26, 

34, 26, 0, 6.50606e-27, 

34, 27, 0, 2.05209e-27, 

34, 28, 0, 6.74192e-28, 

34, 29, 0, 2.31125e-28, 

34, 30, 0, 8.294e-29, 

34, 31, 0, 3.14168e-29, 

34, 32, 0, 1.28396e-29, 

34, 33, 0, 5.95816e-30, 

34, 34, 0, 3.435e-30, 

34, 35, 0, 2.66292e-30, 

34, 36, 0, 2.707e-30, 

34, 37, 0, 3.25127e-30, 

34, 38, 0, 4.22309e-30, 

34, 39, 0, 5.65145e-30, 

34, 40, 0, 7.60421e-30, 

34, 41, 0, 1.01475e-29, 

34, 42, 0, 1.33071e-29, 

34, 43, 0, 1.70273e-29, 

34, 44, 0, 2.11373e-29, 

34, 45, 0, 2.5338e-29, 

34, 46, 0, 2.92275e-29, 

34, 47, 0, 3.23694e-29, 

34, 48, 0, 3.43915e-29, 

34, 49, 0, 3.50819e-29, 

34, 50, 0, 3.44456e-29, 

34, 51, 0, 3.26981e-29, 

34, 52, 0, 3.01996e-29, 

34, 53, 0, 2.7359e-29, 

34, 54, 0, 2.4543e-29, 

34, 55, 0, 2.20166e-29, 

34, 56, 0, 1.99222e-29, 

34, 57, 0, 1.82908e-29, 

34, 58, 0, 1.70679e-29, 

34, 59, 0, 1.61453e-29, 

34, 60, 0, 1.53893e-29, 

34, 61, 0, 1.46642e-29, 

34, 62, 0, 1.38522e-29, 

34, 63, 0, 1.28704e-29, 

34, 64, 0, 1.16827e-29, 

34, 65, 0, 1.03042e-29, 

34, 66, 0, 8.79599e-30, 

34, 67, 0, 7.24992e-30, 

34, 68, 0, 5.76629e-30, 

34, 69, 0, 4.432e-30, 

34, 70, 0, 3.30491e-30, 

34, 71, 0, 2.40852e-30, 

34, 72, 0, 1.73619e-30, 

34, 73, 0, 1.26137e-30, 

34, 74, 0, 9.49085e-31, 

34, 75, 0, 7.65122e-31, 

34, 76, 0, 6.8154e-31, 

34, 77, 0, 6.7858e-31, 

34, 78, 0, 7.43935e-31, 

34, 79, 0, 8.7032e-31, 

34, 80, 0, 1.05212e-30, 

34, 81, 0, 1.2818e-30, 

34, 82, 0, 1.54693e-30, 

34, 83, 0, 1.82909e-30, 

34, 84, 0, 2.10604e-30, 

34, 85, 0, 2.35883e-30, 

34, 86, 0, 2.58828e-30, 

34, 87, 0, 2.8585e-30, 

34, 88, 0, 3.44225e-30, 

34, 89, 0, 5.37323e-30, 

34, 90, 0, 1.26538e-29, 

34, 91, 0, 4.1314e-29, 

34, 92, 0, 1.57375e-28, 

34, 93, 0, 6.38976e-28, 

34, 94, 0, 2.68062e-27, 

34, 95, 0, 1.14972e-26, 

34, 96, 0, 5.01711e-26, 

34, 97, 0, 2.22015e-25, 

34, 98, 0, 9.93315e-25, 

34, 99, 0, 4.48022e-24, 

34, 100, 0, 2.03102e-23, 

34, 101, 0, 9.22503e-23, 

34, 102, 0, 4.184e-22, 

34, 103, 0, 1.88787e-21, 

34, 104, 0, 8.43919e-21, 

34, 105, 0, 3.71978e-20, 

34, 106, 0, 1.60788e-19, 

34, 107, 0, 6.77324e-19, 

34, 108, 0, 2.76075e-18, 

34, 109, 0, 1.07994e-17, 

34, 110, 0, 4.01697e-17, 

34, 111, 0, 1.40604e-16, 

34, 112, 0, 4.5772e-16, 

34, 113, 0, 1.36751e-15, 

34, 114, 0, 3.69261e-15, 

34, 115, 0, 8.84912e-15, 

34, 116, 0, 1.83938e-14, 

34, 117, 0, 3.21276e-14, 

34, 118, 0, 4.48035e-14, 

34, 119, 0, 4.48035e-14, 

35, 0, 0, 2.8022e-14, 

35, 1, 0, 2.8022e-14, 

35, 2, 0, 2.02715e-14, 

35, 3, 0, 1.18534e-14, 

35, 4, 0, 5.9114e-15, 

35, 5, 0, 2.60006e-15, 

35, 6, 0, 1.03319e-15, 

35, 7, 0, 3.7794e-16, 

35, 8, 0, 1.29221e-16, 

35, 9, 0, 4.18223e-17, 

35, 10, 0, 1.29489e-17, 

35, 11, 0, 3.86927e-18, 

35, 12, 0, 1.12393e-18, 

35, 13, 0, 3.19257e-19, 

35, 14, 0, 8.91168e-20, 

35, 15, 0, 2.45461e-20, 

35, 16, 0, 6.69576e-21, 

35, 17, 0, 1.81522e-21, 

35, 18, 0, 4.90847e-22, 

35, 19, 0, 1.32919e-22, 

35, 20, 0, 3.62081e-23, 

35, 21, 0, 9.97223e-24, 

35, 22, 0, 2.79208e-24, 

35, 23, 0, 7.99202e-25, 

35, 24, 0, 2.35131e-25, 

35, 25, 0, 7.14311e-26, 

35, 26, 0, 2.24845e-26, 

35, 27, 0, 7.34924e-27, 

35, 28, 0, 2.49763e-27, 

35, 29, 0, 8.838e-28, 

35, 30, 0, 3.26778e-28, 

35, 31, 0, 1.27472e-28, 

35, 32, 0, 5.37591e-29, 

35, 33, 0, 2.58809e-29, 

35, 34, 0, 1.55539e-29, 

35, 35, 0, 1.24987e-29, 

35, 36, 0, 1.29697e-29, 

35, 37, 0, 1.57006e-29, 

35, 38, 0, 2.04225e-29, 

35, 39, 0, 2.72873e-29, 

35, 40, 0, 3.65997e-29, 

35, 41, 0, 4.86336e-29, 

35, 42, 0, 6.34528e-29, 

35, 43, 0, 8.07295e-29, 

35, 44, 0, 9.95987e-29, 

35, 45, 0, 1.18623e-28, 

35, 46, 0, 1.3593e-28, 

35, 47, 0, 1.49551e-28, 

35, 48, 0, 1.57867e-28, 

35, 49, 0, 1.60033e-28, 

35, 50, 0, 1.56205e-28, 

35, 51, 0, 1.47474e-28, 

35, 52, 0, 1.35543e-28, 

35, 53, 0, 1.22285e-28, 

35, 54, 0, 1.09339e-28, 

35, 55, 0, 9.78614e-29, 

35, 56, 0, 8.84434e-29, 

35, 57, 0, 8.11759e-29, 

35, 58, 0, 7.57751e-29, 

35, 59, 0, 7.17246e-29, 

35, 60, 0, 6.84019e-29, 

35, 61, 0, 6.51844e-29, 

35, 62, 0, 6.15392e-29, 

35, 63, 0, 5.7098e-29, 

35, 64, 0, 5.17112e-29, 

35, 65, 0, 4.54657e-29, 

35, 66, 0, 3.86568e-29, 

35, 67, 0, 3.17124e-29, 

35, 68, 0, 2.50899e-29, 

35, 69, 0, 1.91759e-29, 

35, 70, 0, 1.42179e-29, 

35, 71, 0, 1.03056e-29, 

35, 72, 0, 7.3943e-30, 

35, 73, 0, 5.35445e-30, 

35, 74, 0, 4.02383e-30, 

35, 75, 0, 3.24801e-30, 

35, 76, 0, 2.90332e-30, 

35, 77, 0, 2.90393e-30, 

35, 78, 0, 3.19757e-30, 

35, 79, 0, 3.75423e-30, 

35, 80, 0, 4.55117e-30, 

35, 81, 0, 5.55701e-30, 

35, 82, 0, 6.71853e-30, 

35, 83, 0, 7.95545e-30, 

35, 84, 0, 9.16862e-30, 

35, 85, 0, 1.02674e-29, 

35, 86, 0, 1.12266e-29, 

35, 87, 0, 1.22205e-29, 

35, 88, 0, 1.40328e-29, 

35, 89, 0, 1.95666e-29, 

35, 90, 0, 3.97687e-29, 

35, 91, 0, 1.17573e-28, 

35, 92, 0, 4.26761e-28, 

35, 93, 0, 1.68823e-27, 

35, 94, 0, 6.9536e-27, 

35, 95, 0, 2.93641e-26, 

35, 96, 0, 1.26328e-25, 

35, 97, 0, 5.51565e-25, 

35, 98, 0, 2.4363e-24, 

35, 99, 0, 1.08538e-23, 

35, 100, 0, 4.86197e-23, 

35, 101, 0, 2.18289e-22, 

35, 102, 0, 9.78929e-22, 

35, 103, 0, 4.36858e-21, 

35, 104, 0, 1.93187e-20, 

35, 105, 0, 8.42548e-20, 

35, 106, 0, 3.6043e-19, 

35, 107, 0, 1.50293e-18, 

35, 108, 0, 6.06507e-18, 

35, 109, 0, 2.3495e-17, 

35, 110, 0, 8.65676e-17, 

35, 111, 0, 3.0024e-16, 

35, 112, 0, 9.6882e-16, 

35, 113, 0, 2.87038e-15, 

35, 114, 0, 7.69041e-15, 

35, 115, 0, 1.82989e-14, 

35, 116, 0, 3.78005e-14, 

35, 117, 0, 6.56944e-14, 

35, 118, 0, 9.13182e-14, 

35, 119, 0, 9.13182e-14, 

36, 0, 0, 6.12861e-14, 

36, 1, 0, 6.12861e-14, 

36, 2, 0, 4.44731e-14, 

36, 3, 0, 2.6136e-14, 

36, 4, 0, 1.31195e-14, 

36, 5, 0, 5.81557e-15, 

36, 6, 0, 2.33166e-15, 

36, 7, 0, 8.61461e-16, 

36, 8, 0, 2.9778e-16, 

36, 9, 0, 9.75262e-17, 

36, 10, 0, 3.05835e-17, 

36, 11, 0, 9.26411e-18, 

36, 12, 0, 2.7304e-18, 

36, 13, 0, 7.87693e-19, 

36, 14, 0, 2.23541e-19, 

36, 15, 0, 6.26728e-20, 

36, 16, 0, 1.74258e-20, 

36, 17, 0, 4.82306e-21, 

36, 18, 0, 1.33404e-21, 

36, 19, 0, 3.7033e-22, 

36, 20, 0, 1.03667e-22, 

36, 21, 0, 2.9415e-23, 

36, 22, 0, 8.50566e-24, 

36, 23, 0, 2.51958e-24, 

36, 24, 0, 7.68137e-25, 

36, 25, 0, 2.4188e-25, 

36, 26, 0, 7.88555e-26, 

36, 27, 0, 2.66489e-26, 

36, 28, 0, 9.34269e-27, 

36, 29, 0, 3.40282e-27, 

36, 30, 0, 1.29302e-27, 

36, 31, 0, 5.18335e-28, 

36, 32, 0, 2.25208e-28, 

36, 33, 0, 1.12308e-28, 

36, 34, 0, 7.01926e-29, 

36, 35, 0, 5.8283e-29, 

36, 36, 0, 6.15943e-29, 

36, 37, 0, 7.50771e-29, 

36, 38, 0, 9.77598e-29, 

36, 39, 0, 1.304e-28, 

36, 40, 0, 1.74336e-28, 

36, 41, 0, 2.30657e-28, 

36, 42, 0, 2.99387e-28, 

36, 43, 0, 3.78684e-28, 

36, 44, 0, 4.64243e-28, 

36, 45, 0, 5.49243e-28, 

36, 46, 0, 6.25094e-28, 

36, 47, 0, 6.83034e-28, 

36, 48, 0, 7.16172e-28, 

36, 49, 0, 7.213e-28, 

36, 50, 0, 6.99743e-28, 

36, 51, 0, 6.56911e-28, 

36, 52, 0, 6.00741e-28, 

36, 53, 0, 5.39691e-28, 

36, 54, 0, 4.8098e-28, 

36, 55, 0, 4.29544e-28, 

36, 56, 0, 3.87783e-28, 

36, 57, 0, 3.55879e-28, 

36, 58, 0, 3.32392e-28, 

36, 59, 0, 3.14892e-28, 

36, 60, 0, 3.0052e-28, 

36, 61, 0, 2.86454e-28, 

36, 62, 0, 2.70307e-28, 

36, 63, 0, 2.50466e-28, 

36, 64, 0, 2.26327e-28, 

36, 65, 0, 1.98363e-28, 

36, 66, 0, 1.67982e-28, 

36, 67, 0, 1.37154e-28, 

36, 68, 0, 1.07941e-28, 

36, 69, 0, 8.20378e-29, 

36, 70, 0, 6.04871e-29, 

36, 71, 0, 4.36142e-29, 

36, 72, 0, 3.11569e-29, 

36, 73, 0, 2.24966e-29, 

36, 74, 0, 1.68934e-29, 

36, 75, 0, 1.36606e-29, 

36, 76, 0, 1.22589e-29, 

36, 77, 0, 1.23207e-29, 

36, 78, 0, 1.36274e-29, 

36, 79, 0, 1.60572e-29, 

36, 80, 0, 1.95195e-29, 

36, 81, 0, 2.38848e-29, 

36, 82, 0, 2.89273e-29, 

36, 83, 0, 3.43004e-29, 

36, 84, 0, 3.95695e-29, 

36, 85, 0, 4.4319e-29, 

36, 86, 0, 4.83591e-29, 

36, 87, 0, 5.21483e-29, 

36, 88, 0, 5.79669e-29, 

36, 89, 0, 7.40547e-29, 

36, 90, 0, 1.30536e-28, 

36, 91, 0, 3.42768e-28, 

36, 92, 0, 1.16897e-27, 

36, 93, 0, 4.47905e-27, 

36, 94, 0, 1.80691e-26, 

36, 95, 0, 7.50306e-26, 

36, 96, 0, 3.17936e-25, 

36, 97, 0, 1.36852e-24, 

36, 98, 0, 5.96309e-24, 

36, 99, 0, 2.62199e-23, 

36, 100, 0, 1.15974e-22, 

36, 101, 0, 5.14333e-22, 

36, 102, 0, 2.27919e-21, 

36, 103, 0, 1.00537e-20, 

36, 104, 0, 4.39588e-20, 

36, 105, 0, 1.89612e-19, 

36, 106, 0, 8.02438e-19, 

36, 107, 0, 3.31103e-18, 

36, 108, 0, 1.32256e-17, 

36, 109, 0, 5.0726e-17, 

36, 110, 0, 1.85106e-16, 

36, 111, 0, 6.3606e-16, 

36, 112, 0, 2.03428e-15, 

36, 113, 0, 5.97658e-15, 

36, 114, 0, 1.58876e-14, 

36, 115, 0, 3.75355e-14, 

36, 116, 0, 7.70576e-14, 

36, 117, 0, 1.33252e-13, 

36, 118, 0, 1.8463e-13, 

36, 119, 0, 1.8463e-13, 

37, 0, 0, 1.34222e-13, 

37, 1, 0, 1.34222e-13, 

37, 2, 0, 9.7708e-14, 

37, 3, 0, 5.77144e-14, 

37, 4, 0, 2.91622e-14, 

37, 5, 0, 1.30287e-14, 

37, 6, 0, 5.27072e-15, 

37, 7, 0, 1.96692e-15, 

37, 8, 0, 6.87415e-16, 

37, 9, 0, 2.27839e-16, 

37, 10, 0, 7.23742e-17, 

37, 11, 0, 2.22283e-17, 

37, 12, 0, 6.64928e-18, 

37, 13, 0, 1.94906e-18, 

37, 14, 0, 5.62705e-19, 

37, 15, 0, 1.60719e-19, 

37, 16, 0, 4.55986e-20, 

37, 17, 0, 1.29024e-20, 

37, 18, 0, 3.65621e-21, 

37, 19, 0, 1.04228e-21, 

37, 20, 0, 3.00361e-22, 

37, 21, 0, 8.79443e-23, 

37, 22, 0, 2.62943e-23, 

37, 23, 0, 8.06469e-24, 

37, 24, 0, 2.54677e-24, 

37, 25, 0, 8.30186e-25, 

37, 26, 0, 2.79736e-25, 

37, 27, 0, 9.74935e-26, 

37, 28, 0, 3.51647e-26, 

37, 29, 0, 1.31496e-26, 

37, 30, 0, 5.1239e-27, 

37, 31, 0, 2.10722e-27, 

37, 32, 0, 9.42033e-28, 

37, 33, 0, 4.86001e-28, 

37, 34, 0, 3.15218e-28, 

37, 35, 0, 2.69697e-28, 

37, 36, 0, 2.89704e-28, 

37, 37, 0, 3.55247e-28, 

37, 38, 0, 4.62931e-28, 

37, 39, 0, 6.1639e-28, 

37, 40, 0, 8.2136e-28, 

37, 41, 0, 1.08196e-27, 

37, 42, 0, 1.39702e-27, 

37, 43, 0, 1.75659e-27, 

37, 44, 0, 2.13962e-27, 

37, 45, 0, 2.51417e-27, 

37, 46, 0, 2.84138e-27, 

37, 47, 0, 3.08289e-27, 

37, 48, 0, 3.21003e-27, 

37, 49, 0, 3.21134e-27, 

37, 50, 0, 3.09563e-27, 

37, 51, 0, 2.8892e-27, 

37, 52, 0, 2.62851e-27, 

37, 53, 0, 2.35117e-27, 

37, 54, 0, 2.08844e-27, 

37, 55, 0, 1.86105e-27, 

37, 56, 0, 1.67843e-27, 

37, 57, 0, 1.54038e-27, 

37, 58, 0, 1.43978e-27, 

37, 59, 0, 1.36537e-27, 

37, 60, 0, 1.30418e-27, 

37, 61, 0, 1.2436e-27, 

37, 62, 0, 1.17306e-27, 

37, 63, 0, 1.08558e-27, 

37, 64, 0, 9.78778e-28, 

37, 65, 0, 8.55152e-28, 

37, 66, 0, 7.21285e-28, 

37, 67, 0, 5.86149e-28, 

37, 68, 0, 4.58897e-28, 

37, 69, 0, 3.46863e-28, 

37, 70, 0, 2.54358e-28, 

37, 71, 0, 1.82493e-28, 

37, 72, 0, 1.29845e-28, 

37, 73, 0, 9.3524e-29, 

37, 74, 0, 7.02138e-29, 

37, 75, 0, 5.69085e-29, 

37, 76, 0, 5.12908e-29, 

37, 77, 0, 5.18104e-29, 

37, 78, 0, 5.75653e-29, 

37, 79, 0, 6.80708e-29, 

37, 80, 0, 8.29703e-29, 

37, 81, 0, 1.01735e-28, 

37, 82, 0, 1.23414e-28, 

37, 83, 0, 1.46528e-28, 

37, 84, 0, 1.69199e-28, 

37, 85, 0, 1.89578e-28, 

37, 86, 0, 2.06618e-28, 

37, 87, 0, 2.21464e-28, 

37, 88, 0, 2.40846e-28, 

37, 89, 0, 2.88463e-28, 

37, 90, 0, 4.47832e-28, 

37, 91, 0, 1.03007e-27, 

37, 92, 0, 3.24569e-27, 

37, 93, 0, 1.19491e-26, 

37, 94, 0, 4.70605e-26, 

37, 95, 0, 1.91866e-25, 

37, 96, 0, 8.00022e-25, 

37, 97, 0, 3.3922e-24, 

37, 98, 0, 1.45702e-23, 

37, 99, 0, 6.31844e-23, 

37, 100, 0, 2.75753e-22, 

37, 101, 0, 1.20716e-21, 

37, 102, 0, 5.28233e-21, 

37, 103, 0, 2.30173e-20, 

37, 104, 0, 9.94514e-20, 

37, 105, 0, 4.24048e-19, 

37, 106, 0, 1.77456e-18, 

37, 107, 0, 7.24294e-18, 

37, 108, 0, 2.86275e-17, 

37, 109, 0, 1.08685e-16, 

37, 110, 0, 3.92725e-16, 

37, 111, 0, 1.3368e-15, 

37, 112, 0, 4.23716e-15, 

37, 113, 0, 1.23434e-14, 

37, 114, 0, 3.25555e-14, 

37, 115, 0, 7.63678e-14, 

37, 116, 0, 1.55808e-13, 

37, 117, 0, 2.68092e-13, 

37, 118, 0, 3.70269e-13, 

37, 119, 0, 3.70269e-13, 

38, 0, 0, 2.94194e-13, 

38, 1, 0, 2.94194e-13, 

38, 2, 0, 2.1485e-13, 

38, 3, 0, 1.27564e-13, 

38, 4, 0, 6.48862e-14, 

38, 5, 0, 2.92195e-14, 

38, 6, 0, 1.19282e-14, 

38, 7, 0, 4.49656e-15, 

38, 8, 0, 1.58906e-15, 

38, 9, 0, 5.33099e-16, 

38, 10, 0, 1.71578e-16, 

38, 11, 0, 5.34486e-17, 

38, 12, 0, 1.62348e-17, 

38, 13, 0, 4.83821e-18, 

38, 14, 0, 1.42213e-18, 

38, 15, 0, 4.14217e-19, 

38, 16, 0, 1.20064e-19, 

38, 17, 0, 3.47804e-20, 

38, 18, 0, 1.01132e-20, 

38, 19, 0, 2.96532e-21, 

38, 20, 0, 8.80976e-22, 

38, 21, 0, 2.66465e-22, 

38, 22, 0, 8.24191e-23, 

38, 23, 0, 2.61661e-23, 

38, 24, 0, 8.54968e-24, 

38, 25, 0, 2.87971e-24, 

38, 26, 0, 1.00054e-24, 

38, 27, 0, 3.5869e-25, 

38, 28, 0, 1.32771e-25, 

38, 29, 0, 5.08615e-26, 

38, 30, 0, 2.02872e-26, 

38, 31, 0, 8.54775e-27, 

38, 32, 0, 3.92789e-27, 

38, 33, 0, 2.09409e-27, 

38, 34, 0, 1.40672e-27, 

38, 35, 0, 1.23711e-27, 

38, 36, 0, 1.34845e-27, 

38, 37, 0, 1.66227e-27, 

38, 38, 0, 2.16726e-27, 

38, 39, 0, 2.88029e-27, 

38, 40, 0, 3.82532e-27, 

38, 41, 0, 5.01689e-27, 

38, 42, 0, 6.44374e-27, 

38, 43, 0, 8.054e-27, 

38, 44, 0, 9.74634e-27, 

38, 45, 0, 1.13735e-26, 

38, 46, 0, 1.2762e-26, 

38, 47, 0, 1.37471e-26, 

38, 48, 0, 1.42119e-26, 

38, 49, 0, 1.41195e-26, 

38, 50, 0, 1.35216e-26, 

38, 51, 0, 1.25439e-26, 

38, 52, 0, 1.13511e-26, 

38, 53, 0, 1.01081e-26, 

38, 54, 0, 8.94795e-27, 

38, 55, 0, 7.95613e-27, 

38, 56, 0, 7.16845e-27, 

38, 57, 0, 6.57953e-27, 

38, 58, 0, 6.15498e-27, 

38, 59, 0, 5.84349e-27, 

38, 60, 0, 5.58712e-27, 

38, 61, 0, 5.33007e-27, 

38, 62, 0, 5.02621e-27, 

38, 63, 0, 4.64573e-27, 

38, 64, 0, 4.17959e-27, 

38, 65, 0, 3.64033e-27, 

38, 66, 0, 3.05835e-27, 

38, 67, 0, 2.47384e-27, 

38, 68, 0, 1.92687e-27, 

38, 69, 0, 1.4487e-27, 

38, 70, 0, 1.05682e-27, 

38, 71, 0, 7.54692e-28, 

38, 72, 0, 5.3502e-28, 

38, 73, 0, 3.84605e-28, 

38, 74, 0, 2.88836e-28, 

38, 75, 0, 2.34766e-28, 

38, 76, 0, 2.12593e-28, 

38, 77, 0, 2.15874e-28, 

38, 78, 0, 2.40948e-28, 

38, 79, 0, 2.85916e-28, 

38, 80, 0, 3.49396e-28, 

38, 81, 0, 4.29249e-28, 

38, 82, 0, 5.2151e-28, 

38, 83, 0, 6.19927e-28, 

38, 84, 0, 7.1649e-28, 

38, 85, 0, 8.0316e-28, 

38, 86, 0, 8.74843e-28, 

38, 87, 0, 9.34083e-28, 

38, 88, 0, 1.00111e-27, 

38, 89, 0, 1.1452e-27, 

38, 90, 0, 1.60009e-27, 

38, 91, 0, 3.20863e-27, 

38, 92, 0, 9.1753e-27, 

38, 93, 0, 3.21143e-26, 

38, 94, 0, 1.22934e-25, 

38, 95, 0, 4.91167e-25, 

38, 96, 0, 2.01319e-24, 

38, 97, 0, 8.40228e-24, 

38, 98, 0, 3.55496e-23, 

38, 99, 0, 1.51936e-22, 

38, 100, 0, 6.53801e-22, 

38, 101, 0, 2.82321e-21, 

38, 102, 0, 1.21908e-20, 

38, 103, 0, 5.24401e-20, 

38, 104, 0, 2.23766e-19, 

38, 105, 0, 9.42638e-19, 

38, 106, 0, 3.89886e-18, 

38, 107, 0, 1.57345e-17, 

38, 108, 0, 6.15155e-17, 

38, 109, 0, 2.31106e-16, 

38, 110, 0, 8.26718e-16, 

38, 111, 0, 2.78715e-15, 

38, 112, 0, 8.75405e-15, 

38, 113, 0, 2.52844e-14, 

38, 114, 0, 6.61615e-14, 

38, 115, 0, 1.54095e-13, 

38, 116, 0, 3.12445e-13, 

38, 117, 0, 5.34951e-13, 

38, 118, 0, 7.3648e-13, 

38, 119, 0, 7.3648e-13, 

39, 0, 0, 6.44994e-13, 

39, 1, 0, 6.44994e-13, 

39, 2, 0, 4.7257e-13, 

39, 3, 0, 2.82049e-13, 

39, 4, 0, 1.44434e-13, 

39, 5, 0, 6.55652e-14, 

39, 6, 0, 2.70122e-14, 

39, 7, 0, 1.02879e-14, 

39, 8, 0, 3.67712e-15, 

39, 9, 0, 1.24898e-15, 

39, 10, 0, 4.07441e-16, 

39, 11, 0, 1.28796e-16, 

39, 12, 0, 3.97486e-17, 

39, 13, 0, 1.20527e-17, 

39, 14, 0, 3.61037e-18, 

39, 15, 0, 1.07358e-18, 

39, 16, 0, 3.18338e-19, 

39, 17, 0, 9.45438e-20, 

39, 18, 0, 2.82495e-20, 

39, 19, 0, 8.53106e-21, 

39, 20, 0, 2.61565e-21, 

39, 21, 0, 8.17691e-22, 

39, 22, 0, 2.61595e-22, 

39, 23, 0, 8.58833e-23, 

39, 24, 0, 2.89865e-23, 

39, 25, 0, 1.00659e-23, 

39, 26, 0, 3.59726e-24, 

39, 27, 0, 1.32329e-24, 

39, 28, 0, 5.01563e-25, 

39, 29, 0, 1.96463e-25, 

39, 30, 0, 8.00986e-26, 

39, 31, 0, 3.45398e-26, 

39, 32, 0, 1.63019e-26, 

39, 33, 0, 8.97242e-27, 

39, 34, 0, 6.231e-27, 

39, 35, 0, 5.6199e-27, 

39, 36, 0, 6.2068e-27, 

39, 37, 0, 7.68701e-27, 

39, 38, 0, 1.00252e-26, 

39, 39, 0, 1.32976e-26, 

39, 40, 0, 1.76016e-26, 

39, 41, 0, 2.29831e-26, 

39, 42, 0, 2.93647e-26, 

39, 43, 0, 3.64836e-26, 

39, 44, 0, 4.38611e-26, 

39, 45, 0, 5.08277e-26, 

39, 46, 0, 5.66215e-26, 

39, 47, 0, 6.05448e-26, 

39, 48, 0, 6.21364e-26, 

39, 49, 0, 6.12944e-26, 

39, 50, 0, 5.83033e-26, 

39, 51, 0, 5.37506e-26, 

39, 52, 0, 4.83706e-26, 

39, 53, 0, 4.2874e-26, 

39, 54, 0, 3.78193e-26, 

39, 55, 0, 3.35506e-26, 

39, 56, 0, 3.01988e-26, 

39, 57, 0, 2.77211e-26, 

39, 58, 0, 2.59554e-26, 

39, 59, 0, 2.46713e-26, 

39, 60, 0, 2.36136e-26, 

39, 61, 0, 2.25391e-26, 

39, 62, 0, 2.12489e-26, 

39, 63, 0, 1.96176e-26, 

39, 64, 0, 1.76117e-26, 

39, 65, 0, 1.52926e-26, 

39, 66, 0, 1.2798e-26, 

39, 67, 0, 1.03052e-26, 

39, 68, 0, 7.98686e-27, 

39, 69, 0, 5.97412e-27, 

39, 70, 0, 4.33663e-27, 

39, 71, 0, 3.0835e-27, 

39, 72, 0, 2.17901e-27, 

39, 73, 0, 1.56415e-27, 

39, 74, 0, 1.17571e-27, 

39, 75, 0, 9.58831e-28, 

39, 76, 0, 8.72706e-28, 

39, 77, 0, 8.90971e-28, 

39, 78, 0, 9.99e-28, 

39, 79, 0, 1.18948e-27, 

39, 80, 0, 1.45715e-27, 

39, 81, 0, 1.79342e-27, 

39, 82, 0, 2.18192e-27, 

39, 83, 0, 2.5965e-27, 

39, 84, 0, 3.00344e-27, 

39, 85, 0, 3.36845e-27, 

39, 86, 0, 3.66829e-27, 

39, 87, 0, 3.90721e-27, 

39, 88, 0, 4.14725e-27, 

39, 89, 0, 4.59496e-27, 

39, 90, 0, 5.91224e-27, 

39, 91, 0, 1.03952e-26, 

39, 92, 0, 2.6547e-26, 

39, 93, 0, 8.71751e-26, 

39, 94, 0, 3.22397e-25, 

39, 95, 0, 1.25913e-24, 

39, 96, 0, 5.06696e-24, 

39, 97, 0, 2.07995e-23, 

39, 98, 0, 8.66275e-23, 

39, 99, 0, 3.64656e-22, 

39, 100, 0, 1.54616e-21, 

39, 101, 0, 6.58131e-21, 

39, 102, 0, 2.80245e-20, 

39, 103, 0, 1.18928e-19, 

39, 104, 0, 5.00862e-19, 

39, 105, 0, 2.08335e-18, 

39, 106, 0, 8.51224e-18, 

39, 107, 0, 3.39505e-17, 

39, 108, 0, 1.31241e-16, 

39, 109, 0, 4.87742e-16, 

39, 110, 0, 1.72681e-15, 

39, 111, 0, 5.76474e-15, 

39, 112, 0, 1.79391e-14, 

39, 113, 0, 5.13666e-14, 

39, 114, 0, 1.33343e-13, 

39, 115, 0, 3.08345e-13, 

39, 116, 0, 6.21344e-13, 

39, 117, 0, 1.05858e-12, 

39, 118, 0, 1.45276e-12, 

39, 119, 0, 1.45276e-12, 

40, 0, 0, 1.41373e-12, 

40, 1, 0, 1.41373e-12, 

40, 2, 0, 1.03921e-12, 

40, 3, 0, 6.23518e-13, 

40, 4, 0, 3.2148e-13, 

40, 5, 0, 1.47126e-13, 

40, 6, 0, 6.11835e-14, 

40, 7, 0, 2.35483e-14, 

40, 8, 0, 8.5151e-15, 

40, 9, 0, 2.92945e-15, 

40, 10, 0, 9.69091e-16, 

40, 11, 0, 3.11049e-16, 

40, 12, 0, 9.76093e-17, 

40, 13, 0, 3.01421e-17, 

40, 14, 0, 9.2114e-18, 

40, 15, 0, 2.79985e-18, 

40, 16, 0, 8.50425e-19, 

40, 17, 0, 2.59295e-19, 

40, 18, 0, 7.97156e-20, 

40, 19, 0, 2.48184e-20, 

40, 20, 0, 7.85715e-21, 

40, 21, 0, 2.53846e-21, 

40, 22, 0, 8.39286e-22, 

40, 23, 0, 2.84516e-22, 

40, 24, 0, 9.89881e-23, 

40, 25, 0, 3.53567e-23, 

40, 26, 0, 1.29655e-23, 

40, 27, 0, 4.88309e-24, 

40, 28, 0, 1.89154e-24, 

40, 29, 0, 7.56425e-25, 

40, 30, 0, 3.14858e-25, 

40, 31, 0, 1.3884e-25, 

40, 32, 0, 6.72618e-26, 

40, 33, 0, 3.81835e-26, 

40, 34, 0, 2.73656e-26, 

40, 35, 0, 2.52624e-26, 

40, 36, 0, 2.82339e-26, 

40, 37, 0, 3.51111e-26, 

40, 38, 0, 4.57959e-26, 

40, 39, 0, 6.06228e-26, 

40, 40, 0, 7.99765e-26, 

40, 41, 0, 1.03972e-25, 

40, 42, 0, 1.32147e-25, 

40, 43, 0, 1.63208e-25, 

40, 44, 0, 1.94931e-25, 

40, 45, 0, 2.24318e-25, 

40, 46, 0, 2.48072e-25, 

40, 47, 0, 2.63296e-25, 

40, 48, 0, 2.68216e-25, 

40, 49, 0, 2.62665e-25, 

40, 50, 0, 2.48117e-25, 

40, 51, 0, 2.27273e-25, 

40, 52, 0, 2.03353e-25, 

40, 53, 0, 1.79376e-25, 

40, 54, 0, 1.57645e-25, 

40, 55, 0, 1.39516e-25, 

40, 56, 0, 1.25442e-25, 

40, 57, 0, 1.1516e-25, 

40, 58, 0, 1.0792e-25, 

40, 59, 0, 1.02705e-25, 

40, 60, 0, 9.84068e-26, 

40, 61, 0, 9.39808e-26, 

40, 62, 0, 8.85823e-26, 

40, 63, 0, 8.16898e-26, 

40, 64, 0, 7.31853e-26, 

40, 65, 0, 6.33593e-26, 

40, 66, 0, 5.28239e-26, 

40, 67, 0, 4.23479e-26, 

40, 68, 0, 3.26644e-26, 

40, 69, 0, 2.4314e-26, 

40, 70, 0, 1.75684e-26, 

40, 71, 0, 1.24429e-26, 

40, 72, 0, 8.7693e-27, 

40, 73, 0, 6.28928e-27, 

40, 74, 0, 4.73435e-27, 

40, 75, 0, 3.87606e-27, 

40, 76, 0, 3.54716e-27, 

40, 77, 0, 3.64149e-27, 

40, 78, 0, 4.10159e-27, 

40, 79, 0, 4.89981e-27, 

40, 80, 0, 6.01643e-27, 

40, 81, 0, 7.41729e-27, 

40, 82, 0, 9.03532e-27, 

40, 83, 0, 1.07625e-26, 

40, 84, 0, 1.24585e-26, 

40, 85, 0, 1.39797e-26, 

40, 86, 0, 1.52243e-26, 

40, 87, 0, 1.6192e-26, 

40, 88, 0, 1.70775e-26, 

40, 89, 0, 1.8511e-26, 

40, 90, 0, 2.2395e-26, 

40, 91, 0, 3.50287e-26, 

40, 92, 0, 7.90384e-26, 

40, 93, 0, 2.39826e-25, 

40, 94, 0, 8.49949e-25, 

40, 95, 0, 3.23363e-24, 

40, 96, 0, 1.27562e-23, 

40, 97, 0, 5.14575e-23, 

40, 98, 0, 2.10835e-22, 

40, 99, 0, 8.73604e-22, 

40, 100, 0, 3.64763e-21, 

40, 101, 0, 1.52953e-20, 

40, 102, 0, 6.41863e-20, 

40, 103, 0, 2.68551e-19, 

40, 104, 0, 1.11555e-18, 

40, 105, 0, 4.579e-18, 

40, 106, 0, 1.84715e-17, 

40, 107, 0, 7.2774e-17, 

40, 108, 0, 2.78034e-16, 

40, 109, 0, 1.02177e-15, 

40, 110, 0, 3.57916e-15, 

40, 111, 0, 1.18288e-14, 

40, 112, 0, 3.64629e-14, 

40, 113, 0, 1.03492e-13, 

40, 114, 0, 2.66499e-13, 

40, 115, 0, 6.11829e-13, 

40, 116, 0, 1.22527e-12, 

40, 117, 0, 2.07722e-12, 

40, 118, 0, 2.84174e-12, 

40, 119, 0, 2.84174e-12, 

41, 0, 0, 3.09661e-12, 

41, 1, 0, 3.09661e-12, 

41, 2, 0, 2.28378e-12, 

41, 3, 0, 1.37757e-12, 

41, 4, 0, 7.15178e-13, 

41, 5, 0, 3.30024e-13, 

41, 6, 0, 1.3856e-13, 

41, 7, 0, 5.39069e-14, 

41, 8, 0, 1.97281e-14, 

41, 9, 0, 6.87766e-15, 

41, 10, 0, 2.30861e-15, 

41, 11, 0, 7.52947e-16, 

41, 12, 0, 2.40465e-16, 

41, 13, 0, 7.57016e-17, 

41, 14, 0, 2.3629e-17, 

41, 15, 0, 7.35072e-18, 

41, 16, 0, 2.29001e-18, 

41, 17, 0, 7.17682e-19, 

41, 18, 0, 2.27236e-19, 

41, 19, 0, 7.29788e-20, 

41, 20, 0, 2.38566e-20, 

41, 21, 0, 7.96019e-21, 

41, 22, 0, 2.7164e-21, 

41, 23, 0, 9.4906e-22, 

41, 24, 0, 3.39623e-22, 

41, 25, 0, 1.24482e-22, 

41, 26, 0, 4.67361e-23, 

41, 27, 0, 1.79855e-23, 

41, 28, 0, 7.10859e-24, 

41, 29, 0, 2.89848e-24, 

41, 30, 0, 1.23059e-24, 

41, 31, 0, 5.54544e-25, 

41, 32, 0, 2.75608e-25, 

41, 33, 0, 1.61233e-25, 

41, 34, 0, 1.19055e-25, 

41, 35, 0, 1.12286e-25, 

41, 36, 0, 1.2685e-25, 

41, 37, 0, 1.58321e-25, 

41, 38, 0, 2.06487e-25, 

41, 39, 0, 2.72779e-25, 

41, 40, 0, 3.58665e-25, 

41, 41, 0, 4.64257e-25, 

41, 42, 0, 5.87013e-25, 

41, 43, 0, 7.20722e-25, 

41, 44, 0, 8.55227e-25, 

41, 45, 0, 9.77322e-25, 

41, 46, 0, 1.07295e-24, 

41, 47, 0, 1.1303e-24, 

41, 48, 0, 1.14279e-24, 

41, 49, 0, 1.11088e-24, 

41, 50, 0, 1.04192e-24, 

41, 51, 0, 9.4807e-25, 

41, 52, 0, 8.43251e-25, 

41, 53, 0, 7.40093e-25, 

41, 54, 0, 6.47909e-25, 

41, 55, 0, 5.71935e-25, 

41, 56, 0, 5.13628e-25, 

41, 57, 0, 4.71525e-25, 

41, 58, 0, 4.42246e-25, 

41, 59, 0, 4.21369e-25, 

41, 60, 0, 4.04161e-25, 

41, 61, 0, 3.86197e-25, 

41, 62, 0, 3.6394e-25, 

41, 63, 0, 3.35256e-25, 

41, 64, 0, 2.99748e-25, 

41, 65, 0, 2.58753e-25, 

41, 66, 0, 2.14941e-25, 

41, 67, 0, 1.71587e-25, 

41, 68, 0, 1.3175e-25, 

41, 69, 0, 9.76209e-26, 

41, 70, 0, 7.02389e-26, 

41, 71, 0, 4.95748e-26, 

41, 72, 0, 3.48625e-26, 

41, 73, 0, 2.49958e-26, 

41, 74, 0, 1.8855e-26, 

41, 75, 0, 1.55049e-26, 

41, 76, 0, 1.42715e-26, 

41, 77, 0, 1.4734e-26, 

41, 78, 0, 1.66706e-26, 

41, 79, 0, 1.99788e-26, 

41, 80, 0, 2.45858e-26, 

41, 81, 0, 3.0357e-26, 

41, 82, 0, 3.70205e-26, 

41, 83, 0, 4.41345e-26, 

41, 84, 0, 5.11231e-26, 

41, 85, 0, 5.73928e-26, 

41, 86, 0, 6.2512e-26, 

41, 87, 0, 6.64299e-26, 

41, 88, 0, 6.9772e-26, 

41, 89, 0, 7.45106e-26, 

41, 90, 0, 8.6214e-26, 

41, 91, 0, 1.22322e-25, 

41, 92, 0, 2.43251e-25, 

41, 93, 0, 6.71519e-25, 

41, 94, 0, 2.25684e-24, 

41, 95, 0, 8.32418e-24, 

41, 96, 0, 3.2124e-23, 

41, 97, 0, 1.27215e-22, 

41, 98, 0, 5.12443e-22, 

41, 99, 0, 2.08895e-21, 

41, 100, 0, 8.5846e-21, 

41, 101, 0, 3.54418e-20, 

41, 102, 0, 1.46488e-19, 

41, 103, 0, 6.03896e-19, 

41, 104, 0, 2.47284e-18, 

41, 105, 0, 1.00105e-17, 

41, 106, 0, 3.98471e-17, 

41, 107, 0, 1.54996e-16, 

41, 108, 0, 5.84981e-16, 

41, 109, 0, 2.12498e-15, 

41, 110, 0, 7.36221e-15, 

41, 111, 0, 2.40807e-14, 

41, 112, 0, 7.3515e-14, 

41, 113, 0, 2.06796e-13, 

41, 114, 0, 5.28179e-13, 

41, 115, 0, 1.2038e-12, 

41, 116, 0, 2.39582e-12, 

41, 117, 0, 4.04173e-12, 

41, 118, 0, 5.51206e-12, 

41, 119, 0, 5.51206e-12, 

42, 0, 0, 6.77598e-12, 

42, 1, 0, 6.77598e-12, 

42, 2, 0, 5.01392e-12, 

42, 3, 0, 3.04067e-12, 

42, 4, 0, 1.58969e-12, 

42, 5, 0, 7.39792e-13, 

42, 6, 0, 3.13659e-13, 

42, 7, 0, 1.23393e-13, 

42, 8, 0, 4.57234e-14, 

42, 9, 0, 1.6162e-14, 

42, 10, 0, 5.50859e-15, 

42, 11, 0, 1.82712e-15, 

42, 12, 0, 5.94436e-16, 

42, 13, 0, 1.90989e-16, 

42, 14, 0, 6.09615e-17, 

42, 15, 0, 1.94334e-17, 

42, 16, 0, 6.21684e-18, 

42, 17, 0, 2.00458e-18, 

42, 18, 0, 6.54086e-19, 

42, 19, 0, 2.1672e-19, 

42, 20, 0, 7.31171e-20, 

42, 21, 0, 2.51687e-20, 

42, 22, 0, 8.84974e-21, 

42, 23, 0, 3.18008e-21, 

42, 24, 0, 1.16787e-21, 

42, 25, 0, 4.38298e-22, 

42, 26, 0, 1.6814e-22, 

42, 27, 0, 6.60035e-23, 

42, 28, 0, 2.65807e-23, 

42, 29, 0, 1.10391e-23, 

42, 30, 0, 4.77686e-24, 

42, 31, 0, 2.19865e-24, 

42, 32, 0, 1.1205e-24, 

42, 33, 0, 6.74928e-25, 

42, 34, 0, 5.12662e-25, 

42, 35, 0, 4.93173e-25, 

42, 36, 0, 5.62598e-25, 

42, 37, 0, 7.04425e-25, 

42, 38, 0, 9.18532e-25, 

42, 39, 0, 1.2109e-24, 

42, 40, 0, 1.58688e-24, 

42, 41, 0, 2.04528e-24, 

42, 42, 0, 2.57288e-24, 

42, 43, 0, 3.14057e-24, 

42, 44, 0, 3.70278e-24, 

42, 45, 0, 4.20222e-24, 

42, 46, 0, 4.57994e-24, 

42, 47, 0, 4.78863e-24, 

42, 48, 0, 4.80492e-24, 

42, 49, 0, 4.63575e-24, 

42, 50, 0, 4.31644e-24, 

42, 51, 0, 3.90091e-24, 

42, 52, 0, 3.4483e-24, 

42, 53, 0, 3.01061e-24, 

42, 54, 0, 2.62486e-24, 

42, 55, 0, 2.31073e-24, 

42, 56, 0, 2.07236e-24, 

42, 57, 0, 1.90225e-24, 

42, 58, 0, 1.78543e-24, 

42, 59, 0, 1.70303e-24, 

42, 60, 0, 1.63511e-24, 

42, 61, 0, 1.56325e-24, 

42, 62, 0, 1.47285e-24, 

42, 63, 0, 1.35532e-24, 

42, 64, 0, 1.2094e-24, 

42, 65, 0, 1.04108e-24, 

42, 66, 0, 8.61775e-25, 

42, 67, 0, 6.85191e-25, 

42, 68, 0, 5.23859e-25, 

42, 69, 0, 3.86512e-25, 

42, 70, 0, 2.77034e-25, 

42, 71, 0, 1.94948e-25, 

42, 72, 0, 1.36872e-25, 

42, 73, 0, 9.8166e-26, 

42, 74, 0, 7.42483e-26, 

42, 75, 0, 6.13569e-26, 

42, 76, 0, 5.68205e-26, 

42, 77, 0, 5.90003e-26, 

42, 78, 0, 6.70537e-26, 

42, 79, 0, 8.06099e-26, 

42, 80, 0, 9.94048e-26, 

42, 81, 0, 1.22912e-25, 

42, 82, 0, 1.5004e-25, 

42, 83, 0, 1.79003e-25, 

42, 84, 0, 2.07466e-25, 

42, 85, 0, 2.33013e-25, 

42, 86, 0, 2.53857e-25, 

42, 87, 0, 2.69655e-25, 

42, 88, 0, 2.82466e-25, 

42, 89, 0, 2.98629e-25, 

42, 90, 0, 3.34792e-25, 

42, 91, 0, 4.39796e-25, 

42, 92, 0, 7.75715e-25, 

42, 93, 0, 1.92295e-24, 

42, 94, 0, 6.05152e-24, 

42, 95, 0, 2.14992e-23, 

42, 96, 0, 8.09321e-23, 

42, 97, 0, 3.14228e-22, 

42, 98, 0, 1.24353e-21, 

42, 99, 0, 4.98459e-21, 

42, 100, 0, 2.01519e-20, 

42, 101, 0, 8.18747e-20, 

42, 102, 0, 3.33133e-19, 

42, 103, 0, 1.35245e-18, 

42, 104, 0, 5.4561e-18, 

42, 105, 0, 2.17713e-17, 

42, 106, 0, 8.54673e-17, 

42, 107, 0, 3.2806e-16, 

42, 108, 0, 1.22256e-15, 

42, 109, 0, 4.38796e-15, 

42, 110, 0, 1.50309e-14, 

42, 111, 0, 4.86427e-14, 

42, 112, 0, 1.47033e-13, 

42, 113, 0, 4.09834e-13, 

42, 114, 0, 1.03811e-12, 

42, 115, 0, 2.34869e-12, 

42, 116, 0, 4.64521e-12, 

42, 117, 0, 7.79798e-12, 

42, 118, 0, 1.06018e-11, 

42, 119, 0, 1.06018e-11, 

43, 0, 0, 1.48091e-11, 

43, 1, 0, 1.48091e-11, 

43, 2, 0, 1.09946e-11, 

43, 3, 0, 6.70386e-12, 

43, 4, 0, 3.52987e-12, 

43, 5, 0, 1.65694e-12, 

43, 6, 0, 7.09626e-13, 

43, 7, 0, 2.82396e-13, 

43, 8, 0, 1.06006e-13, 

43, 9, 0, 3.8016e-14, 

43, 10, 0, 1.31667e-14, 

43, 11, 0, 4.4454e-15, 

43, 12, 0, 1.47483e-15, 

43, 13, 0, 4.84149e-16, 

43, 14, 0, 1.58212e-16, 

43, 15, 0, 5.17403e-17, 

43, 16, 0, 1.70131e-17, 

43, 17, 0, 5.64795e-18, 

43, 18, 0, 1.89964e-18, 

43, 19, 0, 6.49143e-19, 

43, 20, 0, 2.25826e-19, 

43, 21, 0, 8.00756e-20, 

43, 22, 0, 2.89568e-20, 

43, 23, 0, 1.06794e-20, 

43, 24, 0, 4.01627e-21, 

43, 25, 0, 1.54024e-21, 

43, 26, 0, 6.02676e-22, 

43, 27, 0, 2.40974e-22, 

43, 28, 0, 9.87664e-23, 

43, 29, 0, 4.17427e-23, 

43, 30, 0, 1.83987e-23, 

43, 31, 0, 8.64584e-24, 

43, 32, 0, 4.51623e-24, 

43, 33, 0, 2.79858e-24, 

43, 34, 0, 2.18344e-24, 

43, 35, 0, 2.13919e-24, 

43, 36, 0, 2.46205e-24, 

43, 37, 0, 3.09141e-24, 

43, 38, 0, 4.02959e-24, 

43, 39, 0, 5.301e-24, 

43, 40, 0, 6.92409e-24, 

43, 41, 0, 8.88654e-24, 

43, 42, 0, 1.11228e-23, 

43, 43, 0, 1.34993e-23, 

43, 44, 0, 1.58151e-23, 

43, 45, 0, 1.78257e-23, 

43, 46, 0, 1.92876e-23, 

43, 47, 0, 2.00154e-23, 

43, 48, 0, 1.99304e-23, 

43, 49, 0, 1.90827e-23, 

43, 50, 0, 1.76368e-23, 

43, 51, 0, 1.58275e-23, 

43, 52, 0, 1.39021e-23, 

43, 53, 0, 1.20713e-23, 

43, 54, 0, 1.04793e-23, 

43, 55, 0, 9.1981e-24, 

43, 56, 0, 8.23668e-24, 

43, 57, 0, 7.55852e-24, 

43, 58, 0, 7.09865e-24, 

43, 59, 0, 6.77778e-24, 

43, 60, 0, 6.51349e-24, 

43, 61, 0, 6.23015e-24, 

43, 62, 0, 5.86854e-24, 

43, 63, 0, 5.39457e-24, 

43, 64, 0, 4.80462e-24, 

43, 65, 0, 4.1248e-24, 

43, 66, 0, 3.40297e-24, 

43, 67, 0, 2.69541e-24, 

43, 68, 0, 2.05253e-24, 

43, 69, 0, 1.50853e-24, 

43, 70, 0, 1.07758e-24, 

43, 71, 0, 7.56418e-25, 

43, 72, 0, 5.30527e-25, 

43, 73, 0, 3.80859e-25, 

43, 74, 0, 2.89016e-25, 

43, 75, 0, 2.4013e-25, 

43, 76, 0, 2.23798e-25, 

43, 77, 0, 2.33742e-25, 

43, 78, 0, 2.66824e-25, 

43, 79, 0, 3.21735e-25, 

43, 80, 0, 3.97532e-25, 

43, 81, 0, 4.92177e-25, 

43, 82, 0, 6.01335e-25, 

43, 83, 0, 7.17863e-25, 

43, 84, 0, 8.32414e-25, 

43, 85, 0, 9.35296e-25, 

43, 86, 0, 1.01925e-24, 

43, 87, 0, 1.08254e-24, 

43, 88, 0, 1.13208e-24, 

43, 89, 0, 1.18879e-24, 

43, 90, 0, 1.30362e-24, 

43, 91, 0, 1.61536e-24, 

43, 92, 0, 2.56145e-24, 

43, 93, 0, 5.65806e-24, 

43, 94, 0, 1.64434e-23, 

43, 95, 0, 5.57899e-23, 

43, 96, 0, 2.04047e-22, 

43, 97, 0, 7.75335e-22, 

43, 98, 0, 3.0118e-21, 

43, 99, 0, 1.18649e-20, 

43, 100, 0, 4.71701e-20, 

43, 101, 0, 1.88524e-19, 

43, 102, 0, 7.54801e-19, 

43, 103, 0, 3.01632e-18, 

43, 104, 0, 1.19828e-17, 

43, 105, 0, 4.71069e-17, 

43, 106, 0, 1.82289e-16, 

43, 107, 0, 6.90136e-16, 

43, 108, 0, 2.53837e-15, 

43, 109, 0, 8.998e-15, 

43, 110, 0, 3.04634e-14, 

43, 111, 0, 9.75098e-14, 

43, 112, 0, 2.91758e-13, 

43, 113, 0, 8.05672e-13, 

43, 114, 0, 2.02361e-12, 

43, 115, 0, 4.54437e-12, 

43, 116, 0, 8.93127e-12, 

43, 117, 0, 1.49193e-11, 

43, 118, 0, 2.02211e-11, 

43, 119, 0, 2.02211e-11, 

44, 0, 0, 3.23228e-11, 

44, 1, 0, 3.23228e-11, 

44, 2, 0, 2.40773e-11, 

44, 3, 0, 1.47617e-11, 

44, 4, 0, 7.82918e-12, 

44, 5, 0, 3.70772e-12, 

44, 6, 0, 1.60451e-12, 

44, 7, 0, 6.4618e-13, 

44, 8, 0, 2.4586e-13, 

44, 9, 0, 8.95147e-14, 

44, 10, 0, 3.153e-14, 

44, 11, 0, 1.08458e-14, 

44, 12, 0, 3.6731e-15, 

44, 13, 0, 1.23331e-15, 

44, 14, 0, 4.13053e-16, 

44, 15, 0, 1.38708e-16, 

44, 16, 0, 4.69132e-17, 

44, 17, 0, 1.60398e-17, 

44, 18, 0, 5.56005e-18, 

44, 19, 0, 1.95813e-18, 

44, 20, 0, 7.01523e-19, 

44, 21, 0, 2.55811e-19, 

44, 22, 0, 9.495e-20, 

44, 23, 0, 3.58658e-20, 

44, 24, 0, 1.37853e-20, 

44, 25, 0, 5.39261e-21, 

44, 26, 0, 2.14896e-21, 

44, 27, 0, 8.74119e-22, 

44, 28, 0, 3.64281e-22, 

44, 29, 0, 1.56569e-22, 

44, 30, 0, 7.02572e-23, 

44, 31, 0, 3.36946e-23, 

44, 32, 0, 1.80331e-23, 

44, 33, 0, 1.14864e-23, 

44, 34, 0, 9.1918e-24, 

44, 35, 0, 9.15916e-24, 

44, 36, 0, 1.06269e-23, 

44, 37, 0, 1.33765e-23, 

44, 38, 0, 1.74277e-23, 

44, 39, 0, 2.28774e-23, 

44, 40, 0, 2.97846e-23, 

44, 41, 0, 3.80672e-23, 

44, 42, 0, 4.74113e-23, 

44, 43, 0, 5.7217e-23, 

44, 44, 0, 6.66143e-23, 

44, 45, 0, 7.4575e-23, 

44, 46, 0, 8.01112e-23, 

44, 47, 0, 8.25111e-23, 

44, 48, 0, 8.15303e-23, 

44, 49, 0, 7.74614e-23, 

44, 50, 0, 7.10521e-23, 

44, 51, 0, 6.33053e-23, 

44, 52, 0, 5.52393e-23, 

44, 53, 0, 4.7692e-23, 

44, 54, 0, 4.12153e-23, 

44, 55, 0, 3.60624e-23, 

44, 56, 0, 3.22378e-23, 

44, 57, 0, 2.95706e-23, 

44, 58, 0, 2.77843e-23, 

44, 59, 0, 2.65516e-23, 

44, 60, 0, 2.55372e-23, 

44, 61, 0, 2.44361e-23, 

44, 62, 0, 2.30118e-23, 

44, 63, 0, 2.11312e-23, 

44, 64, 0, 1.87857e-23, 

44, 65, 0, 1.60861e-23, 

44, 66, 0, 1.32291e-23, 

44, 67, 0, 1.04412e-23, 

44, 68, 0, 7.92165e-24, 

44, 69, 0, 5.80178e-24, 

44, 70, 0, 4.13222e-24, 

44, 71, 0, 2.89506e-24, 

44, 72, 0, 2.02962e-24, 

44, 73, 0, 1.45935e-24, 

44, 74, 0, 1.11176e-24, 

44, 75, 0, 9.29159e-25, 

44, 76, 0, 8.71721e-25, 

44, 77, 0, 9.15838e-25, 

44, 78, 0, 1.05005e-24, 

44, 79, 0, 1.26985e-24, 

44, 80, 0, 1.57196e-24, 

44, 81, 0, 1.94855e-24, 

44, 82, 0, 2.38258e-24, 

44, 83, 0, 2.84583e-24, 

44, 84, 0, 3.30133e-24, 

44, 85, 0, 3.71073e-24, 

44, 86, 0, 4.0451e-24, 

44, 87, 0, 4.29649e-24, 

44, 88, 0, 4.48872e-24, 

44, 89, 0, 4.69227e-24, 

44, 90, 0, 5.06705e-24, 

44, 91, 0, 6.01439e-24, 

44, 92, 0, 8.72466e-24, 

44, 93, 0, 1.71677e-23, 

44, 94, 0, 4.54686e-23, 

44, 95, 0, 1.4577e-22, 

44, 96, 0, 5.15154e-22, 

44, 97, 0, 1.91092e-21, 

44, 98, 0, 7.27779e-21, 

44, 99, 0, 2.81607e-20, 

44, 100, 0, 1.1005e-19, 

44, 101, 0, 4.32527e-19, 

44, 102, 0, 1.70345e-18, 

44, 103, 0, 6.69825e-18, 

44, 104, 0, 2.61931e-17, 

44, 105, 0, 1.01404e-16, 

44, 106, 0, 3.86639e-16, 

44, 107, 0, 1.44316e-15, 

44, 108, 0, 5.23669e-15, 

44, 109, 0, 1.83264e-14, 

44, 110, 0, 6.13012e-14, 

44, 111, 0, 1.94017e-13, 

44, 112, 0, 5.74486e-13, 

44, 113, 0, 1.57132e-12, 

44, 114, 0, 3.91286e-12, 

44, 115, 0, 8.72084e-12, 

44, 116, 0, 1.70307e-11, 

44, 117, 0, 2.83085e-11, 

44, 118, 0, 3.825e-11, 

44, 119, 0, 3.825e-11, 

45, 0, 0, 7.04541e-11, 

45, 1, 0, 7.04541e-11, 

45, 2, 0, 5.26577e-11, 

45, 3, 0, 3.24641e-11, 

45, 4, 0, 1.73459e-11, 

45, 5, 0, 8.2896e-12, 

45, 6, 0, 3.62604e-12, 

45, 7, 0, 1.4785e-12, 

45, 8, 0, 5.70515e-13, 

45, 9, 0, 2.11031e-13, 

45, 10, 0, 7.56562e-14, 

45, 11, 0, 2.65389e-14, 

45, 12, 0, 9.18355e-15, 

45, 13, 0, 3.15699e-15, 

45, 14, 0, 1.0846e-15, 

45, 15, 0, 3.74262e-16, 

45, 16, 0, 1.30251e-16, 

45, 17, 0, 4.58636e-17, 

45, 18, 0, 1.63763e-17, 

45, 19, 0, 5.93772e-18, 

45, 20, 0, 2.18745e-18, 

45, 21, 0, 8.18808e-19, 

45, 22, 0, 3.1134e-19, 

45, 23, 0, 1.20219e-19, 

45, 24, 0, 4.71404e-20, 

45, 25, 0, 1.8781e-20, 

45, 26, 0, 7.61238e-21, 

45, 27, 0, 3.14685e-21, 

45, 28, 0, 1.33238e-21, 

45, 29, 0, 5.82027e-22, 

45, 30, 0, 2.65783e-22, 

45, 31, 0, 1.30051e-22, 

45, 32, 0, 7.12849e-23, 

45, 33, 0, 4.66346e-23, 

45, 34, 0, 3.82253e-23, 

45, 35, 0, 3.86915e-23, 

45, 36, 0, 4.52234e-23, 

45, 37, 0, 5.70483e-23, 

45, 38, 0, 7.42824e-23, 

45, 39, 0, 9.73003e-23, 

45, 40, 0, 1.26268e-22, 

45, 41, 0, 1.60718e-22, 

45, 42, 0, 1.99195e-22, 

45, 43, 0, 2.39058e-22, 

45, 44, 0, 2.76605e-22, 

45, 45, 0, 3.07584e-22, 

45, 46, 0, 3.28053e-22, 

45, 47, 0, 3.35344e-22, 

45, 48, 0, 3.28796e-22, 

45, 49, 0, 3.0995e-22, 

45, 50, 0, 2.82119e-22, 

45, 51, 0, 2.49509e-22, 

45, 52, 0, 2.16244e-22, 

45, 53, 0, 1.85598e-22, 

45, 54, 0, 1.59634e-22, 

45, 55, 0, 1.39208e-22, 

45, 56, 0, 1.24209e-22, 

45, 57, 0, 1.13864e-22, 

45, 58, 0, 1.07018e-22, 

45, 59, 0, 1.02346e-22, 

45, 60, 0, 9.85054e-23, 

45, 61, 0, 9.42882e-23, 

45, 62, 0, 8.87658e-23, 

45, 63, 0, 8.14276e-23, 

45, 64, 0, 7.22605e-23, 

45, 65, 0, 6.17249e-23, 

45, 66, 0, 5.06109e-23, 

45, 67, 0, 3.98137e-23, 

45, 68, 0, 3.01053e-23, 

45, 69, 0, 2.19811e-23, 

45, 70, 0, 1.56175e-23, 

45, 71, 0, 1.09267e-23, 

45, 72, 0, 7.66164e-24, 

45, 73, 0, 5.52113e-24, 

45, 74, 0, 4.22505e-24, 

45, 75, 0, 3.55351e-24, 

45, 76, 0, 3.3568e-24, 

45, 77, 0, 3.5477e-24, 

45, 78, 0, 4.08526e-24, 

45, 79, 0, 4.95453e-24, 

45, 80, 0, 6.1443e-24, 

45, 81, 0, 7.62488e-24, 

45, 82, 0, 9.32997e-24, 

45, 83, 0, 1.11494e-23, 

45, 84, 0, 1.29387e-23, 

45, 85, 0, 1.45482e-23, 

45, 86, 0, 1.58643e-23, 

45, 87, 0, 1.68534e-23, 

45, 88, 0, 1.75983e-23, 

45, 89, 0, 1.83412e-23, 

45, 90, 0, 1.9596e-23, 

45, 91, 0, 2.25466e-23, 

45, 92, 0, 3.04672e-23, 

45, 93, 0, 5.37889e-23, 

45, 94, 0, 1.28524e-22, 

45, 95, 0, 3.84632e-22, 

45, 96, 0, 1.30392e-21, 

45, 97, 0, 4.70517e-21, 

45, 98, 0, 1.75407e-20, 

45, 99, 0, 6.66125e-20, 

45, 100, 0, 2.55781e-19, 

45, 101, 0, 9.88303e-19, 

45, 102, 0, 3.82779e-18, 

45, 103, 0, 1.48063e-17, 

45, 104, 0, 5.69758e-17, 

45, 105, 0, 2.1715e-16, 

45, 106, 0, 8.15512e-16, 

45, 107, 0, 2.99997e-15, 

45, 108, 0, 1.07356e-14, 

45, 109, 0, 3.7079e-14, 

45, 110, 0, 1.225e-13, 

45, 111, 0, 3.83251e-13, 

45, 112, 0, 1.12273e-12, 

45, 113, 0, 3.041e-12, 

45, 114, 0, 7.50647e-12, 

45, 115, 0, 1.66021e-11, 

45, 116, 0, 3.22133e-11, 

45, 117, 0, 5.32787e-11, 

45, 118, 0, 7.17672e-11, 

45, 119, 0, 7.17672e-11, 

46, 0, 0, 1.5337e-10, 

46, 1, 0, 1.5337e-10, 

46, 2, 0, 1.15018e-10, 

46, 3, 0, 7.13118e-11, 

46, 4, 0, 3.8392e-11, 

46, 5, 0, 1.85201e-11, 

46, 6, 0, 8.19149e-12, 

46, 7, 0, 3.38326e-12, 

46, 8, 0, 1.32479e-12, 

46, 9, 0, 4.98191e-13, 

46, 10, 0, 1.81928e-13, 

46, 11, 0, 6.51331e-14, 

46, 12, 0, 2.30495e-14, 

46, 13, 0, 8.11894e-15, 

46, 14, 0, 2.86315e-15, 

46, 15, 0, 1.01566e-15, 

46, 16, 0, 3.63739e-16, 

46, 17, 0, 1.31854e-16, 

46, 18, 0, 4.84546e-17, 

46, 19, 0, 1.80641e-17, 

46, 20, 0, 6.83194e-18, 

46, 21, 0, 2.62039e-18, 

46, 22, 0, 1.0188e-18, 

46, 23, 0, 4.01439e-19, 

46, 24, 0, 1.6034e-19, 

46, 25, 0, 6.49729e-20, 

46, 26, 0, 2.67572e-20, 

46, 27, 0, 1.12316e-20, 

46, 28, 0, 4.82836e-21, 

46, 29, 0, 2.14265e-21, 

46, 30, 0, 9.95374e-22, 

46, 31, 0, 4.96793e-22, 

46, 32, 0, 2.78789e-22, 

46, 33, 0, 1.87167e-22, 

46, 34, 0, 1.56947e-22, 

46, 35, 0, 1.6119e-22, 

46, 36, 0, 1.89675e-22, 

46, 37, 0, 2.39728e-22, 

46, 38, 0, 3.11937e-22, 

46, 39, 0, 4.07707e-22, 

46, 40, 0, 5.27384e-22, 

46, 41, 0, 6.6855e-22, 

46, 42, 0, 8.24624e-22, 

46, 43, 0, 9.8422e-22, 

46, 44, 0, 1.13185e-21, 

46, 45, 0, 1.25022e-21, 

46, 46, 0, 1.32389e-21, 

46, 47, 0, 1.34312e-21, 

46, 48, 0, 1.30662e-21, 

46, 49, 0, 1.22199e-21, 

46, 50, 0, 1.10354e-21, 

46, 51, 0, 9.68633e-22, 

46, 52, 0, 8.33643e-22, 

46, 53, 0, 7.11136e-22, 

46, 54, 0, 6.08638e-22, 

46, 55, 0, 5.28889e-22, 

46, 56, 0, 4.70929e-22, 

46, 57, 0, 4.31378e-22, 

46, 58, 0, 4.05511e-22, 

46, 59, 0, 3.8804e-22, 

46, 60, 0, 3.73701e-22, 

46, 61, 0, 3.57787e-22, 

46, 62, 0, 3.36717e-22, 

46, 63, 0, 3.08565e-22, 

46, 64, 0, 2.73359e-22, 

46, 65, 0, 2.32962e-22, 

46, 66, 0, 1.90486e-22, 

46, 67, 0, 1.49396e-22, 

46, 68, 0, 1.12628e-22, 

46, 69, 0, 8.20167e-23, 

46, 70, 0, 5.81593e-23, 

46, 71, 0, 4.06578e-23, 

46, 72, 0, 2.85315e-23, 

46, 73, 0, 2.0619e-23, 

46, 74, 0, 1.58587e-23, 

46, 75, 0, 1.34282e-23, 

46, 76, 0, 1.27747e-23, 

46, 77, 0, 1.3582e-23, 

46, 78, 0, 1.57072e-23, 

46, 79, 0, 1.91027e-23, 

46, 80, 0, 2.37314e-23, 

46, 81, 0, 2.94816e-23, 

46, 82, 0, 3.60985e-23, 

46, 83, 0, 4.3157e-23, 

46, 84, 0, 5.01001e-23, 

46, 85, 0, 5.63505e-23, 

46, 86, 0, 6.14696e-23, 

46, 87, 0, 6.53197e-23, 

46, 88, 0, 6.8193e-23, 

46, 89, 0, 7.09327e-23, 

46, 90, 0, 7.5225e-23, 

46, 91, 0, 8.46396e-23, 

46, 92, 0, 1.08303e-22, 

46, 93, 0, 1.73769e-22, 

46, 94, 0, 3.72878e-22, 

46, 95, 0, 1.02877e-21, 

46, 96, 0, 3.31496e-21, 

46, 97, 0, 1.15803e-20, 

46, 98, 0, 4.21604e-20, 

46, 99, 0, 1.5697e-19, 

46, 100, 0, 5.91927e-19, 

46, 101, 0, 2.24785e-18, 

46, 102, 0, 8.56014e-18, 

46, 103, 0, 3.25665e-17, 

46, 104, 0, 1.23295e-16, 

46, 105, 0, 4.62506e-16, 

46, 106, 0, 1.71041e-15, 

46, 107, 0, 6.19936e-15, 

46, 108, 0, 2.18725e-14, 

46, 109, 0, 7.45342e-14, 

46, 110, 0, 2.43142e-13, 

46, 111, 0, 7.51742e-13, 

46, 112, 0, 2.17827e-12, 

46, 113, 0, 5.84142e-12, 

46, 114, 0, 1.42907e-11, 

46, 115, 0, 3.13607e-11, 

46, 116, 0, 6.04529e-11, 

46, 117, 0, 9.94825e-11, 

46, 118, 0, 1.33589e-10, 

46, 119, 0, 1.33589e-10, 

47, 0, 0, 3.3346e-10, 

47, 1, 0, 3.3346e-10, 

47, 2, 0, 2.50932e-10, 

47, 3, 0, 1.5648e-10, 

47, 4, 0, 8.49014e-11, 

47, 5, 0, 4.1353e-11, 

47, 6, 0, 1.85019e-11, 

47, 7, 0, 7.74427e-12, 

47, 8, 0, 3.07895e-12, 

47, 9, 0, 1.17789e-12, 

47, 10, 0, 4.38452e-13, 

47, 11, 0, 1.60328e-13, 

47, 12, 0, 5.80638e-14, 

47, 13, 0, 2.09691e-14, 

47, 14, 0, 7.59366e-15, 

47, 15, 0, 2.76946e-15, 

47, 16, 0, 1.02036e-15, 

47, 17, 0, 3.80511e-16, 

47, 18, 0, 1.43753e-16, 

47, 19, 0, 5.50225e-17, 

47, 20, 0, 2.13279e-17, 

47, 21, 0, 8.36722e-18, 

47, 22, 0, 3.32075e-18, 

47, 23, 0, 1.33314e-18, 

47, 24, 0, 5.41645e-19, 

47, 25, 0, 2.22988e-19, 

47, 26, 0, 9.32196e-20, 

47, 27, 0, 3.97056e-20, 

47, 28, 0, 1.73215e-20, 

47, 29, 0, 7.80556e-21, 

47, 30, 0, 3.6878e-21, 

47, 31, 0, 1.87698e-21, 

47, 32, 0, 1.07801e-21, 

47, 33, 0, 7.42129e-22, 

47, 34, 0, 6.35866e-22, 

47, 35, 0, 6.61961e-22, 

47, 36, 0, 7.83775e-22, 

47, 37, 0, 9.92263e-22, 

47, 38, 0, 1.29016e-21, 

47, 39, 0, 1.68257e-21, 

47, 40, 0, 2.1695e-21, 

47, 41, 0, 2.73915e-21, 

47, 42, 0, 3.36252e-21, 

47, 43, 0, 3.99145e-21, 

47, 44, 0, 4.56224e-21, 

47, 45, 0, 5.00582e-21, 

47, 46, 0, 5.26279e-21, 

47, 47, 0, 5.29874e-21, 

47, 48, 0, 5.11414e-21, 

47, 49, 0, 4.74447e-21, 

47, 50, 0, 4.2504e-21, 

47, 51, 0, 3.70205e-21, 

47, 52, 0, 3.16338e-21, 

47, 53, 0, 2.68158e-21, 

47, 54, 0, 2.28339e-21, 

47, 55, 0, 1.9769e-21, 

47, 56, 0, 1.75639e-21, 

47, 57, 0, 1.60744e-21, 

47, 58, 0, 1.5111e-21, 

47, 59, 0, 1.4467e-21, 

47, 60, 0, 1.39391e-21, 

47, 61, 0, 1.33476e-21, 

47, 62, 0, 1.25568e-21, 

47, 63, 0, 1.14954e-21, 

47, 64, 0, 1.01672e-21, 

47, 65, 0, 8.64592e-22, 

47, 66, 0, 7.05142e-22, 

47, 67, 0, 5.51527e-22, 

47, 68, 0, 4.14699e-22, 

47, 69, 0, 3.01319e-22, 

47, 70, 0, 2.13364e-22, 

47, 71, 0, 1.49123e-22, 

47, 72, 0, 1.04795e-22, 

47, 73, 0, 7.5995e-23, 

47, 74, 0, 5.87782e-23, 

47, 75, 0, 5.01242e-23, 

47, 76, 0, 4.80295e-23, 

47, 77, 0, 5.13707e-23, 

47, 78, 0, 5.9661e-23, 

47, 79, 0, 7.27574e-23, 

47, 80, 0, 9.05411e-23, 

47, 81, 0, 1.12597e-22, 

47, 82, 0, 1.37959e-22, 

47, 83, 0, 1.65004e-22, 

47, 84, 0, 1.91613e-22, 

47, 85, 0, 2.15588e-22, 

47, 86, 0, 2.35258e-22, 

47, 87, 0, 2.50079e-22, 

47, 88, 0, 2.61084e-22, 

47, 89, 0, 2.71234e-22, 

47, 90, 0, 2.86158e-22, 

47, 91, 0, 3.16855e-22, 

47, 92, 0, 3.89175e-22, 

47, 93, 0, 5.76439e-22, 

47, 94, 0, 1.11318e-21, 

47, 95, 0, 2.80121e-21, 

47, 96, 0, 8.48752e-21, 

47, 97, 0, 2.85195e-20, 

47, 98, 0, 1.01075e-19, 

47, 99, 0, 3.68375e-19, 

47, 100, 0, 1.36325e-18, 

47, 101, 0, 5.08637e-18, 

47, 102, 0, 1.90417e-17, 

47, 103, 0, 7.12425e-17, 

47, 104, 0, 2.65339e-16, 

47, 105, 0, 9.79538e-16, 

47, 106, 0, 3.56657e-15, 

47, 107, 0, 1.27344e-14, 

47, 108, 0, 4.42878e-14, 

47, 109, 0, 1.48869e-13, 

47, 110, 0, 4.79412e-13, 

47, 111, 0, 1.46448e-12, 

47, 112, 0, 4.1965e-12, 

47, 113, 0, 1.11398e-11, 

47, 114, 0, 2.70057e-11, 

47, 115, 0, 5.87944e-11, 

47, 116, 0, 1.12585e-10, 

47, 117, 0, 1.8433e-10, 

47, 118, 0, 2.46753e-10, 

47, 119, 0, 2.46753e-10, 

48, 0, 0, 7.2417e-10, 

48, 1, 0, 7.2417e-10, 

48, 2, 0, 5.46854e-10, 

48, 3, 0, 3.43041e-10, 

48, 4, 0, 1.8762e-10, 

48, 5, 0, 9.22994e-11, 

48, 6, 0, 4.17897e-11, 

48, 7, 0, 1.7735e-11, 

48, 8, 0, 7.16305e-12, 

48, 9, 0, 2.78939e-12, 

48, 10, 0, 1.05903e-12, 

48, 11, 0, 3.95762e-13, 

48, 12, 0, 1.46754e-13, 

48, 13, 0, 5.43573e-14, 

48, 14, 0, 2.02165e-14, 

48, 15, 0, 7.57878e-15, 

48, 16, 0, 2.87093e-15, 

48, 17, 0, 1.10033e-15, 

48, 18, 0, 4.26787e-16, 

48, 19, 0, 1.67456e-16, 

48, 20, 0, 6.64146e-17, 

48, 21, 0, 2.66065e-17, 

48, 22, 0, 1.07622e-17, 

48, 23, 0, 4.396e-18, 

48, 24, 0, 1.81473e-18, 

48, 25, 0, 7.58317e-19, 

48, 26, 0, 3.21567e-19, 

48, 27, 0, 1.38903e-19, 

48, 28, 0, 6.14658e-20, 

48, 29, 0, 2.81176e-20, 

48, 30, 0, 1.35073e-20, 

48, 31, 0, 7.00936e-21, 

48, 32, 0, 4.11866e-21, 

48, 33, 0, 2.90525e-21, 

48, 34, 0, 2.5407e-21, 

48, 35, 0, 2.67859e-21, 

48, 36, 0, 3.18962e-21, 

48, 37, 0, 4.04405e-21, 

48, 38, 0, 5.25379e-21, 

48, 39, 0, 6.83664e-21, 

48, 40, 0, 8.78707e-21, 

48, 41, 0, 1.10499e-20, 

48, 42, 0, 1.35003e-20, 

48, 43, 0, 1.59383e-20, 

48, 44, 0, 1.81067e-20, 

48, 45, 0, 1.97345e-20, 

48, 46, 0, 2.05979e-20, 

48, 47, 0, 2.05797e-20, 

48, 48, 0, 1.97041e-20, 

48, 49, 0, 1.81308e-20, 

48, 50, 0, 1.61108e-20, 

48, 51, 0, 1.39221e-20, 

48, 52, 0, 1.18096e-20, 

48, 53, 0, 9.94681e-21, 

48, 54, 0, 8.42565e-21, 

48, 55, 0, 7.26714e-21, 

48, 56, 0, 6.44172e-21, 

48, 57, 0, 5.88964e-21, 

48, 58, 0, 5.53627e-21, 

48, 59, 0, 5.30231e-21, 

48, 60, 0, 5.11086e-21, 

48, 61, 0, 4.89442e-21, 

48, 62, 0, 4.60258e-21, 

48, 63, 0, 4.2094e-21, 

48, 64, 0, 3.71729e-21, 

48, 65, 0, 3.1547e-21, 

48, 66, 0, 2.56691e-21, 

48, 67, 0, 2.00285e-21, 

48, 68, 0, 1.50258e-21, 

48, 69, 0, 1.08985e-21, 

48, 70, 0, 7.71021e-22, 

48, 71, 0, 5.3906e-22, 

48, 72, 0, 3.79584e-22, 

48, 73, 0, 2.76385e-22, 

48, 74, 0, 2.15075e-22, 

48, 75, 0, 1.84772e-22, 

48, 76, 0, 1.78348e-22, 

48, 77, 0, 1.91892e-22, 

48, 78, 0, 2.23792e-22, 

48, 79, 0, 2.73652e-22, 

48, 80, 0, 3.41111e-22, 

48, 81, 0, 4.24647e-22, 

48, 82, 0, 5.20629e-22, 

48, 83, 0, 6.2296e-22, 

48, 84, 0, 7.23664e-22, 

48, 85, 0, 8.14487e-22, 

48, 86, 0, 8.89144e-22, 

48, 87, 0, 9.45537e-22, 

48, 88, 0, 9.87322e-22, 

48, 89, 0, 1.02492e-21, 

48, 90, 0, 1.07738e-21, 

48, 91, 0, 1.17925e-21, 

48, 92, 0, 1.40508e-21, 

48, 93, 0, 1.95192e-21, 

48, 94, 0, 3.42042e-21, 

48, 95, 0, 7.79717e-21, 

48, 96, 0, 2.19621e-20, 

48, 97, 0, 7.04068e-20, 

48, 98, 0, 2.41826e-19, 

48, 99, 0, 8.60887e-19, 

48, 100, 0, 3.12336e-18, 

48, 101, 0, 1.14444e-17, 

48, 102, 0, 4.21109e-17, 

48, 103, 0, 1.54932e-16, 

48, 104, 0, 5.67645e-16, 

48, 105, 0, 2.06221e-15, 

48, 106, 0, 7.39241e-15, 

48, 107, 0, 2.59992e-14, 

48, 108, 0, 8.91196e-14, 

48, 109, 0, 2.95459e-13, 

48, 110, 0, 9.39151e-13, 

48, 111, 0, 2.83403e-12, 

48, 112, 0, 8.02962e-12, 

48, 113, 0, 2.10959e-11, 

48, 114, 0, 5.06702e-11, 

48, 115, 0, 1.09427e-10, 

48, 116, 0, 2.08132e-10, 

48, 117, 0, 3.39003e-10, 

48, 118, 0, 4.52373e-10, 

48, 119, 0, 4.52373e-10, 

49, 0, 0, 1.57083e-09, 

49, 1, 0, 1.57083e-09, 

49, 2, 0, 1.19047e-09, 

49, 3, 0, 7.51354e-10, 

49, 4, 0, 4.14353e-10, 

49, 5, 0, 2.05951e-10, 

49, 6, 0, 9.43998e-11, 

49, 7, 0, 4.06375e-11, 

49, 8, 0, 1.66823e-11, 

49, 9, 0, 6.61602e-12, 

49, 10, 0, 2.56323e-12, 

49, 11, 0, 9.79355e-13, 

49, 12, 0, 3.71952e-13, 

49, 13, 0, 1.41315e-13, 

49, 14, 0, 5.39679e-14, 

49, 15, 0, 2.07855e-14, 

49, 16, 0, 8.08862e-15, 

49, 17, 0, 3.18235e-15, 

49, 18, 0, 1.26547e-15, 

49, 19, 0, 5.08185e-16, 

49, 20, 0, 2.05893e-16, 

49, 21, 0, 8.40997e-17, 

49, 22, 0, 3.46232e-17, 

49, 23, 0, 1.43725e-17, 

49, 24, 0, 6.02255e-18, 

49, 25, 0, 2.55243e-18, 

49, 26, 0, 1.09726e-18, 

49, 27, 0, 4.80442e-19, 

49, 28, 0, 2.15574e-19, 

49, 29, 0, 1.00081e-19, 

49, 30, 0, 4.88745e-20, 

49, 31, 0, 2.58545e-20, 

49, 32, 0, 1.55378e-20, 

49, 33, 0, 1.12219e-20, 

49, 34, 0, 1.00063e-20, 

49, 35, 0, 1.06747e-20, 

49, 36, 0, 1.27785e-20, 

49, 37, 0, 1.62227e-20, 

49, 38, 0, 2.10571e-20, 

49, 39, 0, 2.73404e-20, 

49, 40, 0, 3.50285e-20, 

49, 41, 0, 4.38728e-20, 

49, 42, 0, 5.33473e-20, 

49, 43, 0, 6.2638e-20, 

49, 44, 0, 7.07247e-20, 

49, 45, 0, 7.65635e-20, 

49, 46, 0, 7.93301e-20, 

49, 47, 0, 7.8645e-20, 

49, 48, 0, 7.46888e-20, 

49, 49, 0, 6.81558e-20, 

49, 50, 0, 6.00622e-20, 

49, 51, 0, 5.14887e-20, 

49, 52, 0, 4.33527e-20, 

49, 53, 0, 3.62771e-20, 

49, 54, 0, 3.05672e-20, 

49, 55, 0, 2.62634e-20, 

49, 56, 0, 2.32261e-20, 

49, 57, 0, 2.12136e-20, 

49, 58, 0, 1.99383e-20, 

49, 59, 0, 1.91014e-20, 

49, 60, 0, 1.84177e-20, 

49, 61, 0, 1.76384e-20, 

49, 62, 0, 1.65797e-20, 

49, 63, 0, 1.51491e-20, 

49, 64, 0, 1.33587e-20, 

49, 65, 0, 1.1316e-20, 

49, 66, 0, 9.18838e-21, 

49, 67, 0, 7.15418e-21, 

49, 68, 0, 5.35726e-21, 

49, 69, 0, 3.88069e-21, 

49, 70, 0, 2.74436e-21, 

49, 71, 0, 1.92047e-21, 

49, 72, 0, 1.35585e-21, 

49, 73, 0, 9.91786e-22, 

49, 74, 0, 7.76835e-22, 

49, 75, 0, 6.72502e-22, 

49, 76, 0, 6.53912e-22, 

49, 77, 0, 7.07713e-22, 

49, 78, 0, 8.28741e-22, 

49, 79, 0, 1.01606e-21, 

49, 80, 0, 1.26862e-21, 

49, 81, 0, 1.58093e-21, 

49, 82, 0, 1.93954e-21, 

49, 83, 0, 2.3218e-21, 

49, 84, 0, 2.69811e-21, 

49, 85, 0, 3.03786e-21, 

49, 86, 0, 3.31771e-21, 

49, 87, 0, 3.52973e-21, 

49, 88, 0, 3.6868e-21, 

49, 89, 0, 3.82562e-21, 

49, 90, 0, 4.011e-21, 

49, 91, 0, 4.35343e-21, 

49, 92, 0, 5.07197e-21, 

49, 93, 0, 6.70266e-21, 

49, 94, 0, 1.07912e-20, 

49, 95, 0, 2.22574e-20, 

49, 96, 0, 5.76679e-20, 

49, 97, 0, 1.74683e-19, 

49, 98, 0, 5.7807e-19, 

49, 99, 0, 2.00398e-18, 

49, 100, 0, 7.11743e-18, 

49, 101, 0, 2.55943e-17, 

49, 102, 0, 9.25412e-17, 

49, 103, 0, 3.34786e-16, 

49, 104, 0, 1.20666e-15, 

49, 105, 0, 4.31416e-15, 

49, 106, 0, 1.52261e-14, 

49, 107, 0, 5.27491e-14, 

49, 108, 0, 1.78208e-13, 

49, 109, 0, 5.82681e-13, 

49, 110, 0, 1.82796e-12, 

49, 111, 0, 5.44862e-12, 

49, 112, 0, 1.5262e-11, 

49, 113, 0, 3.96799e-11, 

49, 114, 0, 9.44158e-11, 

49, 115, 0, 2.02232e-10, 

49, 116, 0, 3.82022e-10, 

49, 117, 0, 6.1897e-10, 

49, 118, 0, 8.23321e-10, 

49, 119, 0, 8.23321e-10, 

50, 0, 0, 3.40298e-09, 

50, 1, 0, 3.40298e-09, 

50, 2, 0, 2.58858e-09, 

50, 3, 0, 1.64412e-09, 

50, 4, 0, 9.14489e-10, 

50, 5, 0, 4.59412e-10, 

50, 6, 0, 2.13265e-10, 

50, 7, 0, 9.3166e-11, 

50, 8, 0, 3.88897e-11, 

50, 9, 0, 1.5714e-11, 

50, 10, 0, 6.21473e-12, 

50, 11, 0, 2.42832e-12, 

50, 12, 0, 9.44659e-13, 

50, 13, 0, 3.68079e-13, 

50, 14, 0, 1.44276e-13, 

50, 15, 0, 5.70453e-14, 

50, 16, 0, 2.27802e-14, 

50, 17, 0, 9.18809e-15, 

50, 18, 0, 3.74018e-15, 

50, 19, 0, 1.53486e-15, 

50, 20, 0, 6.34297e-16, 

50, 21, 0, 2.63799e-16, 

50, 22, 0, 1.10404e-16, 

50, 23, 0, 4.65285e-17, 

50, 24, 0, 1.97746e-17, 

50, 25, 0, 8.49451e-18, 

50, 26, 0, 3.70009e-18, 

50, 27, 0, 1.64162e-18, 

50, 28, 0, 7.46675e-19, 

50, 29, 0, 3.51722e-19, 

50, 30, 0, 1.74583e-19, 

50, 31, 0, 9.41317e-20, 

50, 32, 0, 5.78398e-20, 

50, 33, 0, 4.27412e-20, 

50, 34, 0, 3.88222e-20, 

50, 35, 0, 4.18767e-20, 

50, 36, 0, 5.03758e-20, 

50, 37, 0, 6.40288e-20, 

50, 38, 0, 8.30329e-20, 

50, 39, 0, 1.0757e-19, 

50, 40, 0, 1.3738e-19, 

50, 41, 0, 1.71376e-19, 

50, 42, 0, 2.07391e-19, 

50, 43, 0, 2.4217e-19, 

50, 44, 0, 2.71743e-19, 

50, 45, 0, 2.92169e-19, 

50, 46, 0, 3.00486e-19, 

50, 47, 0, 2.95543e-19, 

50, 48, 0, 2.78366e-19, 

50, 49, 0, 2.51882e-19, 

50, 50, 0, 2.20113e-19, 

50, 51, 0, 1.8717e-19, 

50, 52, 0, 1.56418e-19, 

50, 53, 0, 1.30035e-19, 

50, 54, 0, 1.0899e-19, 

50, 55, 0, 9.3289e-20, 

50, 56, 0, 8.23105e-20, 

50, 57, 0, 7.51017e-20, 

50, 58, 0, 7.05763e-20, 

50, 59, 0, 6.7632e-20, 

50, 60, 0, 6.52289e-20, 

50, 61, 0, 6.24695e-20, 

50, 62, 0, 5.86958e-20, 

50, 63, 0, 5.35833e-20, 

50, 64, 0, 4.71879e-20, 

50, 65, 0, 3.99057e-20, 

50, 66, 0, 3.23433e-20, 

50, 67, 0, 2.51381e-20, 

50, 68, 0, 1.87967e-20, 

50, 69, 0, 1.36047e-20, 

50, 70, 0, 9.6223e-21, 

50, 71, 0, 6.74349e-21, 

50, 72, 0, 4.77603e-21, 

50, 73, 0, 3.51153e-21, 

50, 74, 0, 2.76951e-21, 

50, 75, 0, 2.41635e-21, 

50, 76, 0, 2.36682e-21, 

50, 77, 0, 2.57634e-21, 

50, 78, 0, 3.02894e-21, 

50, 79, 0, 3.72309e-21, 

50, 80, 0, 4.6561e-21, 

50, 81, 0, 5.80834e-21, 

50, 82, 0, 7.1307e-21, 

50, 83, 0, 8.54019e-21, 

50, 84, 0, 9.92833e-21, 

50, 85, 0, 1.11831e-20, 

50, 86, 0, 1.2219e-20, 

50, 87, 0, 1.30064e-20, 

50, 88, 0, 1.35905e-20, 

50, 89, 0, 1.40998e-20, 

50, 90, 0, 1.47558e-20, 

50, 91, 0, 1.59161e-20, 

50, 92, 0, 1.8236e-20, 

50, 93, 0, 2.31948e-20, 

50, 94, 0, 3.47977e-20, 

50, 95, 0, 6.52414e-20, 

50, 96, 0, 1.54302e-19, 

50, 97, 0, 4.37028e-19, 

50, 98, 0, 1.38311e-18, 

50, 99, 0, 4.64987e-18, 

50, 100, 0, 1.61329e-17, 

50, 101, 0, 5.6879e-17, 

50, 102, 0, 2.02002e-16, 

50, 103, 0, 7.18493e-16, 

50, 104, 0, 2.54762e-15, 

50, 105, 0, 8.96482e-15, 

50, 106, 0, 3.11544e-14, 

50, 107, 0, 1.06326e-13, 

50, 108, 0, 3.5406e-13, 

50, 109, 0, 1.14176e-12, 

50, 110, 0, 3.53514e-12, 

50, 111, 0, 1.04078e-11, 

50, 112, 0, 2.88195e-11, 

50, 113, 0, 7.41416e-11, 

50, 114, 0, 1.74747e-10, 

50, 115, 0, 3.71195e-10, 

50, 116, 0, 6.96332e-10, 

50, 117, 0, 1.12222e-09, 

50, 118, 0, 1.48786e-09, 

50, 119, 0, 1.48786e-09, 

51, 0, 0, 7.36061e-09, 

51, 1, 0, 7.36061e-09, 

51, 2, 0, 5.62073e-09, 

51, 3, 0, 3.59351e-09, 

51, 4, 0, 2.01663e-09, 

51, 5, 0, 1.02433e-09, 

51, 6, 0, 4.8177e-10, 

51, 7, 0, 2.13664e-10, 

51, 8, 0, 9.07232e-11, 

51, 9, 0, 3.73606e-11, 

51, 10, 0, 1.50865e-11, 

51, 11, 0, 6.02877e-12, 

51, 12, 0, 2.40191e-12, 

51, 13, 0, 9.59436e-13, 

51, 14, 0, 3.85725e-13, 

51, 15, 0, 1.56414e-13, 

51, 16, 0, 6.40177e-14, 

51, 17, 0, 2.6433e-14, 

51, 18, 0, 1.09983e-14, 

51, 19, 0, 4.60532e-15, 

51, 20, 0, 1.93857e-15, 

51, 21, 0, 8.19887e-16, 

51, 22, 0, 3.48458e-16, 

51, 23, 0, 1.48965e-16, 

51, 24, 0, 6.41685e-17, 

51, 25, 0, 2.79243e-17, 

51, 26, 0, 1.23197e-17, 

51, 27, 0, 5.53669e-18, 

51, 28, 0, 2.55215e-18, 

51, 29, 0, 1.21956e-18, 

51, 30, 0, 6.15204e-19, 

51, 31, 0, 3.38048e-19, 

51, 32, 0, 2.12314e-19, 

51, 33, 0, 1.60415e-19, 

51, 34, 0, 1.48293e-19, 

51, 35, 0, 1.61634e-19, 

51, 36, 0, 1.95331e-19, 

51, 37, 0, 2.48533e-19, 

51, 38, 0, 3.21994e-19, 

51, 39, 0, 4.16222e-19, 

51, 40, 0, 5.29869e-19, 

51, 41, 0, 6.58325e-19, 

51, 42, 0, 7.92831e-19, 

51, 43, 0, 9.20631e-19, 

51, 44, 0, 1.02657e-18, 

51, 45, 0, 1.09607e-18, 

51, 46, 0, 1.11878e-18, 

51, 47, 0, 1.09156e-18, 

51, 48, 0, 1.01953e-18, 

51, 49, 0, 9.14674e-19, 

51, 50, 0, 7.92552e-19, 

51, 51, 0, 6.68466e-19, 

51, 52, 0, 5.54466e-19, 

51, 53, 0, 4.57957e-19, 

51, 54, 0, 3.81849e-19, 

51, 55, 0, 3.25632e-19, 

51, 56, 0, 2.86679e-19, 

51, 57, 0, 2.61323e-19, 

51, 58, 0, 2.45549e-19, 

51, 59, 0, 2.35368e-19, 

51, 60, 0, 2.27064e-19, 

51, 61, 0, 2.17459e-19, 

51, 62, 0, 2.04242e-19, 

51, 63, 0, 1.863e-19, 

51, 64, 0, 1.63867e-19, 

51, 65, 0, 1.38375e-19, 

51, 66, 0, 1.11976e-19, 

51, 67, 0, 8.69059e-20, 

51, 68, 0, 6.49147e-20, 

51, 69, 0, 4.69668e-20, 

51, 70, 0, 3.32403e-20, 

51, 71, 0, 2.33424e-20, 

51, 72, 0, 1.65934e-20, 

51, 73, 0, 1.22683e-20, 

51, 74, 0, 9.74578e-21, 

51, 75, 0, 8.5704e-21, 

51, 76, 0, 8.45558e-21, 

51, 77, 0, 9.25562e-21, 

51, 78, 0, 1.09233e-20, 

51, 79, 0, 1.34598e-20, 

51, 80, 0, 1.68595e-20, 

51, 81, 0, 2.10533e-20, 

51, 82, 0, 2.58644e-20, 

51, 83, 0, 3.09929e-20, 

51, 84, 0, 3.60467e-20, 

51, 85, 0, 4.06209e-20, 

51, 86, 0, 4.44068e-20, 

51, 87, 0, 4.7295e-20, 

51, 88, 0, 4.94424e-20, 

51, 89, 0, 5.12966e-20, 

51, 90, 0, 5.36124e-20, 

51, 91, 0, 5.75572e-20, 

51, 92, 0, 6.51233e-20, 

51, 93, 0, 8.04557e-20, 

51, 94, 0, 1.14029e-19, 

51, 95, 0, 1.96161e-19, 

51, 96, 0, 4.22184e-19, 

51, 97, 0, 1.10691e-18, 

51, 98, 0, 3.32085e-18, 

51, 99, 0, 1.07679e-17, 

51, 100, 0, 3.63896e-17, 

51, 101, 0, 1.25606e-16, 

51, 102, 0, 4.37872e-16, 

51, 103, 0, 1.53091e-15, 

51, 104, 0, 5.34018e-15, 

51, 105, 0, 1.8497e-14, 

51, 106, 0, 6.33039e-14, 

51, 107, 0, 2.12867e-13, 

51, 108, 0, 6.98765e-13, 

51, 109, 0, 2.22263e-12, 

51, 110, 0, 6.79238e-12, 

51, 111, 0, 1.97521e-11, 

51, 112, 0, 5.40679e-11, 

51, 113, 0, 1.37629e-10, 

51, 114, 0, 3.21291e-10, 

51, 115, 0, 6.76768e-10, 

51, 116, 0, 1.26063e-09, 

51, 117, 0, 2.02064e-09, 

51, 118, 0, 2.67013e-09, 

51, 119, 0, 2.67013e-09, 

52, 0, 0, 1.58889e-08, 

52, 1, 0, 1.58889e-08, 

52, 2, 0, 1.21822e-08, 

52, 3, 0, 7.84209e-09, 

52, 4, 0, 4.44173e-09, 

52, 5, 0, 2.28203e-09, 

52, 6, 0, 1.08785e-09, 

52, 7, 0, 4.89968e-10, 

52, 8, 0, 2.11687e-10, 

52, 9, 0, 8.88633e-11, 

52, 10, 0, 3.66406e-11, 

52, 11, 0, 1.49731e-11, 

52, 12, 0, 6.10733e-12, 

52, 13, 0, 2.49943e-12, 

52, 14, 0, 1.02974e-12, 

52, 15, 0, 4.27767e-13, 

52, 16, 0, 1.792e-13, 

52, 17, 0, 7.56365e-14, 

52, 18, 0, 3.21204e-14, 

52, 19, 0, 1.37046e-14, 

52, 20, 0, 5.86864e-15, 

52, 21, 0, 2.52133e-15, 

52, 22, 0, 1.08723e-15, 

52, 23, 0, 4.71135e-16, 

52, 24, 0, 2.05583e-16, 

52, 25, 0, 9.05928e-17, 

52, 26, 0, 4.04677e-17, 

52, 27, 0, 1.84176e-17, 

52, 28, 0, 8.60186e-18, 

52, 29, 0, 4.16918e-18, 

52, 30, 0, 2.13714e-18, 

52, 31, 0, 1.19666e-18, 

52, 32, 0, 7.67988e-19, 

52, 33, 0, 5.92907e-19, 

52, 34, 0, 5.57367e-19, 

52, 35, 0, 6.13505e-19, 

52, 36, 0, 7.44595e-19, 

52, 37, 0, 9.48317e-19, 

52, 38, 0, 1.22745e-18, 

52, 39, 0, 1.58313e-18, 

52, 40, 0, 2.00895e-18, 

52, 41, 0, 2.48583e-18, 

52, 42, 0, 2.97911e-18, 

52, 43, 0, 3.43976e-18, 

52, 44, 0, 3.81104e-18, 

52, 45, 0, 4.04028e-18, 

52, 46, 0, 4.0924e-18, 

52, 47, 0, 3.96033e-18, 

52, 48, 0, 3.66767e-18, 

52, 49, 0, 3.26215e-18, 

52, 50, 0, 2.8026e-18, 

52, 51, 0, 2.34465e-18, 

52, 52, 0, 1.93041e-18, 

52, 53, 0, 1.58427e-18, 

52, 54, 0, 1.31435e-18, 

52, 55, 0, 1.11691e-18, 

52, 56, 0, 9.81318e-19, 

52, 57, 0, 8.93801e-19, 

52, 58, 0, 8.39826e-19, 

52, 59, 0, 8.05249e-19, 

52, 60, 0, 7.77055e-19, 

52, 61, 0, 7.44199e-19, 

52, 62, 0, 6.98725e-19, 

52, 63, 0, 6.36875e-19, 

52, 64, 0, 5.59594e-19, 

52, 65, 0, 4.71944e-19, 

52, 66, 0, 3.81417e-19, 

52, 67, 0, 2.95698e-19, 

52, 68, 0, 2.20732e-19, 

52, 69, 0, 1.59719e-19, 

52, 70, 0, 1.1317e-19, 

52, 71, 0, 7.96726e-20, 

52, 72, 0, 5.68744e-20, 

52, 73, 0, 4.23013e-20, 

52, 74, 0, 3.38536e-20, 

52, 75, 0, 3.00063e-20, 

52, 76, 0, 2.98135e-20, 

52, 77, 0, 3.28094e-20, 

52, 78, 0, 3.88618e-20, 

52, 79, 0, 4.79985e-20, 

52, 80, 0, 6.0213e-20, 

52, 81, 0, 7.52668e-20, 

52, 82, 0, 9.25322e-20, 

52, 83, 0, 1.10941e-19, 

52, 84, 0, 1.29095e-19, 

52, 85, 0, 1.45552e-19, 

52, 86, 0, 1.59209e-19, 

52, 87, 0, 1.6967e-19, 

52, 88, 0, 1.77473e-19, 

52, 89, 0, 1.84161e-19, 

52, 90, 0, 1.92296e-19, 

52, 91, 0, 2.05705e-19, 

52, 92, 0, 2.30519e-19, 

52, 93, 0, 2.78532e-19, 

52, 94, 0, 3.77439e-19, 

52, 95, 0, 6.02966e-19, 

52, 96, 0, 1.18349e-18, 

52, 97, 0, 2.85002e-18, 

52, 98, 0, 8.02769e-18, 

52, 99, 0, 2.49344e-17, 

52, 100, 0, 8.17536e-17, 

52, 101, 0, 2.75705e-16, 

52, 102, 0, 9.42501e-16, 

52, 103, 0, 3.23776e-15, 

52, 104, 0, 1.11097e-14, 

52, 105, 0, 3.78813e-14, 

52, 106, 0, 1.27694e-13, 

52, 107, 0, 4.23146e-13, 

52, 108, 0, 1.36955e-12, 

52, 109, 0, 4.29755e-12, 

52, 110, 0, 1.29643e-11, 

52, 111, 0, 3.72405e-11, 

52, 112, 0, 1.00775e-10, 

52, 113, 0, 2.53815e-10, 

52, 114, 0, 5.86854e-10, 

52, 115, 0, 1.22572e-09, 

52, 116, 0, 2.26693e-09, 

52, 117, 0, 3.61365e-09, 

52, 118, 0, 4.75908e-09, 

52, 119, 0, 4.75908e-09, 

53, 0, 0, 3.42065e-08, 

53, 1, 0, 3.42065e-08, 

53, 2, 0, 2.6338e-08, 

53, 3, 0, 1.70766e-08, 

53, 4, 0, 9.76548e-09, 

53, 5, 0, 5.07673e-09, 

53, 6, 0, 2.45379e-09, 

53, 7, 0, 1.12275e-09, 

53, 8, 0, 4.93682e-10, 

53, 9, 0, 2.11278e-10, 

53, 10, 0, 8.89479e-11, 

53, 11, 0, 3.71601e-11, 

53, 12, 0, 1.55098e-11, 

53, 13, 0, 6.49819e-12, 

53, 14, 0, 2.7407e-12, 

53, 15, 0, 1.16488e-12, 

53, 16, 0, 4.9879e-13, 

53, 17, 0, 2.149e-13, 

53, 18, 0, 9.30137e-14, 

53, 19, 0, 4.03851e-14, 

53, 20, 0, 1.75732e-14, 

53, 21, 0, 7.66216e-15, 

53, 22, 0, 3.3497e-15, 

53, 23, 0, 1.47048e-15, 

53, 24, 0, 6.49695e-16, 

53, 25, 0, 2.89805e-16, 

53, 26, 0, 1.31038e-16, 

53, 27, 0, 6.03809e-17, 

53, 28, 0, 2.85682e-17, 

53, 29, 0, 1.40424e-17, 

53, 30, 0, 7.314e-18, 

53, 31, 0, 4.17287e-18, 

53, 32, 0, 2.73579e-18, 

53, 33, 0, 2.15677e-18, 

53, 34, 0, 2.06017e-18, 

53, 35, 0, 2.28879e-18, 

53, 36, 0, 2.78911e-18, 

53, 37, 0, 3.5554e-18, 

53, 38, 0, 4.59749e-18, 

53, 39, 0, 5.91665e-18, 

53, 40, 0, 7.48401e-18, 

53, 41, 0, 9.22258e-18, 

53, 42, 0, 1.0998e-17, 

53, 43, 0, 1.26255e-17, 

53, 44, 0, 1.38972e-17, 

53, 45, 0, 1.46271e-17, 

53, 46, 0, 1.47003e-17, 

53, 47, 0, 1.41084e-17, 

53, 48, 0, 1.2954e-17, 

53, 49, 0, 1.14222e-17, 

53, 50, 0, 9.72985e-18, 

53, 51, 0, 8.07465e-18, 

53, 52, 0, 6.59984e-18, 

53, 53, 0, 5.38313e-18, 

53, 54, 0, 4.44471e-18, 

53, 55, 0, 3.76487e-18, 

53, 56, 0, 3.30196e-18, 

53, 57, 0, 3.00566e-18, 

53, 58, 0, 2.82446e-18, 

53, 59, 0, 2.70921e-18, 

53, 60, 0, 2.61519e-18, 

53, 61, 0, 2.50477e-18, 

53, 62, 0, 2.35104e-18, 

53, 63, 0, 2.14157e-18, 

53, 64, 0, 1.88e-18, 

53, 65, 0, 1.58388e-18, 

53, 66, 0, 1.27878e-18, 

53, 67, 0, 9.90651e-19, 

53, 68, 0, 7.39326e-19, 

53, 69, 0, 5.35266e-19, 

53, 70, 0, 3.79887e-19, 

53, 71, 0, 2.68248e-19, 

53, 72, 0, 1.92375e-19, 

53, 73, 0, 1.43983e-19, 

53, 74, 0, 1.161e-19, 

53, 75, 0, 1.03709e-19, 

53, 76, 0, 1.03743e-19, 

53, 77, 0, 1.14746e-19, 

53, 78, 0, 1.36375e-19, 

53, 79, 0, 1.68806e-19, 

53, 80, 0, 2.12064e-19, 

53, 81, 0, 2.65337e-19, 

53, 82, 0, 3.26433e-19, 

53, 83, 0, 3.91599e-19, 

53, 84, 0, 4.55925e-19, 

53, 85, 0, 5.14339e-19, 

53, 86, 0, 5.62962e-19, 

53, 87, 0, 6.00369e-19, 

53, 88, 0, 6.28381e-19, 

53, 89, 0, 6.52262e-19, 

53, 90, 0, 6.80654e-19, 

53, 91, 0, 7.26082e-19, 

53, 92, 0, 8.07591e-19, 

53, 93, 0, 9.5921e-19, 

53, 94, 0, 1.25506e-18, 

53, 95, 0, 1.88553e-18, 

53, 96, 0, 3.3984e-18, 

53, 97, 0, 7.48637e-18, 

53, 98, 0, 1.96137e-17, 

53, 99, 0, 5.7886e-17, 

53, 100, 0, 1.83197e-16, 

53, 101, 0, 6.01907e-16, 

53, 102, 0, 2.01485e-15, 

53, 103, 0, 6.79635e-15, 

53, 104, 0, 2.29343e-14, 

53, 105, 0, 7.69805e-14, 

53, 106, 0, 2.55625e-13, 

53, 107, 0, 8.34921e-13, 

53, 108, 0, 2.66494e-12, 

53, 109, 0, 8.2513e-12, 

53, 110, 0, 2.45753e-11, 

53, 111, 0, 6.9742e-11, 

53, 112, 0, 1.86587e-10, 

53, 113, 0, 4.64999e-10, 

53, 114, 0, 1.06484e-09, 

53, 115, 0, 2.2052e-09, 

53, 116, 0, 4.0492e-09, 

53, 117, 0, 6.41878e-09, 

53, 118, 0, 8.4244e-09, 

53, 119, 0, 8.4244e-09, 

54, 0, 0, 7.33798e-08, 

54, 1, 0, 7.33798e-08, 

54, 2, 0, 5.67528e-08, 

54, 3, 0, 3.70734e-08, 

54, 4, 0, 2.14136e-08, 

54, 5, 0, 1.12685e-08, 

54, 6, 0, 5.52426e-09, 

54, 7, 0, 2.56851e-09, 

54, 8, 0, 1.14963e-09, 

54, 9, 0, 5.0159e-10, 

54, 10, 0, 2.15575e-10, 

54, 11, 0, 9.20365e-11, 

54, 12, 0, 3.92829e-11, 

54, 13, 0, 1.68345e-11, 

54, 14, 0, 7.2605e-12, 

54, 15, 0, 3.15335e-12, 

54, 16, 0, 1.37821e-12, 

54, 17, 0, 6.05279e-13, 

54, 18, 0, 2.66662e-13, 

54, 19, 0, 1.17683e-13, 

54, 20, 0, 5.19836e-14, 

54, 21, 0, 2.29838e-14, 

54, 22, 0, 1.01802e-14, 

54, 23, 0, 4.52508e-15, 

54, 24, 0, 2.02359e-15, 

54, 25, 0, 9.13448e-16, 

54, 26, 0, 4.17978e-16, 

54, 27, 0, 1.94961e-16, 

54, 28, 0, 9.34299e-17, 

54, 29, 0, 4.65692e-17, 

54, 30, 0, 2.46443e-17, 

54, 31, 0, 1.43255e-17, 

54, 32, 0, 9.59191e-18, 

54, 33, 0, 7.71701e-18, 

54, 34, 0, 7.48476e-18, 

54, 35, 0, 8.38856e-18, 

54, 36, 0, 1.02614e-17, 

54, 37, 0, 1.30917e-17, 

54, 38, 0, 1.69127e-17, 

54, 39, 0, 2.17178e-17, 

54, 40, 0, 2.73829e-17, 

54, 41, 0, 3.36047e-17, 

54, 42, 0, 3.98731e-17, 

54, 43, 0, 4.5506e-17, 

54, 44, 0, 4.97577e-17, 

54, 45, 0, 5.19873e-17, 

54, 46, 0, 5.18343e-17, 

54, 47, 0, 4.9332e-17, 

54, 48, 0, 4.4906e-17, 

54, 49, 0, 3.9254e-17, 

54, 50, 0, 3.31573e-17, 

54, 51, 0, 2.73001e-17, 

54, 52, 0, 2.21573e-17, 

54, 53, 0, 1.79669e-17, 

54, 54, 0, 1.47694e-17, 

54, 55, 0, 1.24744e-17, 

54, 56, 0, 1.09249e-17, 

54, 57, 0, 9.94108e-18, 

54, 58, 0, 9.34446e-18, 

54, 59, 0, 8.96759e-18, 

54, 60, 0, 8.6598e-18, 

54, 61, 0, 8.29513e-18, 

54, 62, 0, 7.78437e-18, 

54, 63, 0, 7.08713e-18, 

54, 64, 0, 6.2169e-18, 

54, 65, 0, 5.23336e-18, 

54, 66, 0, 4.22223e-18, 

54, 67, 0, 3.2696e-18, 

54, 68, 0, 2.44053e-18, 

54, 69, 0, 1.76867e-18, 

54, 70, 0, 1.25788e-18, 

54, 71, 0, 8.91286e-19, 

54, 72, 0, 6.42384e-19, 

54, 73, 0, 4.83928e-19, 

54, 74, 0, 3.93168e-19, 

54, 75, 0, 3.53875e-19, 

54, 76, 0, 3.56274e-19, 

54, 77, 0, 3.95915e-19, 

54, 78, 0, 4.72002e-19, 

54, 79, 0, 5.85404e-19, 

54, 80, 0, 7.3637e-19, 

54, 81, 0, 9.22185e-19, 

54, 82, 0, 1.1353e-18, 

54, 83, 0, 1.36273e-18, 

54, 84, 0, 1.5875e-18, 

54, 85, 0, 1.79201e-18, 

54, 86, 0, 1.9628e-18, 

54, 87, 0, 2.09484e-18, 

54, 88, 0, 2.19418e-18, 

54, 89, 0, 2.27855e-18, 

54, 90, 0, 2.37684e-18, 

54, 91, 0, 2.52992e-18, 

54, 92, 0, 2.7972e-18, 

54, 93, 0, 3.278e-18, 

54, 94, 0, 4.17314e-18, 

54, 95, 0, 5.96532e-18, 

54, 96, 0, 9.9723e-18, 

54, 97, 0, 2.0108e-17, 

54, 98, 0, 4.86292e-17, 

54, 99, 0, 1.35168e-16, 

54, 100, 0, 4.1029e-16, 

54, 101, 0, 1.30839e-15, 

54, 102, 0, 4.27998e-15, 

54, 103, 0, 1.41613e-14, 

54, 104, 0, 4.69751e-14, 

54, 105, 0, 1.55198e-13, 

54, 106, 0, 5.07705e-13, 

54, 107, 0, 1.63473e-12, 

54, 108, 0, 5.14672e-12, 

54, 109, 0, 1.57271e-11, 

54, 110, 0, 4.62545e-11, 

54, 111, 0, 1.29703e-10, 

54, 112, 0, 3.4311e-10, 

54, 113, 0, 8.46145e-10, 

54, 114, 0, 1.91917e-09, 

54, 115, 0, 3.9407e-09, 

54, 116, 0, 7.18373e-09, 

54, 117, 0, 1.13236e-08, 

54, 118, 0, 1.48101e-08, 

54, 119, 0, 1.48101e-08, 

55, 0, 0, 1.56682e-07, 

55, 1, 0, 1.56682e-07, 

55, 2, 0, 1.2175e-07, 

55, 3, 0, 8.0158e-08, 

55, 4, 0, 4.67813e-08, 

55, 5, 0, 2.49284e-08, 

55, 6, 0, 1.23993e-08, 

55, 7, 0, 5.85963e-09, 

55, 8, 0, 2.66994e-09, 

55, 9, 0, 1.18755e-09, 

55, 10, 0, 5.20902e-10, 

55, 11, 0, 2.27159e-10, 

55, 12, 0, 9.90765e-11, 

55, 13, 0, 4.33872e-11, 

55, 14, 0, 1.91128e-11, 

55, 15, 0, 8.47146e-12, 

55, 16, 0, 3.77424e-12, 

55, 17, 0, 1.68744e-12, 

55, 18, 0, 7.55804e-13, 

55, 19, 0, 3.38678e-13, 

55, 20, 0, 1.51734e-13, 

55, 21, 0, 6.79812e-14, 

55, 22, 0, 3.04914e-14, 

55, 23, 0, 1.37178e-14, 

55, 24, 0, 6.20717e-15, 

55, 25, 0, 2.83478e-15, 

55, 26, 0, 1.31245e-15, 

55, 27, 0, 6.19582e-16, 

55, 28, 0, 3.00702e-16, 

55, 29, 0, 1.51973e-16, 

55, 30, 0, 8.17103e-17, 

55, 31, 0, 4.83906e-17, 

55, 32, 0, 3.30821e-17, 

55, 33, 0, 2.71456e-17, 

55, 34, 0, 2.6715e-17, 

55, 35, 0, 3.01903e-17, 

55, 36, 0, 3.70646e-17, 

55, 37, 0, 4.73249e-17, 

55, 38, 0, 6.10801e-17, 

55, 39, 0, 7.82632e-17, 

55, 40, 0, 9.83622e-17, 

55, 41, 0, 1.2021e-16, 

55, 42, 0, 1.4191e-16, 

55, 43, 0, 1.60998e-16, 

55, 44, 0, 1.74857e-16, 

55, 45, 0, 1.81338e-16, 

55, 46, 0, 1.7936e-16, 

55, 47, 0, 1.69269e-16, 

55, 48, 0, 1.52759e-16, 

55, 49, 0, 1.32389e-16, 

55, 50, 0, 1.10905e-16, 

55, 51, 0, 9.06176e-17, 

55, 52, 0, 7.30548e-17, 

55, 53, 0, 5.8916e-17, 

55, 54, 0, 4.82384e-17, 

55, 55, 0, 4.06438e-17, 

55, 56, 0, 3.55578e-17, 

55, 57, 0, 3.23544e-17, 

55, 58, 0, 3.04279e-17, 

55, 59, 0, 2.92191e-17, 

55, 60, 0, 2.82298e-17, 

55, 61, 0, 2.70463e-17, 

55, 62, 0, 2.53777e-17, 

55, 63, 0, 2.30954e-17, 

55, 64, 0, 2.02479e-17, 

55, 65, 0, 1.70345e-17, 

55, 66, 0, 1.37373e-17, 

55, 67, 0, 1.06373e-17, 

55, 68, 0, 7.94434e-18, 

55, 69, 0, 5.76545e-18, 

55, 70, 0, 4.11068e-18, 

55, 71, 0, 2.92384e-18, 

55, 72, 0, 2.11849e-18, 

55, 73, 0, 1.60657e-18, 

55, 74, 0, 1.31505e-18, 

55, 75, 0, 1.19226e-18, 

55, 76, 0, 1.20757e-18, 

55, 77, 0, 1.34767e-18, 

55, 78, 0, 1.6111e-18, 

55, 79, 0, 2.00164e-18, 

55, 80, 0, 2.52069e-18, 

55, 81, 0, 3.15929e-18, 

55, 82, 0, 3.89186e-18, 

55, 83, 0, 4.67425e-18, 

55, 84, 0, 5.44847e-18, 

55, 85, 0, 6.15455e-18, 

55, 86, 0, 6.74632e-18, 

55, 87, 0, 7.20622e-18, 

55, 88, 0, 7.55414e-18, 

55, 89, 0, 7.84903e-18, 

55, 90, 0, 8.1863e-18, 

55, 91, 0, 8.69851e-18, 

55, 92, 0, 9.57115e-18, 

55, 93, 0, 1.10966e-17, 

55, 94, 0, 1.38252e-17, 

55, 95, 0, 1.8992e-17, 

55, 96, 0, 2.97818e-17, 

55, 97, 0, 5.52455e-17, 

55, 98, 0, 1.22783e-16, 

55, 99, 0, 3.18655e-16, 

55, 100, 0, 9.20806e-16, 

55, 101, 0, 2.83631e-15, 

55, 102, 0, 9.04169e-15, 

55, 103, 0, 2.93019e-14, 

55, 104, 0, 9.54773e-14, 

55, 105, 0, 3.1039e-13, 

55, 106, 0, 1.00026e-12, 

55, 107, 0, 3.17527e-12, 

55, 108, 0, 9.86234e-12, 

55, 109, 0, 2.97485e-11, 

55, 110, 0, 8.64146e-11, 

55, 111, 0, 2.39473e-10, 

55, 112, 0, 6.26474e-10, 

55, 113, 0, 1.52897e-09, 

55, 114, 0, 3.43501e-09, 

55, 115, 0, 6.99351e-09, 

55, 116, 0, 1.26567e-08, 

55, 117, 0, 1.98376e-08, 

55, 118, 0, 2.58544e-08, 

55, 119, 0, 2.58544e-08, 

56, 0, 0, 3.3257e-07, 

56, 1, 0, 3.3257e-07, 

56, 2, 0, 2.597e-07, 

56, 3, 0, 1.72385e-07, 

56, 4, 0, 1.01692e-07, 

56, 5, 0, 5.4892e-08, 

56, 6, 0, 2.77099e-08, 

56, 7, 0, 1.33124e-08, 

56, 8, 0, 6.17543e-09, 

56, 9, 0, 2.79981e-09, 

56, 10, 0, 1.25299e-09, 

56, 11, 0, 5.57821e-10, 

56, 12, 0, 2.48426e-10, 

56, 13, 0, 1.11059e-10, 

56, 14, 0, 4.99133e-11, 

56, 15, 0, 2.25496e-11, 

56, 16, 0, 1.02281e-11, 

56, 17, 0, 4.64979e-12, 

56, 18, 0, 2.11505e-12, 

56, 19, 0, 9.61447e-13, 

56, 20, 0, 4.36558e-13, 

56, 21, 0, 1.98082e-13, 

56, 22, 0, 8.99279e-14, 

56, 23, 0, 4.09358e-14, 

56, 24, 0, 1.87379e-14, 

56, 25, 0, 8.65623e-15, 

56, 26, 0, 4.05433e-15, 

56, 27, 0, 1.93687e-15, 

56, 28, 0, 9.51901e-16, 

56, 29, 0, 4.87773e-16, 

56, 30, 0, 2.66455e-16, 

56, 31, 0, 1.60765e-16, 

56, 32, 0, 1.12188e-16, 

56, 33, 0, 9.38338e-17, 

56, 34, 0, 9.36378e-17, 

56, 35, 0, 1.06653e-16, 

56, 36, 0, 1.31387e-16, 

56, 37, 0, 1.67882e-16, 

56, 38, 0, 2.16476e-16, 

56, 39, 0, 2.7678e-16, 

56, 40, 0, 3.4675e-16, 

56, 41, 0, 4.22e-16, 

56, 42, 0, 4.9564e-16, 

56, 43, 0, 5.58941e-16, 

56, 44, 0, 6.02938e-16, 

56, 45, 0, 6.20608e-16, 

56, 46, 0, 6.08917e-16, 

56, 47, 0, 5.69844e-16, 

56, 48, 0, 5.09881e-16, 

56, 49, 0, 4.38179e-16, 

56, 50, 0, 3.64133e-16, 

56, 51, 0, 2.95351e-16, 

56, 52, 0, 2.36614e-16, 

56, 53, 0, 1.89873e-16, 

56, 54, 0, 1.54924e-16, 

56, 55, 0, 1.30282e-16, 

56, 56, 0, 1.13909e-16, 

56, 57, 0, 1.03678e-16, 

56, 58, 0, 9.75763e-17, 

56, 59, 0, 9.37733e-17, 

56, 60, 0, 9.06511e-17, 

56, 61, 0, 8.68745e-17, 

56, 62, 0, 8.15123e-17, 

56, 63, 0, 7.41609e-17, 

56, 64, 0, 6.49911e-17, 

56, 65, 0, 5.46562e-17, 

56, 66, 0, 4.40701e-17, 

56, 67, 0, 3.41341e-17, 

56, 68, 0, 2.55162e-17, 

56, 69, 0, 1.85511e-17, 

56, 70, 0, 1.32649e-17, 

56, 71, 0, 9.47432e-18, 

56, 72, 0, 6.90263e-18, 

56, 73, 0, 5.26984e-18, 

56, 74, 0, 4.3452e-18, 

56, 75, 0, 3.96669e-18, 

56, 76, 0, 4.03984e-18, 

56, 77, 0, 4.52566e-18, 

56, 78, 0, 5.42313e-18, 

56, 79, 0, 6.74755e-18, 

56, 80, 0, 8.50524e-18, 

56, 81, 0, 1.06673e-17, 

56, 82, 0, 1.31483e-17, 

56, 83, 0, 1.58004e-17, 

56, 84, 0, 1.84289e-17, 

56, 85, 0, 2.08321e-17, 

56, 86, 0, 2.28543e-17, 

56, 87, 0, 2.44349e-17, 

56, 88, 0, 2.56381e-17, 

56, 89, 0, 2.66572e-17, 

56, 90, 0, 2.78036e-17, 

56, 91, 0, 2.95036e-17, 

56, 92, 0, 3.23349e-17, 

56, 93, 0, 3.71623e-17, 

56, 94, 0, 4.55086e-17, 

56, 95, 0, 6.0564e-17, 

56, 96, 0, 9.00712e-17, 

56, 97, 0, 1.54993e-16, 

56, 98, 0, 3.16458e-16, 

56, 99, 0, 7.61329e-16, 

56, 100, 0, 2.07746e-15, 

56, 101, 0, 6.1445e-15, 

56, 102, 0, 1.90198e-14, 

56, 103, 0, 6.02493e-14, 

56, 104, 0, 1.92629e-13, 

56, 105, 0, 6.15869e-13, 

56, 106, 0, 1.95471e-12, 

56, 107, 0, 6.11751e-12, 

56, 108, 0, 1.8747e-11, 

56, 109, 0, 5.58279e-11, 

56, 110, 0, 1.60201e-10, 

56, 111, 0, 4.38822e-10, 

56, 112, 0, 1.13543e-09, 

56, 113, 0, 2.7428e-09, 

56, 114, 0, 6.1041e-09, 

56, 115, 0, 1.2323e-08, 

56, 116, 0, 2.21408e-08, 

56, 117, 0, 3.45056e-08, 

56, 118, 0, 4.48119e-08, 

56, 119, 0, 4.48119e-08, 

57, 0, 0, 7.00716e-07, 

57, 1, 0, 7.00716e-07, 

57, 2, 0, 5.50011e-07, 

57, 3, 0, 3.68209e-07, 

57, 4, 0, 2.19631e-07, 

57, 5, 0, 1.20133e-07, 

57, 6, 0, 6.15643e-08, 

57, 7, 0, 3.00724e-08, 

57, 8, 0, 1.42027e-08, 

57, 9, 0, 6.5626e-09, 

57, 10, 0, 2.9954e-09, 

57, 11, 0, 1.36058e-09, 

57, 12, 0, 6.18222e-10, 

57, 13, 0, 2.81868e-10, 

57, 14, 0, 1.291e-10, 

57, 15, 0, 5.93787e-11, 

57, 16, 0, 2.73886e-11, 

57, 17, 0, 1.26468e-11, 

57, 18, 0, 5.83669e-12, 

57, 19, 0, 2.6894e-12, 

57, 20, 0, 1.23686e-12, 

57, 21, 0, 5.68088e-13, 

57, 22, 0, 2.6096e-13, 

57, 23, 0, 1.20164e-13, 

57, 24, 0, 5.56317e-14, 

57, 25, 0, 2.59928e-14, 

57, 26, 0, 1.23145e-14, 

57, 27, 0, 5.95281e-15, 

57, 28, 0, 2.96239e-15, 

57, 29, 0, 1.53908e-15, 

57, 30, 0, 8.54242e-16, 

57, 31, 0, 5.25088e-16, 

57, 32, 0, 3.73942e-16, 

57, 33, 0, 3.18616e-16, 

57, 34, 0, 3.22191e-16, 

57, 35, 0, 3.69707e-16, 

57, 36, 0, 4.5692e-16, 

57, 37, 0, 5.84238e-16, 

57, 38, 0, 7.52653e-16, 

57, 39, 0, 9.60274e-16, 

57, 40, 0, 1.19921e-15, 

57, 41, 0, 1.45338e-15, 

57, 42, 0, 1.69825e-15, 

57, 43, 0, 1.90364e-15, 

57, 44, 0, 2.0395e-15, 

57, 45, 0, 2.08356e-15, 

57, 46, 0, 2.02797e-15, 

57, 47, 0, 1.88209e-15, 

57, 48, 0, 1.66995e-15, 

57, 49, 0, 1.42339e-15, 

57, 50, 0, 1.17377e-15, 

57, 51, 0, 9.45505e-16, 

57, 52, 0, 7.53097e-16, 

57, 53, 0, 6.01668e-16, 

57, 54, 0, 4.89511e-16, 

57, 55, 0, 4.11082e-16, 

57, 56, 0, 3.59371e-16, 

57, 57, 0, 3.27309e-16, 

57, 58, 0, 3.08349e-16, 

57, 59, 0, 2.9661e-16, 

57, 60, 0, 2.86931e-16, 

57, 61, 0, 2.75076e-16, 

57, 62, 0, 2.58111e-16, 

57, 63, 0, 2.34796e-16, 

57, 64, 0, 2.05715e-16, 

57, 65, 0, 1.72974e-16, 

57, 66, 0, 1.39487e-16, 

57, 67, 0, 1.08101e-16, 

57, 68, 0, 8.09102e-17, 

57, 69, 0, 5.89505e-17, 

57, 70, 0, 4.2288e-17, 

57, 71, 0, 3.03379e-17, 

57, 72, 0, 2.22286e-17, 

57, 73, 0, 1.70841e-17, 

57, 74, 0, 1.41861e-17, 

57, 75, 0, 1.30339e-17, 

57, 76, 0, 1.33402e-17, 

57, 77, 0, 1.49935e-17, 

57, 78, 0, 1.8002e-17, 

57, 79, 0, 2.24239e-17, 

57, 80, 0, 2.82856e-17, 

57, 81, 0, 3.54949e-17, 

57, 82, 0, 4.37721e-17, 

57, 83, 0, 5.2629e-17, 

57, 84, 0, 6.14226e-17, 

57, 85, 0, 6.94849e-17, 

57, 86, 0, 7.62984e-17, 

57, 87, 0, 8.16575e-17, 

57, 88, 0, 8.57656e-17, 

57, 89, 0, 8.92469e-17, 

57, 90, 0, 9.31054e-17, 

57, 91, 0, 9.86973e-17, 

57, 92, 0, 1.07813e-16, 

57, 93, 0, 1.23014e-16, 

57, 94, 0, 1.48544e-16, 

57, 95, 0, 1.92714e-16, 

57, 96, 0, 2.74475e-16, 

57, 97, 0, 4.42522e-16, 

57, 98, 0, 8.33125e-16, 

57, 99, 0, 1.84964e-15, 

57, 100, 0, 4.7284e-15, 

57, 101, 0, 1.33372e-14, 

57, 102, 0, 3.99056e-14, 

57, 103, 0, 1.23228e-13, 

57, 104, 0, 3.85993e-13, 

57, 105, 0, 1.21267e-12, 

57, 106, 0, 3.78922e-12, 

57, 107, 0, 1.16895e-11, 

57, 108, 0, 3.53435e-11, 

57, 109, 0, 1.03921e-10, 

57, 110, 0, 2.94625e-10, 

57, 111, 0, 7.97826e-10, 

57, 112, 0, 2.04208e-09, 

57, 113, 0, 4.88315e-09, 

57, 114, 0, 1.07663e-08, 

57, 115, 0, 2.15535e-08, 

57, 116, 0, 3.84471e-08, 

57, 117, 0, 5.95784e-08, 

57, 118, 0, 7.70986e-08, 

57, 119, 0, 7.70986e-08, 

58, 0, 0, 1.46328e-06, 

58, 1, 0, 1.46328e-06, 

58, 2, 0, 1.15477e-06, 

58, 3, 0, 7.79915e-07, 

58, 4, 0, 4.70554e-07, 

58, 5, 0, 2.60891e-07, 

58, 6, 0, 1.35759e-07, 

58, 7, 0, 6.74356e-08, 

58, 8, 0, 3.2425e-08, 

58, 9, 0, 1.52669e-08, 

58, 10, 0, 7.10441e-09, 

58, 11, 0, 3.29056e-09, 

58, 12, 0, 1.52431e-09, 

58, 13, 0, 7.08128e-10, 

58, 14, 0, 3.30189e-10, 

58, 15, 0, 1.54448e-10, 

58, 16, 0, 7.23692e-11, 

58, 17, 0, 3.391e-11, 

58, 18, 0, 1.58656e-11, 

58, 19, 0, 7.40523e-12, 

58, 20, 0, 3.44768e-12, 

58, 21, 0, 1.60232e-12, 

58, 22, 0, 7.44564e-13, 

58, 23, 0, 3.4675e-13, 

58, 24, 0, 1.62345e-13, 

58, 25, 0, 7.67099e-14, 

58, 26, 0, 3.67587e-14, 

58, 27, 0, 1.79789e-14, 

58, 28, 0, 9.05951e-15, 

58, 29, 0, 4.77237e-15, 

58, 30, 0, 2.69159e-15, 

58, 31, 0, 1.68561e-15, 

58, 32, 0, 1.22472e-15, 

58, 33, 0, 1.06242e-15, 

58, 34, 0, 1.08798e-15, 

58, 35, 0, 1.25719e-15, 

58, 36, 0, 1.55846e-15, 

58, 37, 0, 1.99396e-15, 

58, 38, 0, 2.56637e-15, 

58, 39, 0, 3.26742e-15, 

58, 40, 0, 4.06756e-15, 

58, 41, 0, 4.90919e-15, 

58, 42, 0, 5.70703e-15, 

58, 43, 0, 6.35885e-15, 

58, 44, 0, 6.76642e-15, 

58, 45, 0, 6.8612e-15, 

58, 46, 0, 6.6254e-15, 

58, 47, 0, 6.09874e-15, 

58, 48, 0, 5.36728e-15, 

58, 49, 0, 4.5389e-15, 

58, 50, 0, 3.71572e-15, 

58, 51, 0, 2.97402e-15, 

58, 52, 0, 2.35651e-15, 

58, 53, 0, 1.87557e-15, 

58, 54, 0, 1.52252e-15, 

58, 55, 0, 1.27757e-15, 

58, 56, 0, 1.11725e-15, 

58, 57, 0, 1.01862e-15, 

58, 58, 0, 9.60788e-16, 

58, 59, 0, 9.25219e-16, 

58, 60, 0, 8.95727e-16, 

58, 61, 0, 8.59094e-16, 

58, 62, 0, 8.0623e-16, 

58, 63, 0, 7.33372e-16, 

58, 64, 0, 6.42485e-16, 

58, 65, 0, 5.40255e-16, 

58, 66, 0, 4.35819e-16, 

58, 67, 0, 3.38049e-16, 

58, 68, 0, 2.53416e-16, 

58, 69, 0, 1.85091e-16, 

58, 70, 0, 1.3324e-16, 

58, 71, 0, 9.60321e-17, 

58, 72, 0, 7.07684e-17, 

58, 73, 0, 5.47485e-17, 

58, 74, 0, 4.57677e-17, 

58, 75, 0, 4.22997e-17, 

58, 76, 0, 4.34834e-17, 

58, 77, 0, 4.90059e-17, 

58, 78, 0, 5.89279e-17, 

58, 79, 0, 7.34623e-17, 

58, 80, 0, 9.27107e-17, 

58, 81, 0, 1.16385e-16, 

58, 82, 0, 1.43582e-16, 

58, 83, 0, 1.72719e-16, 

58, 84, 0, 2.01705e-16, 

58, 85, 0, 2.28361e-16, 

58, 86, 0, 2.50995e-16, 

58, 87, 0, 2.68918e-16, 

58, 88, 0, 2.82763e-16, 

58, 89, 0, 2.94516e-16, 

58, 90, 0, 3.07369e-16, 

58, 91, 0, 3.25589e-16, 

58, 92, 0, 3.54682e-16, 

58, 93, 0, 4.02223e-16, 

58, 94, 0, 4.80086e-16, 

58, 95, 0, 6.10081e-16, 

58, 96, 0, 8.38894e-16, 

58, 97, 0, 1.28007e-15, 

58, 98, 0, 2.23756e-15, 

58, 99, 0, 4.57994e-15, 

58, 100, 0, 1.08954e-14, 

58, 101, 0, 2.90933e-14, 

58, 102, 0, 8.36838e-14, 

58, 103, 0, 2.51042e-13, 

58, 104, 0, 7.68833e-13, 

58, 105, 0, 2.37073e-12, 

58, 106, 0, 7.28807e-12, 

58, 107, 0, 2.2155e-11, 

58, 108, 0, 6.60818e-11, 

58, 109, 0, 1.91843e-10, 

58, 110, 0, 5.37394e-10, 

58, 111, 0, 1.43879e-09, 

58, 112, 0, 3.64341e-09, 

58, 113, 0, 8.62545e-09, 

58, 114, 0, 1.88424e-08, 

58, 115, 0, 3.74092e-08, 

58, 116, 0, 6.62546e-08, 

58, 117, 0, 1.02089e-07, 

58, 118, 0, 1.31641e-07, 

58, 119, 0, 1.31641e-07, 

59, 0, 0, 3.02375e-06, 

59, 1, 0, 3.02375e-06, 

59, 2, 0, 2.39962e-06, 

59, 3, 0, 1.63551e-06, 

59, 4, 0, 9.98419e-07, 

59, 5, 0, 5.61264e-07, 

59, 6, 0, 2.96633e-07, 

59, 7, 0, 1.49854e-07, 

59, 8, 0, 7.33569e-08, 

59, 9, 0, 3.51882e-08, 

59, 10, 0, 1.66883e-08, 

59, 11, 0, 7.87739e-09, 

59, 12, 0, 3.71748e-09, 

59, 13, 0, 1.75813e-09, 

59, 14, 0, 8.33794e-10, 

59, 15, 0, 3.96258e-10, 

59, 16, 0, 1.88444e-10, 

59, 17, 0, 8.95287e-11, 

59, 18, 0, 4.24357e-11, 

59, 19, 0, 2.00525e-11, 

59, 20, 0, 9.4472e-12, 

59, 21, 0, 4.44148e-12, 

59, 22, 0, 2.08734e-12, 

59, 23, 0, 9.83034e-13, 

59, 24, 0, 4.65411e-13, 

59, 25, 0, 2.22387e-13, 

59, 26, 0, 1.07783e-13, 

59, 27, 0, 5.33399e-14, 

59, 28, 0, 2.72163e-14, 

59, 29, 0, 1.45383e-14, 

59, 30, 0, 8.33312e-15, 

59, 31, 0, 5.31713e-15, 

59, 32, 0, 3.94054e-15, 

59, 33, 0, 3.47821e-15, 

59, 34, 0, 3.60476e-15, 

59, 35, 0, 4.19283e-15, 

59, 36, 0, 5.21223e-15, 

59, 37, 0, 6.67231e-15, 

59, 38, 0, 8.57966e-15, 

59, 39, 0, 1.09005e-14, 

59, 40, 0, 1.35274e-14, 

59, 41, 0, 1.62591e-14, 

59, 42, 0, 1.88056e-14, 

59, 43, 0, 2.08288e-14, 

59, 44, 0, 2.2015e-14, 

59, 45, 0, 2.216e-14, 

59, 46, 0, 2.12329e-14, 

59, 47, 0, 1.93904e-14, 

59, 48, 0, 1.69313e-14, 

59, 49, 0, 1.42115e-14, 

59, 50, 0, 1.15552e-14, 

59, 51, 0, 9.19506e-15, 

59, 52, 0, 7.25267e-15, 

59, 53, 0, 5.75458e-15, 

59, 54, 0, 4.66401e-15, 

59, 55, 0, 3.91288e-15, 

59, 56, 0, 3.42472e-15, 

59, 57, 0, 3.12665e-15, 

59, 58, 0, 2.95344e-15, 

59, 59, 0, 2.8476e-15, 

59, 60, 0, 2.75923e-15, 

59, 61, 0, 2.64773e-15, 

59, 62, 0, 2.48536e-15, 

59, 63, 0, 2.26091e-15, 

59, 64, 0, 1.98084e-15, 

59, 65, 0, 1.66605e-15, 

59, 66, 0, 1.34479e-15, 

59, 67, 0, 1.04429e-15, 

59, 68, 0, 7.84294e-16, 

59, 69, 0, 5.74402e-16, 

59, 70, 0, 4.15036e-16, 

59, 71, 0, 3.00572e-16, 

59, 72, 0, 2.2278e-16, 

59, 73, 0, 1.73455e-16, 

59, 74, 0, 1.45922e-16, 

59, 75, 0, 1.35589e-16, 

59, 76, 0, 1.39908e-16, 

59, 77, 0, 1.58019e-16, 

59, 78, 0, 1.90213e-16, 

59, 79, 0, 2.3724e-16, 

59, 80, 0, 2.99474e-16, 

59, 81, 0, 3.76028e-16, 

59, 82, 0, 4.6404e-16, 

59, 83, 0, 5.58457e-16, 

59, 84, 0, 6.52584e-16, 

59, 85, 0, 7.39438e-16, 

59, 86, 0, 8.13556e-16, 

59, 87, 0, 8.72675e-16, 

59, 88, 0, 9.18723e-16, 

59, 89, 0, 9.57926e-16, 

59, 90, 0, 1.00028e-15, 

59, 91, 0, 1.05905e-15, 

59, 92, 0, 1.15102e-15, 

59, 93, 0, 1.29849e-15, 

59, 94, 0, 1.53471e-15, 

59, 95, 0, 1.9172e-15, 

59, 96, 0, 2.56163e-15, 

59, 97, 0, 3.73387e-15, 

59, 98, 0, 6.11279e-15, 

59, 99, 0, 1.15664e-14, 

59, 100, 0, 2.54936e-14, 

59, 101, 0, 6.39826e-14, 

59, 102, 0, 1.7583e-13, 

59, 103, 0, 5.1026e-13, 

59, 104, 0, 1.52388e-12, 

59, 105, 0, 4.60467e-12, 

59, 106, 0, 1.39138e-11, 

59, 107, 0, 4.16563e-11, 

59, 108, 0, 1.22536e-10, 

59, 109, 0, 3.5119e-10, 

59, 110, 0, 9.71993e-10, 

59, 111, 0, 2.57308e-09, 

59, 112, 0, 6.44685e-09, 

59, 113, 0, 1.51117e-08, 

59, 114, 0, 3.27115e-08, 

59, 115, 0, 6.44129e-08, 

59, 116, 0, 1.13274e-07, 

59, 117, 0, 1.73562e-07, 

59, 118, 0, 2.23012e-07, 

59, 119, 0, 2.23012e-07, 

60, 0, 0, 6.17317e-06, 

60, 1, 0, 6.17317e-06, 

60, 2, 0, 4.92736e-06, 

60, 3, 0, 3.38999e-06, 

60, 4, 0, 2.09451e-06, 

60, 5, 0, 1.19414e-06, 

60, 6, 0, 6.41118e-07, 

60, 7, 0, 3.29431e-07, 

60, 8, 0, 1.64175e-07, 

60, 9, 0, 8.02177e-08, 

60, 10, 0, 3.87586e-08, 

60, 11, 0, 1.86355e-08, 

60, 12, 0, 8.95316e-09, 

60, 13, 0, 4.30721e-09, 

60, 14, 0, 2.07584e-09, 

60, 15, 0, 1.00148e-09, 

60, 16, 0, 4.82986e-10, 

60, 17, 0, 2.32497e-10, 

60, 18, 0, 1.11578e-10, 

60, 19, 0, 5.33555e-11, 

60, 20, 0, 2.54285e-11, 

60, 21, 0, 1.20908e-11, 

60, 22, 0, 5.7462e-12, 

60, 23, 0, 2.73649e-12, 

60, 24, 0, 1.31008e-12, 

60, 25, 0, 6.33047e-13, 

60, 26, 0, 3.10326e-13, 

60, 27, 0, 1.55396e-13, 

60, 28, 0, 8.02973e-14, 

60, 29, 0, 4.35024e-14, 

60, 30, 0, 2.53461e-14, 

60, 31, 0, 1.64793e-14, 

60, 32, 0, 1.24538e-14, 

60, 33, 0, 1.11784e-14, 

60, 34, 0, 1.17172e-14, 

60, 35, 0, 1.37124e-14, 

60, 36, 0, 1.70901e-14, 

60, 37, 0, 2.18867e-14, 

60, 38, 0, 2.81155e-14, 

60, 39, 0, 3.5646e-14, 

60, 40, 0, 4.40988e-14, 

60, 41, 0, 5.27879e-14, 

60, 42, 0, 6.07499e-14, 

60, 43, 0, 6.68916e-14, 

60, 44, 0, 7.02354e-14, 

60, 45, 0, 7.01924e-14, 

60, 46, 0, 6.67517e-14, 

60, 47, 0, 6.04962e-14, 

60, 48, 0, 5.24315e-14, 

60, 49, 0, 4.37023e-14, 

60, 50, 0, 3.53134e-14, 

60, 51, 0, 2.79556e-14, 

60, 52, 0, 2.19651e-14, 

60, 53, 0, 1.73864e-14, 

60, 54, 0, 1.40787e-14, 

60, 55, 0, 1.18161e-14, 

60, 56, 0, 1.03553e-14, 

60, 57, 0, 9.47011e-15, 

60, 58, 0, 8.96033e-15, 

60, 59, 0, 8.65086e-15, 

60, 60, 0, 8.3903e-15, 

60, 61, 0, 8.05581e-15, 

60, 62, 0, 7.56401e-15, 

60, 63, 0, 6.88207e-15, 

60, 64, 0, 6.03079e-15, 

60, 65, 0, 5.0745e-15, 

60, 66, 0, 4.09931e-15, 

60, 67, 0, 3.18768e-15, 

60, 68, 0, 2.39911e-15, 

60, 69, 0, 1.76229e-15, 

60, 70, 0, 1.27835e-15, 

60, 71, 0, 9.30332e-16, 

60, 72, 0, 6.93508e-16, 

60, 73, 0, 5.43302e-16, 

60, 74, 0, 4.59766e-16, 

60, 75, 0, 4.29255e-16, 

60, 76, 0, 4.4432e-16, 

60, 77, 0, 5.02645e-16, 

60, 78, 0, 6.05419e-16, 

60, 79, 0, 7.55197e-16, 

60, 80, 0, 9.53307e-16, 

60, 81, 0, 1.19707e-15, 

60, 82, 0, 1.47756e-15, 

60, 83, 0, 1.77891e-15, 

60, 84, 0, 2.08005e-15, 

60, 85, 0, 2.35892e-15, 

60, 86, 0, 2.59818e-15, 

60, 87, 0, 2.79048e-15, 

60, 88, 0, 2.94161e-15, 

60, 89, 0, 3.07074e-15, 

60, 90, 0, 3.20878e-15, 

60, 91, 0, 3.39638e-15, 

60, 92, 0, 3.68415e-15, 

60, 93, 0, 4.13731e-15, 

60, 94, 0, 4.84884e-15, 

60, 95, 0, 5.97072e-15, 

60, 96, 0, 7.79076e-15, 

60, 97, 0, 1.09338e-14, 

60, 98, 0, 1.69188e-14, 

60, 99, 0, 2.97615e-14, 

60, 100, 0, 6.0695e-14, 

60, 101, 0, 1.423e-13, 

60, 102, 0, 3.71157e-13, 

60, 103, 0, 1.0368e-12, 

60, 104, 0, 3.00963e-12, 

60, 105, 0, 8.89359e-12, 

60, 106, 0, 2.63812e-11, 

60, 107, 0, 7.7726e-11, 

60, 108, 0, 2.25381e-10, 

60, 109, 0, 6.37528e-10, 

60, 110, 0, 1.74318e-09, 

60, 111, 0, 4.56252e-09, 

60, 112, 0, 1.13109e-08, 

60, 113, 0, 2.62534e-08, 

60, 114, 0, 5.63175e-08, 

60, 115, 0, 1.09998e-07, 

60, 116, 0, 1.92087e-07, 

60, 117, 0, 2.92688e-07, 

60, 118, 0, 3.74758e-07, 

60, 119, 0, 3.74758e-07, 

61, 0, 0, 1.24322e-05, 

61, 1, 0, 1.24322e-05, 

61, 2, 0, 9.98248e-06, 

61, 3, 0, 6.93429e-06, 

61, 4, 0, 4.33733e-06, 

61, 5, 0, 2.50855e-06, 

61, 6, 0, 1.36841e-06, 

61, 7, 0, 7.15258e-07, 

61, 8, 0, 3.62882e-07, 

61, 9, 0, 1.80578e-07, 

61, 10, 0, 8.88599e-08, 

61, 11, 0, 4.34981e-08, 

61, 12, 0, 2.12622e-08, 

61, 13, 0, 1.03977e-08, 

61, 14, 0, 5.08861e-09, 

61, 15, 0, 2.49033e-09, 

61, 16, 0, 1.21715e-09, 

61, 17, 0, 5.93304e-10, 

61, 18, 0, 2.88156e-10, 

61, 19, 0, 1.39393e-10, 

61, 20, 0, 6.71872e-11, 

61, 21, 0, 3.23054e-11, 

61, 22, 0, 1.55251e-11, 

61, 23, 0, 7.47624e-12, 

61, 24, 0, 3.61942e-12, 

61, 25, 0, 1.76875e-12, 

61, 26, 0, 8.77052e-13, 

61, 27, 0, 4.44447e-13, 

61, 28, 0, 2.32615e-13, 

61, 29, 0, 1.27844e-13, 

61, 30, 0, 7.57347e-14, 

61, 31, 0, 5.01789e-14, 

61, 32, 0, 3.86592e-14, 

61, 33, 0, 3.52649e-14, 

61, 34, 0, 3.73619e-14, 

61, 35, 0, 4.39717e-14, 

61, 36, 0, 5.49293e-14, 

61, 37, 0, 7.03654e-14, 

61, 38, 0, 9.02951e-14, 

61, 39, 0, 1.14237e-13, 

61, 40, 0, 1.4089e-13, 

61, 41, 0, 1.6797e-13, 

61, 42, 0, 1.92354e-13, 

61, 43, 0, 2.10586e-13, 

61, 44, 0, 2.19696e-13, 

61, 45, 0, 2.18045e-13, 

61, 46, 0, 2.05866e-13, 

61, 47, 0, 1.85227e-13, 

61, 48, 0, 1.59417e-13, 

61, 49, 0, 1.32024e-13, 

61, 50, 0, 1.06086e-13, 

61, 51, 0, 8.36066e-14, 

61, 52, 0, 6.54849e-14, 

61, 53, 0, 5.17479e-14, 

61, 54, 0, 4.18935e-14, 

61, 55, 0, 3.51945e-14, 

61, 56, 0, 3.08968e-14, 

61, 57, 0, 2.83116e-14, 

61, 58, 0, 2.68365e-14, 

61, 59, 0, 2.59469e-14, 

61, 60, 0, 2.51905e-14, 

61, 61, 0, 2.42011e-14, 

61, 62, 0, 2.27318e-14, 

61, 63, 0, 2.06877e-14, 

61, 64, 0, 1.81348e-14, 

61, 65, 0, 1.52682e-14, 

61, 66, 0, 1.23466e-14, 

61, 67, 0, 9.61631e-15, 

61, 68, 0, 7.25433e-15, 

61, 69, 0, 5.34568e-15, 

61, 70, 0, 3.89355e-15, 

61, 71, 0, 2.84762e-15, 

61, 72, 0, 2.13474e-15, 

61, 73, 0, 1.68229e-15, 

61, 74, 0, 1.4314e-15, 

61, 75, 0, 1.34203e-15, 

61, 76, 0, 1.39265e-15, 

61, 77, 0, 1.57714e-15, 

61, 78, 0, 1.89993e-15, 

61, 79, 0, 2.36949e-15, 

61, 80, 0, 2.99039e-15, 

61, 81, 0, 3.75469e-15, 

61, 82, 0, 4.63503e-15, 

61, 83, 0, 5.58243e-15, 

61, 84, 0, 6.53157e-15, 

61, 85, 0, 7.41391e-15, 

61, 86, 0, 8.17524e-15, 

61, 87, 0, 8.79206e-15, 

61, 88, 0, 9.2813e-15, 

61, 89, 0, 9.70123e-15, 

61, 90, 0, 1.01458e-14, 

61, 91, 0, 1.07381e-14, 

61, 92, 0, 1.16288e-14, 

61, 93, 0, 1.30072e-14, 

61, 94, 0, 1.51319e-14, 

61, 95, 0, 1.84043e-14, 

61, 96, 0, 2.35418e-14, 

61, 97, 0, 3.20162e-14, 

61, 98, 0, 4.72324e-14, 

61, 99, 0, 7.78227e-14, 

61, 100, 0, 1.47117e-13, 

61, 101, 0, 3.20866e-13, 

61, 102, 0, 7.8926e-13, 

61, 103, 0, 2.11053e-12, 

61, 104, 0, 5.93185e-12, 

61, 105, 0, 1.70994e-11, 

61, 106, 0, 4.97129e-11, 

61, 107, 0, 1.43989e-10, 

61, 108, 0, 4.11303e-10, 

61, 109, 0, 1.14781e-09, 

61, 110, 0, 3.09975e-09, 

61, 111, 0, 8.02073e-09, 

61, 112, 0, 1.9674e-08, 

61, 113, 0, 4.52182e-08, 

61, 114, 0, 9.61317e-08, 

61, 115, 0, 1.86256e-07, 

61, 116, 0, 3.23009e-07, 

61, 117, 0, 4.89479e-07, 

61, 118, 0, 6.24557e-07, 

61, 119, 0, 6.24557e-07, 

62, 0, 0, 2.46632e-05, 

62, 1, 0, 2.46632e-05, 

62, 2, 0, 1.99244e-05, 

62, 3, 0, 1.39773e-05, 

62, 4, 0, 8.85293e-06, 

62, 5, 0, 5.19533e-06, 

62, 6, 0, 2.88003e-06, 

62, 7, 0, 1.53146e-06, 

62, 8, 0, 7.90981e-07, 

62, 9, 0, 4.00808e-07, 

62, 10, 0, 2.00814e-07, 

62, 11, 0, 1.00038e-07, 

62, 12, 0, 4.97243e-08, 

62, 13, 0, 2.47024e-08, 

62, 14, 0, 1.22682e-08, 

62, 15, 0, 6.08656e-09, 

62, 16, 0, 3.01306e-09, 

62, 17, 0, 1.48656e-09, 

62, 18, 0, 7.30398e-10, 

62, 19, 0, 3.5733e-10, 

62, 20, 0, 1.74162e-10, 

62, 21, 0, 8.46765e-11, 

62, 22, 0, 4.11486e-11, 

62, 23, 0, 2.00383e-11, 

62, 24, 0, 9.8108e-12, 

62, 25, 0, 4.84918e-12, 

62, 26, 0, 2.43258e-12, 

62, 27, 0, 1.24771e-12, 

62, 28, 0, 6.616e-13, 

62, 29, 0, 3.68983e-13, 

62, 30, 0, 2.22313e-13, 

62, 31, 0, 1.50121e-13, 

62, 32, 0, 1.17872e-13, 

62, 33, 0, 1.09204e-13, 

62, 34, 0, 1.16864e-13, 

62, 35, 0, 1.38252e-13, 

62, 36, 0, 1.73048e-13, 

62, 37, 0, 2.21696e-13, 

62, 38, 0, 2.84154e-13, 

62, 39, 0, 3.58717e-13, 

62, 40, 0, 4.41041e-13, 

62, 41, 0, 5.23721e-13, 

62, 42, 0, 5.96858e-13, 

62, 43, 0, 6.49792e-13, 

62, 44, 0, 6.73708e-13, 

62, 45, 0, 6.64221e-13, 

62, 46, 0, 6.22844e-13, 

62, 47, 0, 5.56611e-13, 

62, 48, 0, 4.75971e-13, 

62, 49, 0, 3.91892e-13, 

62, 50, 0, 3.13355e-13, 

62, 51, 0, 2.4603e-13, 

62, 52, 0, 1.92242e-13, 

62, 53, 0, 1.5177e-13, 

62, 54, 0, 1.22918e-13, 

62, 55, 0, 1.03417e-13, 

62, 56, 0, 9.09793e-14, 

62, 57, 0, 8.35523e-14, 

62, 58, 0, 7.93542e-14, 

62, 59, 0, 7.68393e-14, 

62, 60, 0, 7.46761e-14, 

62, 61, 0, 7.17897e-14, 

62, 62, 0, 6.74591e-14, 

62, 63, 0, 6.14147e-14, 

62, 64, 0, 5.38611e-14, 

62, 65, 0, 4.53814e-14, 

62, 66, 0, 3.6742e-14, 

62, 67, 0, 2.86691e-14, 

62, 68, 0, 2.16824e-14, 

62, 69, 0, 1.60313e-14, 

62, 70, 0, 1.17255e-14, 

62, 71, 0, 8.61838e-15, 

62, 72, 0, 6.49664e-15, 

62, 73, 0, 5.14852e-15, 

62, 74, 0, 4.40263e-15, 

62, 75, 0, 4.14275e-15, 

62, 76, 0, 4.30734e-15, 

62, 77, 0, 4.88062e-15, 

62, 78, 0, 5.87807e-15, 

62, 79, 0, 7.3271e-15, 

62, 80, 0, 9.24297e-15, 

62, 81, 0, 1.16027e-14, 

62, 82, 0, 1.43237e-14, 

62, 83, 0, 1.72574e-14, 

62, 84, 0, 2.02047e-14, 

62, 85, 0, 2.29557e-14, 

62, 86, 0, 2.53436e-14, 

62, 87, 0, 2.72942e-14, 

62, 88, 0, 2.88562e-14, 

62, 89, 0, 3.02036e-14, 

62, 90, 0, 3.16179e-14, 

62, 91, 0, 3.34661e-14, 

62, 92, 0, 3.6192e-14, 

62, 93, 0, 4.03384e-14, 

62, 94, 0, 4.66204e-14, 

62, 95, 0, 5.60939e-14, 

62, 96, 0, 7.05451e-14, 

62, 97, 0, 9.34429e-14, 

62, 98, 0, 1.32423e-13, 

62, 99, 0, 2.06042e-13, 

62, 100, 0, 3.62691e-13, 

62, 101, 0, 7.34684e-13, 

62, 102, 0, 1.69496e-12, 

62, 103, 0, 4.31375e-12, 

62, 104, 0, 1.16874e-11, 

62, 105, 0, 3.27665e-11, 

62, 106, 0, 9.31825e-11, 

62, 107, 0, 2.64985e-10, 

62, 108, 0, 7.45004e-10, 

62, 109, 0, 2.04994e-09, 

62, 110, 0, 5.46587e-09, 

62, 111, 0, 1.3979e-08, 

62, 112, 0, 3.39229e-08, 

62, 113, 0, 7.72031e-08, 

62, 114, 0, 1.62666e-07, 

62, 115, 0, 3.12659e-07, 

62, 116, 0, 5.38514e-07, 

62, 117, 0, 8.11632e-07, 

62, 118, 0, 1.03207e-06, 

62, 119, 0, 1.03207e-06, 

63, 0, 0, 4.81339e-05, 

63, 1, 0, 4.81339e-05, 

63, 2, 0, 3.91283e-05, 

63, 3, 0, 2.77262e-05, 

63, 4, 0, 1.77867e-05, 

63, 5, 0, 1.05936e-05, 

63, 6, 0, 5.96891e-06, 

63, 7, 0, 3.22935e-06, 

63, 8, 0, 1.69798e-06, 

63, 9, 0, 8.76036e-07, 

63, 10, 0, 4.46773e-07, 

63, 11, 0, 2.26411e-07, 

63, 12, 0, 1.14382e-07, 

63, 13, 0, 5.76948e-08, 

63, 14, 0, 2.90612e-08, 

63, 15, 0, 1.46087e-08, 

63, 16, 0, 7.32131e-09, 

63, 17, 0, 3.65458e-09, 

63, 18, 0, 1.81601e-09, 

63, 19, 0, 8.98346e-10, 

63, 20, 0, 4.42711e-10, 

63, 21, 0, 2.17643e-10, 

63, 22, 0, 1.06952e-10, 

63, 23, 0, 5.26738e-11, 

63, 24, 0, 2.60845e-11, 

63, 25, 0, 1.30423e-11, 

63, 26, 0, 6.62034e-12, 

63, 27, 0, 3.43786e-12, 

63, 28, 0, 1.84744e-12, 

63, 29, 0, 1.04595e-12, 

63, 30, 0, 6.4116e-13, 

63, 31, 0, 4.41302e-13, 

63, 32, 0, 3.53026e-13, 

63, 33, 0, 3.31957e-13, 

63, 34, 0, 3.58579e-13, 

63, 35, 0, 4.26187e-13, 

63, 36, 0, 5.34328e-13, 

63, 37, 0, 6.8444e-13, 

63, 38, 0, 8.76104e-13, 

63, 39, 0, 1.1035e-12, 

63, 40, 0, 1.35252e-12, 

63, 41, 0, 1.59975e-12, 

63, 42, 0, 1.81457e-12, 

63, 43, 0, 1.96487e-12, 

63, 44, 0, 2.02511e-12, 

63, 45, 0, 1.98407e-12, 

63, 46, 0, 1.84857e-12, 

63, 47, 0, 1.64165e-12, 

63, 48, 0, 1.39561e-12, 

63, 49, 0, 1.14315e-12, 

63, 50, 0, 9.10216e-13, 

63, 51, 0, 7.12501e-13, 

63, 52, 0, 5.55805e-13, 

63, 53, 0, 4.38678e-13, 

63, 54, 0, 3.55645e-13, 

63, 55, 0, 2.99806e-13, 

63, 56, 0, 2.64391e-13, 

63, 57, 0, 2.43394e-13, 

63, 58, 0, 2.3164e-13, 

63, 59, 0, 2.24645e-13, 

63, 60, 0, 2.18551e-13, 

63, 61, 0, 2.10246e-13, 

63, 62, 0, 1.97656e-13, 

63, 63, 0, 1.80026e-13, 

63, 64, 0, 1.57978e-13, 

63, 65, 0, 1.3323e-13, 

63, 66, 0, 1.08018e-13, 

63, 67, 0, 8.44551e-14, 

63, 68, 0, 6.40483e-14, 

63, 69, 0, 4.75219e-14, 

63, 70, 0, 3.49073e-14, 

63, 71, 0, 2.57849e-14, 

63, 72, 0, 1.95419e-14, 

63, 73, 0, 1.55694e-14, 

63, 74, 0, 1.33744e-14, 

63, 75, 0, 1.26238e-14, 

63, 76, 0, 1.31436e-14, 

63, 77, 0, 1.48937e-14, 

63, 78, 0, 1.79261e-14, 

63, 79, 0, 2.23273e-14, 

63, 80, 0, 2.81472e-14, 

63, 81, 0, 3.53206e-14, 

63, 82, 0, 4.36033e-14, 

63, 83, 0, 5.25512e-14, 

63, 84, 0, 6.15671e-14, 

63, 85, 0, 7.00188e-14, 

63, 86, 0, 7.74002e-14, 

63, 87, 0, 8.3481e-14, 

63, 88, 0, 8.83976e-14, 

63, 89, 0, 9.26609e-14, 

63, 90, 0, 9.71017e-14, 

63, 91, 0, 1.02798e-13, 

63, 92, 0, 1.1104e-13, 

63, 93, 0, 1.23367e-13, 

63, 94, 0, 1.41736e-13, 

63, 95, 0, 1.68909e-13, 

63, 96, 0, 2.09313e-13, 

63, 97, 0, 2.71105e-13, 

63, 98, 0, 3.71391e-13, 

63, 99, 0, 5.50026e-13, 

63, 100, 0, 9.07253e-13, 

63, 101, 0, 1.70871e-12, 

63, 102, 0, 3.68299e-12, 

63, 103, 0, 8.87175e-12, 

63, 104, 0, 2.30593e-11, 

63, 105, 0, 6.26593e-11, 

63, 106, 0, 1.73897e-10, 

63, 107, 0, 4.84753e-10, 

63, 108, 0, 1.33999e-09, 

63, 109, 0, 3.63281e-09, 

63, 110, 0, 9.55888e-09, 

63, 111, 0, 2.41556e-08, 

63, 112, 0, 5.79821e-08, 

63, 113, 0, 1.30653e-07, 

63, 114, 0, 2.72825e-07, 

63, 115, 0, 5.2024e-07, 

63, 116, 0, 8.89979e-07, 

63, 117, 0, 1.33418e-06, 

63, 118, 0, 1.69085e-06, 

63, 119, 0, 1.69085e-06, 

64, 0, 0, 9.23133e-05, 

64, 1, 0, 9.23133e-05, 

64, 2, 0, 7.55194e-05, 

64, 3, 0, 5.40631e-05, 

64, 4, 0, 3.51354e-05, 

64, 5, 0, 2.12428e-05, 

64, 6, 0, 1.21678e-05, 

64, 7, 0, 6.69873e-06, 

64, 8, 0, 3.58572e-06, 

64, 9, 0, 1.88341e-06, 

64, 10, 0, 9.77515e-07, 

64, 11, 0, 5.0377e-07, 

64, 12, 0, 2.58568e-07, 

64, 13, 0, 1.3236e-07, 

64, 14, 0, 6.75878e-08, 

64, 15, 0, 3.44095e-08, 

64, 16, 0, 1.74515e-08, 

64, 17, 0, 8.81099e-09, 

64, 18, 0, 4.42704e-09, 

64, 19, 0, 2.21412e-09, 

64, 20, 0, 1.1032e-09, 

64, 21, 0, 5.48409e-10, 

64, 22, 0, 2.72547e-10, 

64, 23, 0, 1.35769e-10, 

64, 24, 0, 6.80157e-11, 

64, 25, 0, 3.44097e-11, 

64, 26, 0, 1.76784e-11, 

64, 27, 0, 9.29711e-12, 

64, 28, 0, 5.06521e-12, 

64, 29, 0, 2.91241e-12, 

64, 30, 0, 1.81705e-12, 

64, 31, 0, 1.27488e-12, 

64, 32, 0, 1.03869e-12, 

64, 33, 0, 9.90631e-13, 

64, 34, 0, 1.07938e-12, 

64, 35, 0, 1.28818e-12, 

64, 36, 0, 1.61706e-12, 

64, 37, 0, 2.07045e-12, 

64, 38, 0, 2.6462e-12, 

64, 39, 0, 3.32509e-12, 

64, 40, 0, 4.06256e-12, 

64, 41, 0, 4.7864e-12, 

64, 42, 0, 5.40421e-12, 

64, 43, 0, 5.82148e-12, 

64, 44, 0, 5.96617e-12, 

64, 45, 0, 5.81077e-12, 

64, 46, 0, 5.38182e-12, 

64, 47, 0, 4.75209e-12, 

64, 48, 0, 4.01873e-12, 

64, 49, 0, 3.27702e-12, 

64, 50, 0, 2.60018e-12, 

64, 51, 0, 2.03073e-12, 

64, 52, 0, 1.58262e-12, 

64, 53, 0, 1.24959e-12, 

64, 54, 0, 1.01465e-12, 

64, 55, 0, 8.57369e-13, 

64, 56, 0, 7.58132e-13, 

64, 57, 0, 6.9971e-13, 

64, 58, 0, 6.67325e-13, 

64, 59, 0, 6.48183e-13, 

64, 60, 0, 6.31269e-13, 

64, 61, 0, 6.07712e-13, 

64, 62, 0, 5.71627e-13, 

64, 63, 0, 5.20924e-13, 

64, 64, 0, 4.57464e-13, 

64, 65, 0, 3.86223e-13, 

64, 66, 0, 3.13638e-13, 

64, 67, 0, 2.45766e-13, 

64, 68, 0, 1.86927e-13, 

64, 69, 0, 1.39202e-13, 

64, 70, 0, 1.02698e-13, 

64, 71, 0, 7.62353e-14, 

64, 72, 0, 5.80807e-14, 

64, 73, 0, 4.65069e-14, 

64, 74, 0, 4.01149e-14, 

64, 75, 0, 3.79611e-14, 

64, 76, 0, 3.95589e-14, 

64, 77, 0, 4.48087e-14, 

64, 78, 0, 5.38775e-14, 

64, 79, 0, 6.70338e-14, 

64, 80, 0, 8.44367e-14, 

64, 81, 0, 1.05906e-13, 

64, 82, 0, 1.30732e-13, 

64, 83, 0, 1.5761e-13, 

64, 84, 0, 1.84778e-13, 

64, 85, 0, 2.1036e-13, 

64, 86, 0, 2.32844e-13, 

64, 87, 0, 2.51525e-13, 

64, 88, 0, 2.66774e-13, 

64, 89, 0, 2.80069e-13, 

64, 90, 0, 2.93822e-13, 

64, 91, 0, 3.11154e-13, 

64, 92, 0, 3.35755e-13, 

64, 93, 0, 3.7194e-13, 

64, 94, 0, 4.2501e-13, 

64, 95, 0, 5.02112e-13, 

64, 96, 0, 6.14142e-13, 

64, 97, 0, 7.80174e-13, 

64, 98, 0, 1.03838e-12, 

64, 99, 0, 1.47417e-12, 

64, 100, 0, 2.29482e-12, 

64, 101, 0, 4.03243e-12, 

64, 102, 0, 8.10577e-12, 

64, 103, 0, 1.83921e-11, 

64, 104, 0, 4.56358e-11, 

64, 105, 0, 1.19733e-10, 

64, 106, 0, 3.23416e-10, 

64, 107, 0, 8.82135e-10, 

64, 108, 0, 2.39445e-09, 

64, 109, 0, 6.39033e-09, 

64, 110, 0, 1.65832e-08, 

64, 111, 0, 4.13897e-08, 

64, 112, 0, 9.82459e-08, 

64, 113, 0, 2.1916e-07, 

64, 114, 0, 4.53528e-07, 

64, 115, 0, 8.5797e-07, 

64, 116, 0, 1.45787e-06, 

64, 117, 0, 2.174e-06, 

64, 118, 0, 2.74605e-06, 

64, 119, 0, 2.74605e-06, 

65, 0, 0, 0.000173809, 

65, 1, 0, 0.000173809, 

65, 2, 0, 0.00014311, 

65, 3, 0, 0.000103523, 

65, 4, 0, 6.81734e-05, 

65, 5, 0, 4.18502e-05, 

65, 6, 0, 2.43743e-05, 

65, 7, 0, 1.36562e-05, 

65, 8, 0, 7.44217e-06, 

65, 9, 0, 3.97942e-06, 

65, 10, 0, 2.10153e-06, 

65, 11, 0, 1.10109e-06, 

65, 12, 0, 5.73977e-07, 

65, 13, 0, 2.98067e-07, 

65, 14, 0, 1.54238e-07, 

65, 15, 0, 7.94986e-08, 

65, 16, 0, 4.07907e-08, 

65, 17, 0, 2.08255e-08, 

65, 18, 0, 1.05786e-08, 

65, 19, 0, 5.3487e-09, 

65, 20, 0, 2.6945e-09, 

65, 21, 0, 1.35452e-09, 

65, 22, 0, 6.80873e-10, 

65, 23, 0, 3.43126e-10, 

65, 24, 0, 1.73928e-10, 

65, 25, 0, 8.90531e-11, 

65, 26, 0, 4.6321e-11, 

65, 27, 0, 2.46797e-11, 

65, 28, 0, 1.36379e-11, 

65, 29, 0, 7.96749e-12, 

65, 30, 0, 5.06126e-12, 

65, 31, 0, 3.62014e-12, 

65, 32, 0, 3.00267e-12, 

65, 33, 0, 2.90252e-12, 

65, 34, 0, 3.18775e-12, 

65, 35, 0, 3.81793e-12, 

65, 36, 0, 4.79656e-12, 

65, 37, 0, 6.13667e-12, 

65, 38, 0, 7.82923e-12, 

65, 39, 0, 9.81275e-12, 

65, 40, 0, 1.19503e-11, 

65, 41, 0, 1.40247e-11, 

65, 42, 0, 1.5764e-11, 

65, 43, 0, 1.68967e-11, 

65, 44, 0, 1.72244e-11, 

65, 45, 0, 1.66836e-11, 

65, 46, 0, 1.53679e-11, 

65, 47, 0, 1.34999e-11, 

65, 48, 0, 1.13641e-11, 

65, 49, 0, 9.23155e-12, 

65, 50, 0, 7.30457e-12, 

65, 51, 0, 5.69588e-12, 

65, 52, 0, 4.43777e-12, 

65, 53, 0, 3.5074e-12, 

65, 54, 0, 2.85378e-12, 

65, 55, 0, 2.41797e-12, 

65, 56, 0, 2.14431e-12, 

65, 57, 0, 1.98432e-12, 

65, 58, 0, 1.89653e-12, 

65, 59, 0, 1.845e-12, 

65, 60, 0, 1.79877e-12, 

65, 61, 0, 1.73293e-12, 

65, 62, 0, 1.63102e-12, 

65, 63, 0, 1.48733e-12, 

65, 64, 0, 1.30731e-12, 

65, 65, 0, 1.10514e-12, 

65, 66, 0, 8.99065e-13, 

65, 67, 0, 7.06216e-13, 

65, 68, 0, 5.38811e-13, 

65, 69, 0, 4.02769e-13, 

65, 70, 0, 2.98466e-13, 

65, 71, 0, 2.22649e-13, 

65, 72, 0, 1.70492e-13, 

65, 73, 0, 1.37166e-13, 

65, 74, 0, 1.18754e-13, 

65, 75, 0, 1.12615e-13, 

65, 76, 0, 1.17402e-13, 

65, 77, 0, 1.32874e-13, 

65, 78, 0, 1.59551e-13, 

65, 79, 0, 1.98248e-13, 

65, 80, 0, 2.49464e-13, 

65, 81, 0, 3.12714e-13, 

65, 82, 0, 3.85972e-13, 

65, 83, 0, 4.65472e-13, 

65, 84, 0, 5.46093e-13, 

65, 85, 0, 6.22363e-13, 

65, 86, 0, 6.89827e-13, 

65, 87, 0, 7.46358e-13, 

65, 88, 0, 7.92946e-13, 

65, 89, 0, 8.33779e-13, 

65, 90, 0, 8.75748e-13, 

65, 91, 0, 9.27753e-13, 

65, 92, 0, 1.0002e-12, 

65, 93, 0, 1.105e-12, 

65, 94, 0, 1.25632e-12, 

65, 95, 0, 1.47245e-12, 

65, 96, 0, 1.7799e-12, 

65, 97, 0, 2.22285e-12, 

65, 98, 0, 2.88589e-12, 

65, 99, 0, 3.95122e-12, 

65, 100, 0, 5.84618e-12, 

65, 101, 0, 9.63389e-12, 

65, 102, 0, 1.80684e-11, 

65, 103, 0, 3.84822e-11, 

65, 104, 0, 9.07264e-11, 

65, 105, 0, 2.28906e-10, 

65, 106, 0, 6.00008e-10, 

65, 107, 0, 1.59798e-09, 

65, 108, 0, 4.25307e-09, 

65, 109, 0, 1.11621e-08, 

65, 110, 0, 2.85467e-08, 

65, 111, 0, 7.03357e-08, 

65, 112, 0, 1.65044e-07, 

65, 113, 0, 3.64401e-07, 

65, 114, 0, 7.47234e-07, 

65, 115, 0, 1.40237e-06, 

65, 116, 0, 2.36698e-06, 

65, 117, 0, 3.51125e-06, 

65, 118, 0, 4.42076e-06, 

65, 119, 0, 4.42076e-06, 

66, 0, 0, 0.000321013, 

66, 1, 0, 0.000321013, 

66, 2, 0, 0.000266054, 

66, 3, 0, 0.00019451, 

66, 4, 0, 0.000129825, 

66, 5, 0, 8.09395e-05, 

66, 6, 0, 4.79424e-05, 

66, 7, 0, 2.73403e-05, 

66, 8, 0, 1.517e-05, 

66, 9, 0, 8.25736e-06, 

66, 10, 0, 4.43645e-06, 

66, 11, 0, 2.3627e-06, 

66, 12, 0, 1.2505e-06, 

66, 13, 0, 6.58575e-07, 

66, 14, 0, 3.45235e-07, 

66, 15, 0, 1.80103e-07, 

66, 16, 0, 9.34699e-08, 

66, 17, 0, 4.82484e-08, 

66, 18, 0, 2.47755e-08, 

66, 19, 0, 1.26638e-08, 

66, 20, 0, 6.45042e-09, 

66, 21, 0, 3.2794e-09, 

66, 22, 0, 1.66756e-09, 

66, 23, 0, 8.50315e-10, 

66, 24, 0, 4.3622e-10, 

66, 25, 0, 2.26106e-10, 

66, 26, 0, 1.19112e-10, 

66, 27, 0, 6.43205e-11, 

66, 28, 0, 3.60678e-11, 

66, 29, 0, 2.14205e-11, 

66, 30, 0, 1.38597e-11, 

66, 31, 0, 1.01062e-11, 

66, 32, 0, 8.5298e-12, 

66, 33, 0, 8.35077e-12, 

66, 34, 0, 9.23773e-12, 

66, 35, 0, 1.10965e-11, 

66, 36, 0, 1.39455e-11, 

66, 37, 0, 1.78212e-11, 

66, 38, 0, 2.26893e-11, 

66, 39, 0, 2.83592e-11, 

66, 40, 0, 3.44209e-11, 

66, 41, 0, 4.02386e-11, 

66, 42, 0, 4.50308e-11, 

66, 43, 0, 4.80363e-11, 

66, 44, 0, 4.87226e-11, 

66, 45, 0, 4.69531e-11, 

66, 46, 0, 4.30369e-11, 

66, 47, 0, 3.76332e-11, 

66, 48, 0, 3.15541e-11, 

66, 49, 0, 2.55529e-11, 

66, 50, 0, 2.0177e-11, 

66, 51, 0, 1.57194e-11, 

66, 52, 0, 1.22516e-11, 

66, 53, 0, 9.69783e-12, 

66, 54, 0, 7.91004e-12, 

66, 55, 0, 6.7222e-12, 

66, 56, 0, 5.97963e-12, 

66, 57, 0, 5.54848e-12, 

66, 58, 0, 5.31432e-12, 

66, 59, 0, 5.17792e-12, 

66, 60, 0, 5.05359e-12, 

66, 61, 0, 4.87241e-12, 

66, 62, 0, 4.58903e-12, 

66, 63, 0, 4.18805e-12, 

66, 64, 0, 3.68507e-12, 

66, 65, 0, 3.11982e-12, 

66, 66, 0, 2.54321e-12, 

66, 67, 0, 2.00297e-12, 

66, 68, 0, 1.53321e-12, 

66, 69, 0, 1.15061e-12, 

66, 70, 0, 8.56476e-13, 

66, 71, 0, 6.42035e-13, 

66, 72, 0, 4.94067e-13, 

66, 73, 0, 3.99275e-13, 

66, 74, 0, 3.46836e-13, 

66, 75, 0, 3.29458e-13, 

66, 76, 0, 3.43457e-13, 

66, 77, 0, 3.8825e-13, 

66, 78, 0, 4.6542e-13, 

66, 79, 0, 5.77387e-13, 

66, 80, 0, 7.25685e-13, 

66, 81, 0, 9.0905e-13, 

66, 82, 0, 1.1218e-12, 

66, 83, 0, 1.35325e-12, 

66, 84, 0, 1.58878e-12, 

66, 85, 0, 1.81266e-12, 

66, 86, 0, 2.01198e-12, 

66, 87, 0, 2.18041e-12, 

66, 88, 0, 2.3205e-12, 

66, 89, 0, 2.44392e-12, 

66, 90, 0, 2.57004e-12, 

66, 91, 0, 2.72379e-12, 

66, 92, 0, 2.93406e-12, 

66, 93, 0, 3.23326e-12, 

66, 94, 0, 3.65869e-12, 

66, 95, 0, 4.25641e-12, 

66, 96, 0, 5.09e-12, 

66, 97, 0, 6.26035e-12, 

66, 98, 0, 7.95292e-12, 

66, 99, 0, 1.05535e-11, 

66, 100, 0, 1.4939e-11, 

66, 101, 0, 2.32266e-11, 

66, 102, 0, 4.07446e-11, 

66, 103, 0, 8.13033e-11, 

66, 104, 0, 1.81392e-10, 

66, 105, 0, 4.38325e-10, 

66, 106, 0, 1.1114e-09, 

66, 107, 0, 2.88359e-09, 

66, 108, 0, 7.51305e-09, 

66, 109, 0, 1.93681e-08, 

66, 110, 0, 4.87753e-08, 

66, 111, 0, 1.18566e-07, 

66, 112, 0, 2.74922e-07, 

66, 113, 0, 6.00638e-07, 

66, 114, 0, 1.22029e-06, 

66, 115, 0, 2.27187e-06, 

66, 116, 0, 3.80894e-06, 

66, 117, 0, 5.62108e-06, 

66, 118, 0, 7.05446e-06, 

66, 119, 0, 7.05446e-06, 

67, 0, 0, 0.000581188, 

67, 1, 0, 0.000581188, 

67, 2, 0, 0.000484914, 

67, 3, 0, 0.000358367, 

67, 4, 0, 0.000242486, 

67, 5, 0, 0.000153575, 

67, 6, 0, 9.2535e-05, 

67, 7, 0, 5.37214e-05, 

67, 8, 0, 3.03517e-05, 

67, 9, 0, 1.6818e-05, 

67, 10, 0, 9.19188e-06, 

67, 11, 0, 4.97493e-06, 

67, 12, 0, 2.67284e-06, 

67, 13, 0, 1.42723e-06, 

67, 14, 0, 7.57768e-07, 

67, 15, 0, 4.00034e-07, 

67, 16, 0, 2.09959e-07, 

67, 17, 0, 1.09567e-07, 

67, 18, 0, 5.6874e-08, 

67, 19, 0, 2.93892e-08, 

67, 20, 0, 1.51371e-08, 

67, 21, 0, 7.78395e-09, 

67, 22, 0, 4.00467e-09, 

67, 23, 0, 2.06662e-09, 

67, 24, 0, 1.07325e-09, 

67, 25, 0, 5.63333e-10, 

67, 26, 0, 3.00661e-10, 

67, 27, 0, 1.64624e-10, 

67, 28, 0, 9.37223e-11, 

67, 29, 0, 5.66118e-11, 

67, 30, 0, 3.73218e-11, 

67, 31, 0, 2.77428e-11, 

67, 32, 0, 2.38148e-11, 

67, 33, 0, 2.35951e-11, 

67, 34, 0, 2.62704e-11, 

67, 35, 0, 3.163e-11, 

67, 36, 0, 3.97438e-11, 

67, 37, 0, 5.07093e-11, 

67, 38, 0, 6.44056e-11, 

67, 39, 0, 8.02582e-11, 

67, 40, 0, 9.70724e-11, 

67, 41, 0, 1.13033e-10, 

67, 42, 0, 1.25952e-10, 

67, 43, 0, 1.33745e-10, 

67, 44, 0, 1.35018e-10, 

67, 45, 0, 1.29508e-10, 

67, 46, 0, 1.18181e-10, 

67, 47, 0, 1.0293e-10, 

67, 48, 0, 8.60167e-11, 

67, 49, 0, 6.94864e-11, 

67, 50, 0, 5.479e-11, 

67, 51, 0, 4.26742e-11, 

67, 52, 0, 3.32907e-11, 

67, 53, 0, 2.64043e-11, 

67, 54, 0, 2.15974e-11, 

67, 55, 0, 1.84133e-11, 

67, 56, 0, 1.64311e-11, 

67, 57, 0, 1.5288e-11, 

67, 58, 0, 1.46738e-11, 

67, 59, 0, 1.43189e-11, 

67, 60, 0, 1.39902e-11, 

67, 61, 0, 1.34998e-11, 

67, 62, 0, 1.27247e-11, 

67, 63, 0, 1.16238e-11, 

67, 64, 0, 1.02406e-11, 

67, 65, 0, 8.68463e-12, 

67, 66, 0, 7.0955e-12, 

67, 67, 0, 5.60423e-12, 

67, 68, 0, 4.30479e-12, 

67, 69, 0, 3.24371e-12, 

67, 70, 0, 2.42553e-12, 

67, 71, 0, 1.82707e-12, 

67, 72, 0, 1.41276e-12, 

67, 73, 0, 1.14655e-12, 

67, 74, 0, 9.98966e-13, 

67, 75, 0, 9.5014e-13, 

67, 76, 0, 9.90102e-13, 

67, 77, 0, 1.11747e-12, 

67, 78, 0, 1.33691e-12, 

67, 79, 0, 1.65549e-12, 

67, 80, 0, 2.07781e-12, 

67, 81, 0, 2.60068e-12, 

67, 82, 0, 3.20847e-12, 

67, 83, 0, 3.87142e-12, 

67, 84, 0, 4.54844e-12, 

67, 85, 0, 5.19509e-12, 

67, 86, 0, 5.77455e-12, 

67, 87, 0, 6.2683e-12, 

67, 88, 0, 6.68263e-12, 

67, 89, 0, 7.04948e-12, 

67, 90, 0, 7.42228e-12, 

67, 91, 0, 7.86978e-12, 

67, 92, 0, 8.4708e-12, 

67, 93, 0, 9.31203e-12, 

67, 94, 0, 1.049e-11, 

67, 95, 0, 1.21189e-11, 

67, 96, 0, 1.4348e-11, 

67, 97, 0, 1.74036e-11, 

67, 98, 0, 2.16858e-11, 

67, 99, 0, 2.80028e-11, 

67, 100, 0, 3.81419e-11, 

67, 101, 0, 5.63007e-11, 

67, 102, 0, 9.27491e-11, 

67, 103, 0, 1.7339e-10, 

67, 104, 0, 3.64958e-10, 

67, 105, 0, 8.4143e-10, 

67, 106, 0, 2.05706e-09, 

67, 107, 0, 5.18675e-09, 

67, 108, 0, 1.32059e-08, 

67, 109, 0, 3.33974e-08, 

67, 110, 0, 8.27433e-08, 

67, 111, 0, 1.98312e-07, 

67, 112, 0, 4.54177e-07, 

67, 113, 0, 9.81567e-07, 

67, 114, 0, 1.97544e-06, 

67, 115, 0, 3.64808e-06, 

67, 116, 0, 6.07531e-06, 

67, 117, 0, 8.91965e-06, 

67, 118, 0, 1.11589e-05, 

67, 119, 0, 1.11589e-05, 

68, 0, 0, 0.00103085, 

68, 1, 0, 0.00103085, 

68, 2, 0, 0.000865958, 

68, 3, 0, 0.00064706, 

68, 4, 0, 0.000443978, 

68, 5, 0, 0.000285723, 

68, 6, 0, 0.000175171, 

68, 7, 0, 0.000103549, 

68, 8, 0, 5.95779e-05, 

68, 9, 0, 3.36064e-05, 

68, 10, 0, 1.86839e-05, 

68, 11, 0, 1.02757e-05, 

68, 12, 0, 5.60329e-06, 

68, 13, 0, 3.03316e-06, 

68, 14, 0, 1.63083e-06, 

68, 15, 0, 8.71115e-07, 

68, 16, 0, 4.6235e-07, 

68, 17, 0, 2.43919e-07, 

68, 18, 0, 1.27992e-07, 

68, 19, 0, 6.68684e-08, 

68, 20, 0, 3.48299e-08, 

68, 21, 0, 1.81185e-08, 

68, 22, 0, 9.43283e-09, 

68, 23, 0, 4.92746e-09, 

68, 24, 0, 2.59111e-09, 

68, 25, 0, 1.37764e-09, 

68, 26, 0, 7.45207e-10, 

68, 27, 0, 4.13909e-10, 

68, 28, 0, 2.39361e-10, 

68, 29, 0, 1.47123e-10, 

68, 30, 0, 9.88551e-11, 

68, 31, 0, 7.49012e-11, 

68, 32, 0, 6.53566e-11, 

68, 33, 0, 6.54805e-11, 

68, 34, 0, 7.33226e-11, 

68, 35, 0, 8.84314e-11, 

68, 36, 0, 1.11037e-10, 

68, 37, 0, 1.41386e-10, 

68, 38, 0, 1.79073e-10, 

68, 39, 0, 2.22417e-10, 

68, 40, 0, 2.68027e-10, 

68, 41, 0, 3.10853e-10, 

68, 42, 0, 3.44914e-10, 

68, 43, 0, 3.64653e-10, 

68, 44, 0, 3.66508e-10, 

68, 45, 0, 3.50055e-10, 

68, 46, 0, 3.1818e-10, 

68, 47, 0, 2.76173e-10, 

68, 48, 0, 2.30167e-10, 

68, 49, 0, 1.85594e-10, 

68, 50, 0, 1.46224e-10, 

68, 51, 0, 1.13925e-10, 

68, 52, 0, 8.90018e-11, 

68, 53, 0, 7.07618e-11, 

68, 54, 0, 5.80599e-11, 

68, 55, 0, 4.96681e-11, 

68, 56, 0, 4.44642e-11, 

68, 57, 0, 4.14832e-11, 

68, 58, 0, 3.98995e-11, 

68, 59, 0, 3.89931e-11, 

68, 60, 0, 3.81393e-11, 

68, 61, 0, 3.68354e-11, 

68, 62, 0, 3.47521e-11, 

68, 63, 0, 3.17807e-11, 

68, 64, 0, 2.804e-11, 

68, 65, 0, 2.38257e-11, 

68, 66, 0, 1.95146e-11, 

68, 67, 0, 1.54608e-11, 

68, 68, 0, 1.19196e-11, 

68, 69, 0, 9.01935e-12, 

68, 70, 0, 6.77554e-12, 

68, 71, 0, 5.12844e-12, 

68, 72, 0, 3.9841e-12, 

68, 73, 0, 3.24636e-12, 

68, 74, 0, 2.83619e-12, 

68, 75, 0, 2.70013e-12, 

68, 76, 0, 2.81151e-12, 

68, 77, 0, 3.16709e-12, 

68, 78, 0, 3.78027e-12, 

68, 79, 0, 4.67119e-12, 

68, 80, 0, 5.85342e-12, 

68, 81, 0, 7.31914e-12, 

68, 82, 0, 9.02623e-12, 

68, 83, 0, 1.08932e-11, 

68, 84, 0, 1.28067e-11, 

68, 85, 0, 1.46432e-11, 

68, 86, 0, 1.62996e-11, 

68, 87, 0, 1.77225e-11, 

68, 88, 0, 1.89268e-11, 

68, 89, 0, 1.99982e-11, 

68, 90, 0, 2.10813e-11, 

68, 91, 0, 2.23624e-11, 

68, 92, 0, 2.40525e-11, 

68, 93, 0, 2.63796e-11, 

68, 94, 0, 2.95889e-11, 

68, 95, 0, 3.39569e-11, 

68, 96, 0, 3.9827e-11, 

68, 97, 0, 4.76937e-11, 

68, 98, 0, 5.84022e-11, 

68, 99, 0, 7.36199e-11, 

68, 100, 0, 9.69567e-11, 

68, 101, 0, 1.36686e-10, 

68, 102, 0, 2.12515e-10, 

68, 103, 0, 3.72811e-10, 

68, 104, 0, 7.39003e-10, 

68, 105, 0, 1.62027e-09, 

68, 106, 0, 3.80695e-09, 

68, 107, 0, 9.30491e-09, 

68, 108, 0, 2.31079e-08, 

68, 109, 0, 5.72525e-08, 

68, 110, 0, 1.3941e-07, 

68, 111, 0, 3.29199e-07, 

68, 112, 0, 7.44291e-07, 

68, 113, 0, 1.59067e-06, 

68, 114, 0, 3.17049e-06, 

68, 115, 0, 5.80708e-06, 

68, 116, 0, 9.60573e-06, 

68, 117, 0, 1.40308e-05, 

68, 118, 0, 1.74986e-05, 

68, 119, 0, 1.74986e-05, 

69, 0, 0, 0.00179028, 

69, 1, 0, 0.00179028, 

69, 2, 0, 0.00151437, 

69, 3, 0, 0.00114436, 

69, 4, 0, 0.000796449, 

69, 5, 0, 0.000520975, 

69, 6, 0, 0.000325074, 

69, 7, 0, 0.000195704, 

69, 8, 0, 0.000114684, 

69, 9, 0, 6.5859e-05, 

69, 10, 0, 3.72457e-05, 

69, 11, 0, 2.08142e-05, 

69, 12, 0, 1.15187e-05, 

69, 13, 0, 6.32058e-06, 

69, 14, 0, 3.44126e-06, 

69, 15, 0, 1.85987e-06, 

69, 16, 0, 9.98257e-07, 

69, 17, 0, 5.32438e-07, 

69, 18, 0, 2.82455e-07, 

69, 19, 0, 1.49211e-07, 

69, 20, 0, 7.86081e-08, 

69, 21, 0, 4.13732e-08, 

69, 22, 0, 2.18005e-08, 

69, 23, 0, 1.15298e-08, 

69, 24, 0, 6.14061e-09, 

69, 25, 0, 3.30807e-09, 

69, 26, 0, 1.81426e-09, 

69, 27, 0, 1.02265e-09, 

69, 28, 0, 6.01019e-10, 

69, 29, 0, 3.76077e-10, 

69, 30, 0, 2.57606e-10, 

69, 31, 0, 1.98915e-10, 

69, 32, 0, 1.76323e-10, 

69, 33, 0, 1.78499e-10, 

69, 34, 0, 2.00874e-10, 

69, 35, 0, 2.42524e-10, 

69, 36, 0, 3.04141e-10, 

69, 37, 0, 3.863e-10, 

69, 38, 0, 4.87716e-10, 

69, 39, 0, 6.03591e-10, 

69, 40, 0, 7.24553e-10, 

69, 41, 0, 8.36911e-10, 

69, 42, 0, 9.24733e-10, 

69, 43, 0, 9.73544e-10, 

69, 44, 0, 9.74476e-10, 

69, 45, 0, 9.27133e-10, 

69, 46, 0, 8.39795e-10, 

69, 47, 0, 7.26821e-10, 

69, 48, 0, 6.04446e-10, 

69, 49, 0, 4.86787e-10, 

69, 50, 0, 3.83435e-10, 

69, 51, 0, 2.98991e-10, 

69, 52, 0, 2.34019e-10, 

69, 53, 0, 1.86574e-10, 

69, 54, 0, 1.53597e-10, 

69, 55, 0, 1.31859e-10, 

69, 56, 0, 1.18427e-10, 

69, 57, 0, 1.10785e-10, 

69, 58, 0, 1.06773e-10, 

69, 59, 0, 1.04502e-10, 

69, 60, 0, 1.02327e-10, 

69, 61, 0, 9.89243e-11, 

69, 62, 0, 9.34263e-11, 

69, 63, 0, 8.55485e-11, 

69, 64, 0, 7.56067e-11, 

69, 65, 0, 6.43837e-11, 

69, 66, 0, 5.28787e-11, 

69, 67, 0, 4.20331e-11, 

69, 68, 0, 3.2531e-11, 

69, 69, 0, 2.47226e-11, 

69, 70, 0, 1.86592e-11, 

69, 71, 0, 1.41912e-11, 

69, 72, 0, 1.10752e-11, 

69, 73, 0, 9.05894e-12, 

69, 74, 0, 7.93379e-12, 

69, 75, 0, 7.55804e-12, 

69, 76, 0, 7.86114e-12, 

69, 77, 0, 8.83535e-12, 

69, 78, 0, 1.05182e-11, 

69, 79, 0, 1.29657e-11, 

69, 80, 0, 1.62169e-11, 

69, 81, 0, 2.02534e-11, 

69, 82, 0, 2.49637e-11, 

69, 83, 0, 3.01288e-11, 

69, 84, 0, 3.5442e-11, 

69, 85, 0, 4.05664e-11, 

69, 86, 0, 4.52176e-11, 

69, 87, 0, 4.9245e-11, 

69, 88, 0, 5.26819e-11, 

69, 89, 0, 5.57533e-11, 

69, 90, 0, 5.88439e-11, 

69, 91, 0, 6.24474e-11, 

69, 92, 0, 6.71194e-11, 

69, 93, 0, 7.34468e-11, 

69, 94, 0, 8.204e-11, 

69, 95, 0, 9.35535e-11, 

69, 96, 0, 1.08753e-10, 

69, 97, 0, 1.28686e-10, 

69, 98, 0, 1.55089e-10, 

69, 99, 0, 1.91333e-10, 

69, 100, 0, 2.44624e-10, 

69, 101, 0, 3.31149e-10, 

69, 102, 0, 4.88527e-10, 

69, 103, 0, 8.06639e-10, 

69, 104, 0, 1.50527e-09, 

69, 105, 0, 3.13057e-09, 

69, 106, 0, 7.04832e-09, 

69, 107, 0, 1.66574e-08, 

69, 108, 0, 4.02715e-08, 

69, 109, 0, 9.76118e-08, 

69, 110, 0, 2.33364e-07, 

69, 111, 0, 5.42521e-07, 

69, 112, 0, 1.21025e-06, 

69, 113, 0, 2.55677e-06, 

69, 114, 0, 5.04586e-06, 

69, 115, 0, 9.16511e-06, 

69, 116, 0, 1.50576e-05, 

69, 117, 0, 2.18819e-05, 

69, 118, 0, 2.72061e-05, 

69, 119, 0, 2.72061e-05, 

70, 0, 0, 0.00304264, 

70, 1, 0, 0.00304264, 

70, 2, 0, 0.002592, 

70, 3, 0, 0.00198131, 

70, 4, 0, 0.00139912, 

70, 5, 0, 0.000930508, 

70, 6, 0, 0.000591091, 

70, 7, 0, 0.000362497, 

70, 8, 0, 0.000216393, 

70, 9, 0, 0.000126525, 

70, 10, 0, 7.27902e-05, 

70, 11, 0, 4.13337e-05, 

70, 12, 0, 2.3215e-05, 

70, 13, 0, 1.2913e-05, 

70, 14, 0, 7.11965e-06, 

70, 15, 0, 3.89363e-06, 

70, 16, 0, 2.11362e-06, 

70, 17, 0, 1.13989e-06, 

70, 18, 0, 6.11438e-07, 

70, 19, 0, 3.26654e-07, 

70, 20, 0, 1.74085e-07, 

70, 21, 0, 9.2718e-08, 

70, 22, 0, 4.94556e-08, 

70, 23, 0, 2.64867e-08, 

70, 24, 0, 1.42901e-08, 

70, 25, 0, 7.80243e-09, 

70, 26, 0, 4.33998e-09, 

70, 27, 0, 2.4837e-09, 

70, 28, 0, 1.48411e-09, 

70, 29, 0, 9.45782e-10, 

70, 30, 0, 6.60546e-10, 

70, 31, 0, 5.19666e-10, 

70, 32, 0, 4.67653e-10, 

70, 33, 0, 4.77988e-10, 

70, 34, 0, 5.40199e-10, 

70, 35, 0, 6.52501e-10, 

70, 36, 0, 8.16819e-10, 

70, 37, 0, 1.03439e-09, 

70, 38, 0, 1.30127e-09, 

70, 39, 0, 1.60415e-09, 

70, 40, 0, 1.91778e-09, 

70, 41, 0, 2.20596e-09, 

70, 42, 0, 2.42733e-09, 

70, 43, 0, 2.5451e-09, 

70, 44, 0, 2.53774e-09, 

70, 45, 0, 2.40599e-09, 

70, 46, 0, 2.17277e-09, 

70, 47, 0, 1.87599e-09, 

70, 48, 0, 1.55761e-09, 

70, 49, 0, 1.25352e-09, 

70, 50, 0, 9.87653e-10, 

70, 51, 0, 7.71143e-10, 

70, 52, 0, 6.04942e-10, 

70, 53, 0, 4.83774e-10, 

70, 54, 0, 3.99677e-10, 

70, 55, 0, 3.44349e-10, 

70, 56, 0, 3.10282e-10, 

70, 57, 0, 2.9103e-10, 

70, 58, 0, 2.81049e-10, 

70, 59, 0, 2.75471e-10, 

70, 60, 0, 2.70045e-10, 

70, 61, 0, 2.61339e-10, 

70, 62, 0, 2.47106e-10, 

70, 63, 0, 2.26605e-10, 

70, 64, 0, 2.00654e-10, 

70, 65, 0, 1.71285e-10, 

70, 66, 0, 1.41098e-10, 

70, 67, 0, 1.12556e-10, 

70, 68, 0, 8.74645e-11, 

70, 69, 0, 6.67678e-11, 

70, 70, 0, 5.0632e-11, 

70, 71, 0, 3.86928e-11, 

70, 72, 0, 3.03323e-11, 

70, 73, 0, 2.49011e-11, 

70, 74, 0, 2.1857e-11, 

70, 75, 0, 2.08296e-11, 

70, 76, 0, 2.16345e-11, 

70, 77, 0, 2.42527e-11, 

70, 78, 0, 2.8786e-11, 

70, 79, 0, 3.53869e-11, 

70, 80, 0, 4.41647e-11, 

70, 81, 0, 5.50769e-11, 

70, 82, 0, 6.78349e-11, 

70, 83, 0, 8.18614e-11, 

70, 84, 0, 9.63416e-11, 

70, 85, 0, 1.10374e-10, 

70, 86, 0, 1.23192e-10, 

70, 87, 0, 1.34376e-10, 

70, 88, 0, 1.43997e-10, 

70, 89, 0, 1.52633e-10, 

70, 90, 0, 1.61284e-10, 

70, 91, 0, 1.71236e-10, 

70, 92, 0, 1.8392e-10, 

70, 93, 0, 2.00816e-10, 

70, 94, 0, 2.23408e-10, 

70, 95, 0, 2.53203e-10, 

70, 96, 0, 2.91849e-10, 

70, 97, 0, 3.41473e-10, 

70, 98, 0, 4.05511e-10, 

70, 99, 0, 4.90619e-10, 

70, 100, 0, 6.10956e-10, 

70, 101, 0, 7.97925e-10, 

70, 102, 0, 1.12291e-09, 

70, 103, 0, 1.75206e-09, 

70, 104, 0, 3.08102e-09, 

70, 105, 0, 6.06869e-09, 

70, 106, 0, 1.30594e-08, 

70, 107, 0, 2.97698e-08, 

70, 108, 0, 6.99306e-08, 

70, 109, 0, 1.65582e-07, 

70, 110, 0, 3.8825e-07, 

70, 111, 0, 8.87917e-07, 

70, 112, 0, 1.95324e-06, 

70, 113, 0, 4.07734e-06, 

70, 114, 0, 7.96528e-06, 

70, 115, 0, 1.43452e-05, 

70, 116, 0, 2.34066e-05, 

70, 117, 0, 3.38406e-05, 

70, 118, 0, 4.1946e-05, 

70, 119, 0, 4.1946e-05, 

71, 0, 0, 0.00505755, 

71, 1, 0, 0.00505755, 

71, 2, 0, 0.0043397, 

71, 3, 0, 0.00335639, 

71, 4, 0, 0.00240552, 

71, 5, 0, 0.0016271, 

71, 6, 0, 0.00105255, 

71, 7, 0, 0.000657702, 

71, 8, 0, 0.000400024, 

71, 9, 0, 0.000238177, 

71, 10, 0, 0.000139406, 

71, 11, 0, 8.04455e-05, 

71, 12, 0, 4.58594e-05, 

71, 13, 0, 2.58614e-05, 

71, 14, 0, 1.44417e-05, 

71, 15, 0, 7.99325e-06, 

71, 16, 0, 4.38933e-06, 

71, 17, 0, 2.39408e-06, 

71, 18, 0, 1.29877e-06, 

71, 19, 0, 7.0184e-07, 

71, 20, 0, 3.78443e-07, 

71, 21, 0, 2.04e-07, 

71, 22, 0, 1.10168e-07, 

71, 23, 0, 5.9758e-08, 

71, 24, 0, 3.26671e-08, 

71, 25, 0, 1.80817e-08, 

71, 26, 0, 1.02038e-08, 

71, 27, 0, 5.93092e-09, 

71, 28, 0, 3.6048e-09, 

71, 29, 0, 2.3404e-09, 

71, 30, 0, 1.66675e-09, 

71, 31, 0, 1.33555e-09, 

71, 32, 0, 1.21935e-09, 

71, 33, 0, 1.25735e-09, 

71, 34, 0, 1.42608e-09, 

71, 35, 0, 1.72233e-09, 

71, 36, 0, 2.15112e-09, 

71, 37, 0, 2.71475e-09, 

71, 38, 0, 3.4016e-09, 

71, 39, 0, 4.17564e-09, 

71, 40, 0, 4.97057e-09, 

71, 41, 0, 5.69314e-09, 

71, 42, 0, 6.23851e-09, 

71, 43, 0, 6.51553e-09, 

71, 44, 0, 6.47328e-09, 

71, 45, 0, 6.11775e-09, 

71, 46, 0, 5.51027e-09, 

71, 47, 0, 4.74842e-09, 

71, 48, 0, 3.9381e-09, 

71, 49, 0, 3.16852e-09, 

71, 50, 0, 2.49832e-09, 

71, 51, 0, 1.95398e-09, 

71, 52, 0, 1.53684e-09, 

71, 53, 0, 1.23309e-09, 

71, 54, 0, 1.02251e-09, 

71, 55, 0, 8.84193e-10, 

71, 56, 0, 7.99314e-10, 

71, 57, 0, 7.51679e-10, 

71, 58, 0, 7.27317e-10, 

71, 59, 0, 7.13907e-10, 

71, 60, 0, 7.0066e-10, 

71, 61, 0, 6.78842e-10, 

71, 62, 0, 6.42716e-10, 

71, 63, 0, 5.90377e-10, 

71, 64, 0, 5.23884e-10, 

71, 65, 0, 4.48398e-10, 

71, 66, 0, 3.70564e-10, 

71, 67, 0, 2.96715e-10, 

71, 68, 0, 2.31545e-10, 

71, 69, 0, 1.77567e-10, 

71, 70, 0, 1.35301e-10, 

71, 71, 0, 1.03891e-10, 

71, 72, 0, 8.18023e-11, 

71, 73, 0, 6.73916e-11, 

71, 74, 0, 5.92736e-11, 

71, 75, 0, 5.64956e-11, 

71, 76, 0, 5.85799e-11, 

71, 77, 0, 6.54784e-11, 

71, 78, 0, 7.74587e-11, 

71, 79, 0, 9.49248e-11, 

71, 80, 0, 1.18173e-10, 

71, 81, 0, 1.4711e-10, 

71, 82, 0, 1.80999e-10, 

71, 83, 0, 2.18352e-10, 

71, 84, 0, 2.57046e-10, 

71, 85, 0, 2.9472e-10, 

71, 86, 0, 3.29344e-10, 

71, 87, 0, 3.59785e-10, 

71, 88, 0, 3.86175e-10, 

71, 89, 0, 4.09966e-10, 

71, 90, 0, 4.33707e-10, 

71, 91, 0, 4.6067e-10, 

71, 92, 0, 4.9446e-10, 

71, 93, 0, 5.38728e-10, 

71, 94, 0, 5.96994e-10, 

71, 95, 0, 6.72616e-10, 

71, 96, 0, 7.68981e-10, 

71, 97, 0, 8.90173e-10, 

71, 98, 0, 1.04267e-09, 

71, 99, 0, 1.23919e-09, 

71, 100, 0, 1.50709e-09, 

71, 101, 0, 1.90669e-09, 

71, 102, 0, 2.57255e-09, 

71, 103, 0, 3.81013e-09, 

71, 104, 0, 6.32766e-09, 

71, 105, 0, 1.17985e-08, 

71, 106, 0, 2.42196e-08, 

71, 107, 0, 5.31362e-08, 

71, 108, 0, 1.2105e-07, 

71, 109, 0, 2.79589e-07, 

71, 110, 0, 6.42258e-07, 

71, 111, 0, 1.44377e-06, 

71, 112, 0, 3.13003e-06, 

71, 113, 0, 6.45339e-06, 

71, 114, 0, 1.24757e-05, 

71, 115, 0, 2.22735e-05, 

71, 116, 0, 3.60905e-05, 

71, 117, 0, 5.19099e-05, 

71, 118, 0, 6.41476e-05, 

71, 119, 0, 6.41476e-05, 

72, 0, 0, 0.00821712, 

72, 1, 0, 0.00821712, 

72, 2, 0, 0.00710295, 

72, 3, 0, 0.00555972, 

72, 4, 0, 0.00404529, 

72, 5, 0, 0.00278373, 

72, 6, 0, 0.0018343, 

72, 7, 0, 0.00116816, 

72, 8, 0, 0.000724052, 

72, 9, 0, 0.00043908, 

72, 10, 0, 0.000261507, 

72, 11, 0, 0.000153381, 

72, 12, 0, 8.87661e-05, 

72, 13, 0, 5.07616e-05, 

72, 14, 0, 2.87178e-05, 

72, 15, 0, 1.60915e-05, 

72, 16, 0, 8.94137e-06, 

72, 17, 0, 4.93379e-06, 

72, 18, 0, 2.70769e-06, 

72, 19, 0, 1.48043e-06, 

72, 20, 0, 8.07852e-07, 

72, 21, 0, 4.40825e-07, 

72, 22, 0, 2.41063e-07, 

72, 23, 0, 1.32453e-07, 

72, 24, 0, 7.33752e-08, 

72, 25, 0, 4.11817e-08, 

72, 26, 0, 2.35839e-08, 

72, 27, 0, 1.39274e-08, 

72, 28, 0, 8.61353e-09, 

72, 29, 0, 5.69896e-09, 

72, 30, 0, 4.13853e-09, 

72, 31, 0, 3.37625e-09, 

72, 32, 0, 3.12519e-09, 

72, 33, 0, 3.24881e-09, 

72, 34, 0, 3.69567e-09, 

72, 35, 0, 4.46045e-09, 

72, 36, 0, 5.55548e-09, 

72, 37, 0, 6.98409e-09, 

72, 38, 0, 8.71301e-09, 

72, 39, 0, 1.06473e-08, 

72, 40, 0, 1.26171e-08, 

72, 41, 0, 1.4388e-08, 

72, 42, 0, 1.57011e-08, 

72, 43, 0, 1.63356e-08, 

72, 44, 0, 1.61746e-08, 

72, 45, 0, 1.52422e-08, 

72, 46, 0, 1.36977e-08, 

72, 47, 0, 1.17858e-08, 

72, 48, 0, 9.76764e-09, 

72, 49, 0, 7.86036e-09, 

72, 50, 0, 6.20475e-09, 

72, 51, 0, 4.86283e-09, 

72, 52, 0, 3.83581e-09, 

72, 53, 0, 3.08856e-09, 

72, 54, 0, 2.57092e-09, 

72, 55, 0, 2.23144e-09, 

72, 56, 0, 2.02379e-09, 

72, 57, 0, 1.90809e-09, 

72, 58, 0, 1.84977e-09, 

72, 59, 0, 1.81826e-09, 

72, 60, 0, 1.78665e-09, 

72, 61, 0, 1.73312e-09, 

72, 62, 0, 1.64327e-09, 

72, 63, 0, 1.51223e-09, 

72, 64, 0, 1.34505e-09, 

72, 65, 0, 1.15456e-09, 

72, 66, 0, 9.5743e-10, 

72, 67, 0, 7.69652e-10, 

72, 68, 0, 6.03236e-10, 

72, 69, 0, 4.64779e-10, 

72, 70, 0, 3.55868e-10, 

72, 71, 0, 2.74559e-10, 

72, 72, 0, 2.17122e-10, 

72, 73, 0, 1.79482e-10, 

72, 74, 0, 1.58159e-10, 

72, 75, 0, 1.50738e-10, 

72, 76, 0, 1.55999e-10, 

72, 77, 0, 1.73809e-10, 

72, 78, 0, 2.04851e-10, 

72, 79, 0, 2.50162e-10, 

72, 80, 0, 3.10523e-10, 

72, 81, 0, 3.85728e-10, 

72, 82, 0, 4.73939e-10, 

72, 83, 0, 5.71386e-10, 

72, 84, 0, 6.72665e-10, 

72, 85, 0, 7.71721e-10, 

72, 86, 0, 8.63303e-10, 

72, 87, 0, 9.44417e-10, 

72, 88, 0, 1.01527e-09, 

72, 89, 0, 1.07943e-09, 

72, 90, 0, 1.14324e-09, 

72, 91, 0, 1.21484e-09, 

72, 92, 0, 1.30311e-09, 

72, 93, 0, 1.41683e-09, 

72, 94, 0, 1.56412e-09, 

72, 95, 0, 1.75219e-09, 

72, 96, 0, 1.98759e-09, 

72, 97, 0, 2.27755e-09, 

72, 98, 0, 2.63346e-09, 

72, 99, 0, 3.07871e-09, 

72, 100, 0, 3.66511e-09, 

72, 101, 0, 4.5073e-09, 

72, 102, 0, 5.85724e-09, 

72, 103, 0, 8.27336e-09, 

72, 104, 0, 1.30163e-08, 

72, 105, 0, 2.29885e-08, 

72, 106, 0, 4.49598e-08, 

72, 107, 0, 9.47559e-08, 

72, 108, 0, 2.08974e-07, 

72, 109, 0, 4.70149e-07, 

72, 110, 0, 1.05691e-06, 

72, 111, 0, 2.33343e-06, 

72, 112, 0, 4.98247e-06, 

72, 113, 0, 1.01415e-05, 

72, 114, 0, 1.9395e-05, 

72, 115, 0, 3.43197e-05, 

72, 116, 0, 5.52159e-05, 

72, 117, 0, 7.90052e-05, 

72, 118, 0, 9.73336e-05, 

72, 119, 0, 9.73336e-05, 

73, 0, 0, 0.0130407, 

73, 1, 0, 0.0130407, 

73, 2, 0, 0.0113574, 

73, 3, 0, 0.00899898, 

73, 4, 0, 0.00664922, 

73, 5, 0, 0.00465633, 

73, 6, 0, 0.00312622, 

73, 7, 0, 0.00202959, 

73, 8, 0, 0.00128229, 

73, 9, 0, 0.00079217, 

73, 10, 0, 0.000480195, 

73, 11, 0, 0.000286343, 

73, 12, 0, 0.000168284, 

73, 13, 0, 9.76212e-05, 

73, 14, 0, 5.59728e-05, 

73, 15, 0, 3.17639e-05, 

73, 16, 0, 1.78671e-05, 

73, 17, 0, 9.97779e-06, 

73, 18, 0, 5.54153e-06, 

73, 19, 0, 3.06641e-06, 

73, 20, 0, 1.69378e-06, 

73, 21, 0, 9.35773e-07, 

73, 22, 0, 5.18242e-07, 

73, 23, 0, 2.88472e-07, 

73, 24, 0, 1.61966e-07, 

73, 25, 0, 9.21891e-08, 

73, 26, 0, 5.35897e-08, 

73, 27, 0, 3.21637e-08, 

73, 28, 0, 2.02474e-08, 

73, 29, 0, 1.36547e-08, 

73, 30, 0, 1.01106e-08, 

73, 31, 0, 8.39414e-09, 

73, 32, 0, 7.87228e-09, 

73, 33, 0, 8.24463e-09, 

73, 34, 0, 9.40095e-09, 

73, 35, 0, 1.13335e-08, 

73, 36, 0, 1.4071e-08, 

73, 37, 0, 1.76144e-08, 

73, 38, 0, 2.18717e-08, 

73, 39, 0, 2.65988e-08, 

73, 40, 0, 3.13712e-08, 

73, 41, 0, 3.5614e-08, 

73, 42, 0, 3.87026e-08, 

73, 43, 0, 4.01165e-08, 

73, 44, 0, 3.95929e-08, 

73, 45, 0, 3.72125e-08, 

73, 46, 0, 3.33767e-08, 

73, 47, 0, 2.86842e-08, 

73, 48, 0, 2.37643e-08, 

73, 49, 0, 1.91346e-08, 

73, 50, 0, 1.51266e-08, 

73, 51, 0, 1.18833e-08, 

73, 52, 0, 9.40318e-09, 

73, 53, 0, 7.59959e-09, 

73, 54, 0, 6.35095e-09, 

73, 55, 0, 5.53319e-09, 

73, 56, 0, 5.03464e-09, 

73, 57, 0, 4.75889e-09, 

73, 58, 0, 4.62214e-09, 

73, 59, 0, 4.54983e-09, 

73, 60, 0, 4.47621e-09, 

73, 61, 0, 4.34768e-09, 

73, 62, 0, 4.12871e-09, 

73, 63, 0, 3.80705e-09, 

73, 64, 0, 3.39466e-09, 

73, 65, 0, 2.92285e-09, 

73, 66, 0, 2.43254e-09, 

73, 67, 0, 1.96347e-09, 

73, 68, 0, 1.54584e-09, 

73, 69, 0, 1.19672e-09, 

73, 70, 0, 9.2077e-10, 

73, 71, 0, 7.13775e-10, 

73, 72, 0, 5.66877e-10, 

73, 73, 0, 4.70159e-10, 

73, 74, 0, 4.15036e-10, 

73, 75, 0, 3.95482e-10, 

73, 76, 0, 4.08409e-10, 

73, 77, 0, 4.53445e-10, 

73, 78, 0, 5.32258e-10, 

73, 79, 0, 6.47441e-10, 

73, 80, 0, 8.00966e-10, 

73, 81, 0, 9.92379e-10, 

73, 82, 0, 1.21717e-09, 

73, 83, 0, 1.466e-09, 

73, 84, 0, 1.72539e-09, 

73, 85, 0, 1.98018e-09, 

73, 86, 0, 2.21711e-09, 

73, 87, 0, 2.42848e-09, 

73, 88, 0, 2.61449e-09, 

73, 89, 0, 2.7837e-09, 

73, 90, 0, 2.95154e-09, 

73, 91, 0, 3.13776e-09, 

73, 92, 0, 3.36369e-09, 

73, 93, 0, 3.64995e-09, 

73, 94, 0, 4.01467e-09, 

73, 95, 0, 4.47263e-09, 

73, 96, 0, 5.03547e-09, 

73, 97, 0, 5.71436e-09, 

73, 98, 0, 6.52729e-09, 

73, 99, 0, 7.51518e-09, 

73, 100, 0, 8.77412e-09, 

73, 101, 0, 1.05197e-08, 

73, 102, 0, 1.32207e-08, 

73, 103, 0, 1.78925e-08, 

73, 104, 0, 2.67668e-08, 

73, 105, 0, 4.48479e-08, 

73, 106, 0, 8.35296e-08, 

73, 107, 0, 1.68872e-07, 

73, 108, 0, 3.59971e-07, 

73, 109, 0, 7.87769e-07, 

73, 110, 0, 1.73118e-06, 

73, 111, 0, 3.75059e-06, 

73, 112, 0, 7.88259e-06, 

73, 113, 0, 1.58321e-05, 

73, 114, 0, 2.9942e-05, 

73, 115, 0, 5.24991e-05, 

73, 116, 0, 8.38531e-05, 

73, 117, 0, 0.000119347, 

73, 118, 0, 0.000146583, 

73, 119, 0, 0.000146583, 

74, 0, 0, 0.0202012, 

74, 1, 0, 0.0202012, 

74, 2, 0, 0.0177284, 

74, 3, 0, 0.0142224, 

74, 4, 0, 0.0106742, 

74, 5, 0, 0.0076088, 

74, 6, 0, 0.00520639, 

74, 7, 0, 0.00344657, 

74, 8, 0, 0.00222016, 

74, 9, 0, 0.00139762, 

74, 10, 0, 0.000862537, 

74, 11, 0, 0.00052309, 

74, 12, 0, 0.000312312, 

74, 13, 0, 0.000183865, 

74, 14, 0, 0.000106896, 

74, 15, 0, 6.14684e-05, 

74, 16, 0, 3.50187e-05, 

74, 17, 0, 1.9801e-05, 

74, 18, 0, 1.11336e-05, 

74, 19, 0, 6.23722e-06, 

74, 20, 0, 3.48827e-06, 

74, 21, 0, 1.95156e-06, 

74, 22, 0, 1.0947e-06, 

74, 23, 0, 6.17373e-07, 

74, 24, 0, 3.51353e-07, 

74, 25, 0, 2.02844e-07, 

74, 26, 0, 1.19714e-07, 

74, 27, 0, 7.3043e-08, 

74, 28, 0, 4.68159e-08, 

74, 29, 0, 3.21866e-08, 

74, 30, 0, 2.42972e-08, 

74, 31, 0, 2.05195e-08, 

74, 32, 0, 1.94846e-08, 

74, 33, 0, 2.05455e-08, 

74, 34, 0, 2.34711e-08, 

74, 35, 0, 2.82528e-08, 

74, 36, 0, 3.49528e-08, 

74, 37, 0, 4.35553e-08, 

74, 38, 0, 5.38126e-08, 

74, 39, 0, 6.51121e-08, 

74, 40, 0, 7.64184e-08, 

74, 41, 0, 8.6355e-08, 

74, 42, 0, 9.34518e-08, 

74, 43, 0, 9.65099e-08, 

74, 44, 0, 9.49561e-08, 

74, 45, 0, 8.9031e-08, 

74, 46, 0, 7.97191e-08, 

74, 47, 0, 6.84506e-08, 

74, 48, 0, 5.67085e-08, 

74, 49, 0, 4.57005e-08, 

74, 50, 0, 3.61923e-08, 

74, 51, 0, 2.85075e-08, 

74, 52, 0, 2.26345e-08, 

74, 53, 0, 1.83647e-08, 

74, 54, 0, 1.54101e-08, 

74, 55, 0, 1.34776e-08, 

74, 56, 0, 1.23034e-08, 

74, 57, 0, 1.16591e-08, 

74, 58, 0, 1.13452e-08, 

74, 59, 0, 1.11834e-08, 

74, 60, 0, 1.10162e-08, 

74, 61, 0, 1.07142e-08, 

74, 62, 0, 1.01913e-08, 

74, 63, 0, 9.41709e-09, 

74, 64, 0, 8.41919e-09, 

74, 65, 0, 7.27224e-09, 

74, 66, 0, 6.07493e-09, 

74, 67, 0, 4.92411e-09, 

74, 68, 0, 3.8945e-09, 

74, 69, 0, 3.02949e-09, 

74, 70, 0, 2.34235e-09, 

74, 71, 0, 1.8244e-09, 

74, 72, 0, 1.45509e-09, 

74, 73, 0, 1.21077e-09, 

74, 74, 0, 1.07063e-09, 

74, 75, 0, 1.01987e-09, 

74, 76, 0, 1.05078e-09, 

74, 77, 0, 1.16227e-09, 

74, 78, 0, 1.35826e-09, 

74, 79, 0, 1.64501e-09, 

74, 80, 0, 2.0273e-09, 

74, 81, 0, 2.5041e-09, 

74, 82, 0, 3.0645e-09, 

74, 83, 0, 3.68583e-09, 

74, 84, 0, 4.33529e-09, 

74, 85, 0, 4.97579e-09, 

74, 86, 0, 5.57472e-09, 

74, 87, 0, 6.11277e-09, 

74, 88, 0, 6.58979e-09, 

74, 89, 0, 7.0258e-09, 

74, 90, 0, 7.4574e-09, 

74, 91, 0, 7.9314e-09, 

74, 92, 0, 8.49774e-09, 

74, 93, 0, 9.20336e-09, 

74, 94, 0, 1.00875e-08, 

74, 95, 0, 1.11788e-08, 

74, 96, 0, 1.24951e-08, 

74, 97, 0, 1.40492e-08, 

74, 98, 0, 1.58643e-08, 

74, 99, 0, 1.80073e-08, 

74, 100, 0, 2.06527e-08, 

74, 101, 0, 2.42024e-08, 

74, 102, 0, 2.95234e-08, 

74, 103, 0, 3.84528e-08, 

74, 104, 0, 5.49211e-08, 

74, 105, 0, 8.75087e-08, 

74, 106, 0, 1.55275e-07, 

74, 107, 0, 3.00856e-07, 

74, 108, 0, 6.1903e-07, 

74, 109, 0, 1.31606e-06, 

74, 110, 0, 2.8242e-06, 

74, 111, 0, 5.99904e-06, 

74, 112, 0, 1.24016e-05, 

74, 113, 0, 2.45659e-05, 

74, 114, 0, 4.5926e-05, 

74, 115, 0, 7.97662e-05, 

74, 116, 0, 0.000126458, 

74, 117, 0, 0.000179014, 

74, 118, 0, 0.000219184, 

74, 119, 0, 0.000219184, 

75, 0, 0, 0.0305242, 

75, 1, 0, 0.0305242, 

75, 2, 0, 0.0269956, 

75, 3, 0, 0.0219309, 

75, 4, 0, 0.0167222, 

75, 5, 0, 0.012136, 

75, 6, 0, 0.00846516, 

75, 7, 0, 0.00571544, 

75, 8, 0, 0.00375471, 

75, 9, 0, 0.00240926, 

75, 10, 0, 0.00151431, 

75, 11, 0, 0.000934392, 

75, 12, 0, 0.000567034, 

75, 13, 0, 0.000338976, 

75, 14, 0, 0.000199948, 

75, 15, 0, 0.000116575, 

75, 16, 0, 6.73032e-05, 

75, 17, 0, 3.85533e-05, 

75, 18, 0, 2.19565e-05, 

75, 19, 0, 1.24575e-05, 

75, 20, 0, 7.05598e-06, 

75, 21, 0, 3.9982e-06, 

75, 22, 0, 2.27183e-06, 

75, 23, 0, 1.29821e-06, 

75, 24, 0, 7.48947e-07, 

75, 25, 0, 4.38619e-07, 

75, 26, 0, 2.62865e-07, 

75, 27, 0, 1.63088e-07, 

75, 28, 0, 1.06453e-07, 

75, 29, 0, 7.46195e-08, 

75, 30, 0, 5.74177e-08, 

75, 31, 0, 4.93013e-08, 

75, 32, 0, 4.73712e-08, 

75, 33, 0, 5.02635e-08, 

75, 34, 0, 5.75049e-08, 

75, 35, 0, 6.90922e-08, 

75, 36, 0, 8.51512e-08, 

75, 37, 0, 1.05597e-07, 

75, 38, 0, 1.29783e-07, 

75, 39, 0, 1.56207e-07, 

75, 40, 0, 1.82403e-07, 

75, 41, 0, 2.05152e-07, 

75, 42, 0, 2.21075e-07, 

75, 43, 0, 2.27477e-07, 

75, 44, 0, 2.23145e-07, 

75, 45, 0, 2.08747e-07, 

75, 46, 0, 1.86637e-07, 

75, 47, 0, 1.60152e-07, 

75, 48, 0, 1.3271e-07, 

75, 49, 0, 1.07071e-07, 

75, 50, 0, 8.49674e-08, 

75, 51, 0, 6.71202e-08, 

75, 52, 0, 5.34856e-08, 

75, 53, 0, 4.35745e-08, 

75, 54, 0, 3.67188e-08, 

75, 55, 0, 3.22411e-08, 

75, 56, 0, 2.953e-08, 

75, 57, 0, 2.80549e-08, 

75, 58, 0, 2.73504e-08, 

75, 59, 0, 2.69986e-08, 

75, 60, 0, 2.66281e-08, 

75, 61, 0, 2.59336e-08, 

75, 62, 0, 2.471e-08, 

75, 63, 0, 2.28824e-08, 

75, 64, 0, 2.05133e-08, 

75, 65, 0, 1.77768e-08, 

75, 66, 0, 1.49066e-08, 

75, 67, 0, 1.21342e-08, 

75, 68, 0, 9.64127e-09, 

75, 69, 0, 7.53612e-09, 

75, 70, 0, 5.85535e-09, 

75, 71, 0, 4.5822e-09, 

75, 72, 0, 3.67013e-09, 

75, 73, 0, 3.0638e-09, 

75, 74, 0, 2.71368e-09, 

75, 75, 0, 2.58409e-09, 

75, 76, 0, 2.65597e-09, 

75, 77, 0, 2.92611e-09, 

75, 78, 0, 3.40333e-09, 

75, 79, 0, 4.10212e-09, 

75, 80, 0, 5.03366e-09, 

75, 81, 0, 6.19532e-09, 

75, 82, 0, 7.56118e-09, 

75, 83, 0, 9.07731e-09, 

75, 84, 0, 1.06657e-08, 

75, 85, 0, 1.22379e-08, 

75, 86, 0, 1.37157e-08, 

75, 87, 0, 1.50524e-08, 

75, 88, 0, 1.62461e-08, 

75, 89, 0, 1.73427e-08, 

75, 90, 0, 1.8427e-08, 

75, 91, 0, 1.96068e-08, 

75, 92, 0, 2.09961e-08, 

75, 93, 0, 2.26987e-08, 

75, 94, 0, 2.47961e-08, 

75, 95, 0, 2.73397e-08, 

75, 96, 0, 3.03494e-08, 

75, 97, 0, 3.38258e-08, 

75, 98, 0, 3.77839e-08, 

75, 99, 0, 4.23236e-08, 

75, 100, 0, 4.7755e-08, 

75, 101, 0, 5.48218e-08, 

75, 102, 0, 6.51212e-08, 

75, 103, 0, 8.19635e-08, 

75, 104, 0, 1.12239e-07, 

75, 105, 0, 1.70582e-07, 

75, 106, 0, 2.88696e-07, 

75, 107, 0, 5.35917e-07, 

75, 108, 0, 1.06329e-06, 

75, 109, 0, 2.19356e-06, 

75, 110, 0, 4.59191e-06, 

75, 111, 0, 9.55511e-06, 

75, 112, 0, 1.94158e-05, 

75, 113, 0, 3.79095e-05, 

75, 114, 0, 7.00264e-05, 

75, 115, 0, 0.000120438, 

75, 116, 0, 0.000189471, 

75, 117, 0, 0.000266725, 

75, 118, 0, 0.000325538, 

75, 119, 0, 0.000325538, 

76, 0, 0, 0.0449588, 

76, 1, 0, 0.0449588, 

76, 2, 0, 0.0400725, 

76, 3, 0, 0.03297, 

76, 4, 0, 0.0255443, 

76, 5, 0, 0.0188775, 

76, 6, 0, 0.0134254, 

76, 7, 0, 0.00924691, 

76, 8, 0, 0.00619677, 

76, 9, 0, 0.0040543, 

76, 10, 0, 0.00259637, 

76, 11, 0, 0.00163082, 

76, 12, 0, 0.00100647, 

76, 13, 0, 0.000611347, 

76, 14, 0, 0.000366115, 

76, 15, 0, 0.000216569, 

76, 16, 0, 0.000126792, 

76, 17, 0, 7.36226e-05, 

76, 18, 0, 4.24895e-05, 

76, 19, 0, 2.44247e-05, 

76, 20, 0, 1.40147e-05, 

76, 21, 0, 8.04456e-06, 

76, 22, 0, 4.63083e-06, 

76, 23, 0, 2.68148e-06, 

76, 24, 0, 1.56829e-06, 

76, 25, 0, 9.31815e-07, 

76, 26, 0, 5.67177e-07, 

76, 27, 0, 3.57904e-07, 

76, 28, 0, 2.37966e-07, 

76, 29, 0, 1.70081e-07, 

76, 30, 0, 1.33374e-07, 

76, 31, 0, 1.16379e-07, 

76, 32, 0, 1.13087e-07, 

76, 33, 0, 1.20685e-07, 

76, 34, 0, 1.38228e-07, 

76, 35, 0, 1.65734e-07, 

76, 36, 0, 2.03436e-07, 

76, 37, 0, 2.51017e-07, 

76, 38, 0, 3.06837e-07, 

76, 39, 0, 3.67302e-07, 

76, 40, 0, 4.26664e-07, 

76, 41, 0, 4.7757e-07, 

76, 42, 0, 5.12437e-07, 

76, 43, 0, 5.25356e-07, 

76, 44, 0, 5.1384e-07, 

76, 45, 0, 4.79645e-07, 

76, 46, 0, 4.28269e-07, 

76, 47, 0, 3.67325e-07, 

76, 48, 0, 3.04519e-07, 

76, 49, 0, 2.46022e-07, 

76, 50, 0, 1.9568e-07, 

76, 51, 0, 1.55063e-07, 

76, 52, 0, 1.24041e-07, 

76, 53, 0, 1.01493e-07, 

76, 54, 0, 8.59021e-08, 

76, 55, 0, 7.57342e-08, 

76, 56, 0, 6.96021e-08, 

76, 57, 0, 6.62971e-08, 

76, 58, 0, 6.47536e-08, 

76, 59, 0, 6.40111e-08, 

76, 60, 0, 6.32119e-08, 

76, 61, 0, 6.16481e-08, 

76, 62, 0, 5.88403e-08, 

76, 63, 0, 5.46078e-08, 

76, 64, 0, 4.90881e-08, 

76, 65, 0, 4.26801e-08, 

76, 66, 0, 3.59255e-08, 

76, 67, 0, 2.93685e-08, 

76, 68, 0, 2.34423e-08, 

76, 69, 0, 1.84121e-08, 

76, 70, 0, 1.43756e-08, 

76, 71, 0, 1.1303e-08, 

76, 72, 0, 9.09156e-09, 

76, 73, 0, 7.6143e-09, 

76, 74, 0, 6.75556e-09, 

76, 75, 0, 6.43064e-09, 

76, 76, 0, 6.59319e-09, 

76, 77, 0, 7.23377e-09, 

76, 78, 0, 8.37124e-09, 

76, 79, 0, 1.00378e-08, 

76, 80, 0, 1.22583e-08, 

76, 81, 0, 1.50255e-08, 

76, 82, 0, 1.82784e-08, 

76, 83, 0, 2.18916e-08, 

76, 84, 0, 2.56835e-08, 

76, 85, 0, 2.94487e-08, 

76, 86, 0, 3.30053e-08, 

76, 87, 0, 3.6243e-08, 

76, 88, 0, 3.91554e-08, 

76, 89, 0, 4.18452e-08, 

76, 90, 0, 4.45035e-08, 

76, 91, 0, 4.73731e-08, 

76, 92, 0, 5.07062e-08, 

76, 93, 0, 5.47255e-08, 

76, 94, 0, 5.95935e-08, 

76, 95, 0, 6.53917e-08, 

76, 96, 0, 7.21181e-08, 

76, 97, 0, 7.9714e-08, 

76, 98, 0, 8.81396e-08, 

76, 99, 0, 9.75215e-08, 

76, 100, 0, 1.08402e-07, 

76, 101, 0, 1.22152e-07, 

76, 102, 0, 1.41706e-07, 

76, 103, 0, 1.73009e-07, 

76, 104, 0, 2.28092e-07, 

76, 105, 0, 3.31801e-07, 

76, 106, 0, 5.36592e-07, 

76, 107, 0, 9.54604e-07, 

76, 108, 0, 1.82514e-06, 

76, 109, 0, 3.65009e-06, 

76, 110, 0, 7.44641e-06, 

76, 111, 0, 1.51658e-05, 

76, 112, 0, 3.02684e-05, 

76, 113, 0, 5.82175e-05, 

76, 114, 0, 0.000106203, 

76, 115, 0, 0.000180802, 

76, 116, 0, 0.000282164, 

76, 117, 0, 0.000394924, 

76, 118, 0, 0.000480425, 

76, 119, 0, 0.000480425, 

77, 0, 0, 0.0645119, 

77, 1, 0, 0.0645119, 

77, 2, 0, 0.0579513, 

77, 3, 0, 0.0482914, 

77, 4, 0, 0.0380202, 

77, 5, 0, 0.0286141, 

77, 6, 0, 0.020751, 

77, 7, 0, 0.0145829, 

77, 8, 0, 0.00997153, 

77, 9, 0, 0.00665428, 

77, 10, 0, 0.00434369, 

77, 11, 0, 0.0027788, 

77, 12, 0, 0.00174519, 

77, 13, 0, 0.00107785, 

77, 14, 0, 0.000655822, 

77, 15, 0, 0.000393892, 

77, 16, 0, 0.000234013, 

77, 17, 0, 0.000137823, 

77, 18, 0, 8.06464e-05, 

77, 19, 0, 4.69881e-05, 

77, 20, 0, 2.73208e-05, 

77, 21, 0, 1.58893e-05, 

77, 22, 0, 9.26732e-06, 

77, 23, 0, 5.43813e-06, 

77, 24, 0, 3.22465e-06, 

77, 25, 0, 1.94407e-06, 

77, 26, 0, 1.20207e-06, 

77, 27, 0, 7.71691e-07, 

77, 28, 0, 5.22754e-07, 

77, 29, 0, 3.80979e-07, 

77, 30, 0, 3.04392e-07, 

77, 31, 0, 2.69788e-07, 

77, 32, 0, 2.64979e-07, 

77, 33, 0, 2.84302e-07, 

77, 34, 0, 3.25911e-07, 

77, 35, 0, 3.89883e-07, 

77, 36, 0, 4.7659e-07, 

77, 37, 0, 5.85032e-07, 

77, 38, 0, 7.11154e-07, 

77, 39, 0, 8.46541e-07, 

77, 40, 0, 9.78104e-07, 

77, 41, 0, 1.08943e-06, 

77, 42, 0, 1.16388e-06, 

77, 43, 0, 1.18884e-06, 

77, 44, 0, 1.15938e-06, 

77, 45, 0, 1.07994e-06, 

77, 46, 0, 9.63069e-07, 

77, 47, 0, 8.25746e-07, 

77, 48, 0, 6.84975e-07, 

77, 49, 0, 5.54259e-07, 

77, 50, 0, 4.41947e-07, 

77, 51, 0, 3.51398e-07, 

77, 52, 0, 2.82252e-07, 

77, 53, 0, 2.31997e-07, 

77, 54, 0, 1.97269e-07, 

77, 55, 0, 1.74658e-07, 

77, 56, 0, 1.61083e-07, 

77, 57, 0, 1.53843e-07, 

77, 58, 0, 1.5055e-07, 

77, 59, 0, 1.49035e-07, 

77, 60, 0, 1.47359e-07, 

77, 61, 0, 1.43909e-07, 

77, 62, 0, 1.37587e-07, 

77, 63, 0, 1.27966e-07, 

77, 64, 0, 1.15342e-07, 

77, 65, 0, 1.00611e-07, 

77, 66, 0, 8.50073e-08, 

77, 67, 0, 6.9784e-08, 

77, 68, 0, 5.59558e-08, 

77, 69, 0, 4.41587e-08, 

77, 70, 0, 3.46451e-08, 

77, 71, 0, 2.73689e-08, 

77, 72, 0, 2.2108e-08, 

77, 73, 0, 1.85771e-08, 

77, 74, 0, 1.6511e-08, 

77, 75, 0, 1.57123e-08, 

77, 76, 0, 1.60699e-08, 

77, 77, 0, 1.75567e-08, 

77, 78, 0, 2.02106e-08, 

77, 79, 0, 2.41e-08, 

77, 80, 0, 2.92765e-08, 

77, 81, 0, 3.57196e-08, 

77, 82, 0, 4.32876e-08, 

77, 83, 0, 5.16933e-08, 

77, 84, 0, 6.05251e-08, 

77, 85, 0, 6.93178e-08, 

77, 86, 0, 7.76597e-08, 

77, 87, 0, 8.53002e-08, 

77, 88, 0, 9.22214e-08, 

77, 89, 0, 9.86488e-08, 

77, 90, 0, 1.05004e-07, 

77, 91, 0, 1.11818e-07, 

77, 92, 0, 1.19634e-07, 

77, 93, 0, 1.28914e-07, 

77, 94, 0, 1.39964e-07, 

77, 95, 0, 1.52888e-07, 

77, 96, 0, 1.67582e-07, 

77, 97, 0, 1.83794e-07, 

77, 98, 0, 2.01298e-07, 

77, 99, 0, 2.20203e-07, 

77, 100, 0, 2.41447e-07, 

77, 101, 0, 2.67557e-07, 

77, 102, 0, 3.03919e-07, 

77, 103, 0, 3.61189e-07, 

77, 104, 0, 4.60301e-07, 

77, 105, 0, 6.43256e-07, 

77, 106, 0, 9.96447e-07, 

77, 107, 0, 1.70031e-06, 

77, 108, 0, 3.13193e-06, 

77, 109, 0, 6.06732e-06, 

77, 110, 0, 1.20517e-05, 

77, 111, 0, 2.40032e-05, 

77, 112, 0, 4.70177e-05, 

77, 113, 0, 8.90237e-05, 

77, 114, 0, 0.000160292, 

77, 115, 0, 0.000269986, 

77, 116, 0, 0.000417831, 

77, 117, 0, 0.000581286, 

77, 118, 0, 0.000704718, 

77, 119, 0, 0.000704718, 

78, 0, 0, 0.0901434, 

78, 1, 0, 0.0901434, 

78, 2, 0, 0.0816092, 

78, 3, 0, 0.0688767, 

78, 4, 0, 0.0551044, 

78, 5, 0, 0.0422356, 

78, 6, 0, 0.0312353, 

78, 7, 0, 0.0223997, 

78, 8, 0, 0.0156318, 

78, 9, 0, 0.0106434, 

78, 10, 0, 0.00708499, 

78, 11, 0, 0.00461893, 

78, 12, 0, 0.00295394, 

78, 13, 0, 0.00185636, 

78, 14, 0, 0.00114848, 

78, 15, 0, 0.000700904, 

78, 16, 0, 0.000422863, 

78, 17, 0, 0.000252767, 

78, 18, 0, 0.000150039, 

78, 19, 0, 8.8642e-05, 

78, 20, 0, 5.22424e-05, 

78, 21, 0, 3.079e-05, 

78, 22, 0, 1.81974e-05, 

78, 23, 0, 1.08225e-05, 

78, 24, 0, 6.50717e-06, 

78, 25, 0, 3.98126e-06, 

78, 26, 0, 2.50131e-06, 

78, 27, 0, 1.63403e-06, 

78, 28, 0, 1.128e-06, 

78, 29, 0, 8.38275e-07, 

78, 30, 0, 6.82222e-07, 

78, 31, 0, 6.13903e-07, 

78, 32, 0, 6.09157e-07, 

78, 33, 0, 6.56863e-07, 

78, 34, 0, 7.53508e-07, 

78, 35, 0, 8.99291e-07, 

78, 36, 0, 1.09465e-06, 

78, 37, 0, 1.3367e-06, 

78, 38, 0, 1.61568e-06, 

78, 39, 0, 1.91231e-06, 

78, 40, 0, 2.19744e-06, 

78, 41, 0, 2.43524e-06, 

78, 42, 0, 2.59012e-06, 

78, 43, 0, 2.63574e-06, 

78, 44, 0, 2.56281e-06, 

78, 45, 0, 2.38218e-06, 

78, 46, 0, 2.12183e-06, 

78, 47, 0, 1.81883e-06, 

78, 48, 0, 1.50987e-06, 

78, 49, 0, 1.22386e-06, 

78, 50, 0, 9.78516e-07, 

78, 51, 0, 7.80858e-07, 

78, 52, 0, 6.29957e-07, 

78, 53, 0, 5.20303e-07, 

78, 54, 0, 4.4458e-07, 

78, 55, 0, 3.95383e-07, 

78, 56, 0, 3.65998e-07, 

78, 57, 0, 3.50522e-07, 

78, 58, 0, 3.43696e-07, 

78, 59, 0, 3.40732e-07, 

78, 60, 0, 3.37316e-07, 

78, 61, 0, 3.29856e-07, 

78, 62, 0, 3.15878e-07, 

78, 63, 0, 2.94402e-07, 

78, 64, 0, 2.66051e-07, 

78, 65, 0, 2.32803e-07, 

78, 66, 0, 1.97415e-07, 

78, 67, 0, 1.62725e-07, 

78, 68, 0, 1.3106e-07, 

78, 69, 0, 1.03915e-07, 

78, 70, 0, 8.19198e-08, 

78, 71, 0, 6.50209e-08, 

78, 72, 0, 5.2749e-08, 

78, 73, 0, 4.44756e-08, 

78, 74, 0, 3.96041e-08, 

78, 75, 0, 3.76823e-08, 

78, 76, 0, 3.84483e-08, 

78, 77, 0, 4.18274e-08, 

78, 78, 0, 4.78893e-08, 

78, 79, 0, 5.67715e-08, 

78, 80, 0, 6.85738e-08, 

78, 81, 0, 8.32363e-08, 

78, 82, 0, 1.00432e-07, 

78, 83, 0, 1.19518e-07, 

78, 84, 0, 1.3958e-07, 

78, 85, 0, 1.59592e-07, 

78, 86, 0, 1.78649e-07, 

78, 87, 0, 1.96202e-07, 

78, 88, 0, 2.1221e-07, 

78, 89, 0, 2.2716e-07, 

78, 90, 0, 2.4196e-07, 

78, 91, 0, 2.57743e-07, 

78, 92, 0, 2.75643e-07, 

78, 93, 0, 2.96585e-07, 

78, 94, 0, 3.21113e-07, 

78, 95, 0, 3.49286e-07, 

78, 96, 0, 3.80664e-07, 

78, 97, 0, 4.1447e-07, 

78, 98, 0, 4.49964e-07, 

78, 99, 0, 4.87102e-07, 

78, 100, 0, 5.27504e-07, 

78, 101, 0, 5.7584e-07, 

78, 102, 0, 6.42003e-07, 

78, 103, 0, 7.45061e-07, 

78, 104, 0, 9.21338e-07, 

78, 105, 0, 1.24157e-06, 

78, 106, 0, 1.84741e-06, 

78, 107, 0, 3.02782e-06, 

78, 108, 0, 5.37404e-06, 

78, 109, 0, 1.00794e-05, 

78, 110, 0, 1.94782e-05, 

78, 111, 0, 3.79056e-05, 

78, 112, 0, 7.2814e-05, 

78, 113, 0, 0.000135621, 

78, 114, 0, 0.00024087, 

78, 115, 0, 0.000401184, 

78, 116, 0, 0.000615426, 

78, 117, 0, 0.000850763, 

78, 118, 0, 0.00102771, 

78, 119, 0, 0.00102771, 

79, 0, 0, 0.122631, 

79, 1, 0, 0.122631, 

79, 2, 0, 0.11188, 

79, 3, 0, 0.0956252, 

79, 4, 0, 0.0777357, 

79, 5, 0, 0.0606759, 

79, 6, 0, 0.0457604, 

79, 7, 0, 0.03349, 

79, 8, 0, 0.0238567, 

79, 9, 0, 0.0165785, 

79, 10, 0, 0.0112589, 

79, 11, 0, 0.00748414, 

79, 12, 0, 0.00487714, 

79, 13, 0, 0.00312097, 

79, 14, 0, 0.00196479, 

79, 15, 0, 0.00121934, 

79, 16, 0, 0.000747569, 

79, 17, 0, 0.000453818, 

79, 18, 0, 0.00027341, 

79, 19, 0, 0.000163854, 

79, 20, 0, 9.7915e-05, 

79, 21, 0, 5.84931e-05, 

79, 22, 0, 3.50365e-05, 

79, 23, 0, 2.11216e-05, 

79, 24, 0, 1.28794e-05, 

79, 25, 0, 7.99867e-06, 

79, 26, 0, 5.10759e-06, 

79, 27, 0, 3.39639e-06, 

79, 28, 0, 2.38979e-06, 

79, 29, 0, 1.81097e-06, 

79, 30, 0, 1.50087e-06, 

79, 31, 0, 1.37057e-06, 

79, 32, 0, 1.37335e-06, 

79, 33, 0, 1.4879e-06, 

79, 34, 0, 1.70774e-06, 

79, 35, 0, 2.03326e-06, 

79, 36, 0, 2.46447e-06, 

79, 37, 0, 2.99357e-06, 

79, 38, 0, 3.59762e-06, 

79, 39, 0, 4.23346e-06, 

79, 40, 0, 4.83755e-06, 

79, 41, 0, 5.33341e-06, 

79, 42, 0, 5.6467e-06, 

79, 43, 0, 5.724e-06, 

79, 44, 0, 5.54866e-06, 

79, 45, 0, 5.14647e-06, 

79, 46, 0, 4.57849e-06, 

79, 47, 0, 3.92389e-06, 

79, 48, 0, 3.26007e-06, 

79, 49, 0, 2.64753e-06, 

79, 50, 0, 2.12301e-06, 

79, 51, 0, 1.70079e-06, 

79, 52, 0, 1.37856e-06, 

79, 53, 0, 1.1445e-06, 

79, 54, 0, 9.83016e-07, 

79, 55, 0, 8.78381e-07, 

79, 56, 0, 8.16273e-07, 

79, 57, 0, 7.84047e-07, 

79, 58, 0, 7.70367e-07, 

79, 59, 0, 7.64855e-07, 

79, 60, 0, 7.58117e-07, 

79, 61, 0, 7.4229e-07, 

79, 62, 0, 7.11932e-07, 

79, 63, 0, 6.6483e-07, 

79, 64, 0, 6.02285e-07, 

79, 65, 0, 5.2859e-07, 

79, 66, 0, 4.49801e-07, 

79, 67, 0, 3.7222e-07, 

79, 68, 0, 3.01083e-07, 

79, 69, 0, 2.39822e-07, 

79, 70, 0, 1.89963e-07, 

79, 71, 0, 1.51492e-07, 

79, 72, 0, 1.2344e-07, 

79, 73, 0, 1.04448e-07, 

79, 74, 0, 9.32011e-08, 

79, 75, 0, 8.86814e-08, 

79, 76, 0, 9.02833e-08, 

79, 77, 0, 9.7807e-08, 

79, 78, 0, 1.11366e-07, 

79, 79, 0, 1.31219e-07, 

79, 80, 0, 1.57539e-07, 

79, 81, 0, 1.90153e-07, 

79, 82, 0, 2.28315e-07, 

79, 83, 0, 2.70605e-07, 

79, 84, 0, 3.1504e-07, 

79, 85, 0, 3.59414e-07, 

79, 86, 0, 4.01798e-07, 

79, 87, 0, 4.41031e-07, 

79, 88, 0, 4.77037e-07, 

79, 89, 0, 5.10856e-07, 

79, 90, 0, 5.44398e-07, 

79, 91, 0, 5.8002e-07, 

79, 92, 0, 6.20025e-07, 

79, 93, 0, 6.66198e-07, 

79, 94, 0, 7.19427e-07, 

79, 95, 0, 7.79478e-07, 

79, 96, 0, 8.45002e-07, 

79, 97, 0, 9.13904e-07, 

79, 98, 0, 9.8419e-07, 

79, 99, 0, 1.05533e-06, 

79, 100, 0, 1.13015e-06, 

79, 101, 0, 1.21733e-06, 

79, 102, 0, 1.33505e-06, 

79, 103, 0, 1.51739e-06, 

79, 104, 0, 1.82722e-06, 

79, 105, 0, 2.38323e-06, 

79, 106, 0, 3.41673e-06, 

79, 107, 0, 5.38841e-06, 

79, 108, 0, 9.22079e-06, 

79, 109, 0, 1.67395e-05, 

79, 110, 0, 3.14502e-05, 

79, 111, 0, 5.9753e-05, 

79, 112, 0, 0.00011247, 

79, 113, 0, 0.000205913, 

79, 114, 0, 0.000360486, 

79, 115, 0, 0.000593361, 

79, 116, 0, 0.000901802, 

79, 117, 0, 0.00123831, 

79, 118, 0, 0.00149018, 

79, 119, 0, 0.00149018, 

80, 0, 0, 0.16242, 

80, 1, 0, 0.16242, 

80, 2, 0, 0.149309, 

80, 3, 0, 0.129217, 

80, 4, 0, 0.106716, 

80, 5, 0, 0.0848133, 

80, 6, 0, 0.0652245, 

80, 7, 0, 0.0487155, 

80, 8, 0, 0.0354278, 

80, 9, 0, 0.0251337, 

80, 10, 0, 0.0174208, 

80, 11, 0, 0.0118137, 

80, 12, 0, 0.00784957, 

80, 13, 0, 0.00511846, 

80, 14, 0, 0.00328133, 

80, 15, 0, 0.00207225, 

80, 16, 0, 0.00129196, 

80, 17, 0, 0.000796985, 

80, 18, 0, 0.000487583, 

80, 19, 0, 0.000296535, 

80, 20, 0, 0.000179726, 

80, 21, 0, 0.000108853, 

80, 22, 0, 6.60938e-05, 

80, 23, 0, 4.03962e-05, 

80, 24, 0, 2.49872e-05, 

80, 25, 0, 1.57567e-05, 

80, 26, 0, 1.02297e-05, 

80, 27, 0, 6.92667e-06, 

80, 28, 0, 4.96888e-06, 

80, 29, 0, 3.83957e-06, 

80, 30, 0, 3.23951e-06, 

80, 31, 0, 3.00075e-06, 

80, 32, 0, 3.03514e-06, 

80, 33, 0, 3.30302e-06, 

80, 34, 0, 3.79272e-06, 

80, 35, 0, 4.50476e-06, 

80, 36, 0, 5.43702e-06, 

80, 37, 0, 6.56942e-06, 

80, 38, 0, 7.84939e-06, 

80, 39, 0, 9.18229e-06, 

80, 40, 0, 1.04327e-05, 

80, 41, 0, 1.14411e-05, 

80, 42, 0, 1.20559e-05, 

80, 43, 0, 1.2172e-05, 

80, 44, 0, 1.17617e-05, 

80, 45, 0, 1.08846e-05, 

80, 46, 0, 9.67131e-06, 

80, 47, 0, 8.28703e-06, 

80, 48, 0, 6.89145e-06, 

80, 49, 0, 5.60811e-06, 

80, 50, 0, 4.51136e-06, 

80, 51, 0, 3.6294e-06, 

80, 52, 0, 2.95667e-06, 

80, 53, 0, 2.46829e-06, 

80, 54, 0, 2.13183e-06, 

80, 55, 0, 1.91454e-06, 

80, 56, 0, 1.78657e-06, 

80, 57, 0, 1.72137e-06, 

80, 58, 0, 1.69503e-06, 

80, 59, 0, 1.68548e-06, 

80, 60, 0, 1.67266e-06, 

80, 61, 0, 1.63971e-06, 

80, 62, 0, 1.57489e-06, 

80, 63, 0, 1.47335e-06, 

80, 64, 0, 1.33778e-06, 

80, 65, 0, 1.17736e-06, 

80, 66, 0, 1.00515e-06, 

80, 67, 0, 8.34899e-07, 

80, 68, 0, 6.78143e-07, 

80, 69, 0, 5.42592e-07, 

80, 70, 0, 4.31819e-07, 

80, 71, 0, 3.46013e-07, 

80, 72, 0, 2.83211e-07, 

80, 73, 0, 2.40533e-07, 

80, 74, 0, 2.15127e-07, 

80, 75, 0, 2.04753e-07, 

80, 76, 0, 2.08035e-07, 

80, 77, 0, 2.24459e-07, 

80, 78, 0, 2.54169e-07, 

80, 79, 0, 2.97611e-07, 

80, 80, 0, 3.55036e-07, 

80, 81, 0, 4.25956e-07, 

80, 82, 0, 5.08679e-07, 

80, 83, 0, 6.00126e-07, 

80, 84, 0, 6.96082e-07, 

80, 85, 0, 7.91925e-07, 

80, 86, 0, 8.8366e-07, 

80, 87, 0, 9.68929e-07, 

80, 88, 0, 1.04763e-06, 

80, 89, 0, 1.12196e-06, 

80, 90, 0, 1.19588e-06, 

80, 91, 0, 1.27414e-06, 

80, 92, 0, 1.36132e-06, 

80, 93, 0, 1.46071e-06, 

80, 94, 0, 1.57359e-06, 

80, 95, 0, 1.69876e-06, 

80, 96, 0, 1.8326e-06, 

80, 97, 0, 1.96996e-06, 

80, 98, 0, 2.10598e-06, 

80, 99, 0, 2.23895e-06, 

80, 100, 0, 2.3739e-06, 

80, 101, 0, 2.52705e-06, 

80, 102, 0, 2.73182e-06, 

80, 103, 0, 3.04905e-06, 

80, 104, 0, 3.58718e-06, 

80, 105, 0, 4.54468e-06, 

80, 106, 0, 6.29772e-06, 

80, 107, 0, 9.57742e-06, 

80, 108, 0, 1.58162e-05, 

80, 109, 0, 2.77921e-05, 

80, 110, 0, 5.07398e-05, 

80, 111, 0, 9.40456e-05, 

80, 112, 0, 0.000173309, 

80, 113, 0, 0.000311641, 

80, 114, 0, 0.000537387, 

80, 115, 0, 0.000873583, 

80, 116, 0, 0.00131468, 

80, 117, 0, 0.00179243, 

80, 118, 0, 0.0021483, 

80, 119, 0, 0.0021483, 

81, 0, 0, 0.209498, 

81, 1, 0, 0.209498, 

81, 2, 0, 0.194018, 

81, 3, 0, 0.169974, 

81, 4, 0, 0.142572, 

81, 5, 0, 0.115348, 

81, 6, 0, 0.0904384, 

81, 7, 0, 0.06893, 

81, 8, 0, 0.0511787, 

81, 9, 0, 0.0370733, 

81, 10, 0, 0.0262347, 

81, 11, 0, 0.0181579, 

81, 12, 0, 0.0123084, 

81, 13, 0, 0.00818348, 

81, 14, 0, 0.0053459, 

81, 15, 0, 0.00343784, 

81, 16, 0, 0.00218093, 

81, 17, 0, 0.0013679, 

81, 18, 0, 0.000850208, 

81, 19, 0, 0.000524937, 

81, 20, 0, 0.000322795, 

81, 21, 0, 0.000198267, 

81, 22, 0, 0.000122066, 

81, 23, 0, 7.5661e-05, 

81, 24, 0, 4.74899e-05, 

81, 25, 0, 3.04186e-05, 

81, 26, 0, 2.00875e-05, 

81, 27, 0, 1.38552e-05, 

81, 28, 0, 1.01354e-05, 

81, 29, 0, 7.98593e-06, 

81, 30, 0, 6.85733e-06, 

81, 31, 0, 6.44022e-06, 

81, 32, 0, 6.57273e-06, 

81, 33, 0, 7.18312e-06, 

81, 34, 0, 8.25099e-06, 

81, 35, 0, 9.77633e-06, 

81, 36, 0, 1.17497e-05, 

81, 37, 0, 1.41218e-05, 

81, 38, 0, 1.67748e-05, 

81, 39, 0, 1.95058e-05, 

81, 40, 0, 2.20323e-05, 

81, 41, 0, 2.40296e-05, 

81, 42, 0, 2.51965e-05, 

81, 43, 0, 2.53326e-05, 

81, 44, 0, 2.4397e-05, 

81, 45, 0, 2.25242e-05, 

81, 46, 0, 1.99871e-05, 

81, 47, 0, 1.71231e-05, 

81, 48, 0, 1.42539e-05, 

81, 49, 0, 1.16254e-05, 

81, 50, 0, 9.38412e-06, 

81, 51, 0, 7.58405e-06, 

81, 52, 0, 6.2121e-06, 

81, 53, 0, 5.21703e-06, 

81, 54, 0, 4.53281e-06, 

81, 55, 0, 4.09285e-06, 

81, 56, 0, 3.83624e-06, 

81, 57, 0, 3.70854e-06, 

81, 58, 0, 3.66025e-06, 

81, 59, 0, 3.64544e-06, 

81, 60, 0, 3.62211e-06, 

81, 61, 0, 3.55479e-06, 

81, 62, 0, 3.4187e-06, 

81, 63, 0, 3.20349e-06, 

81, 64, 0, 2.91472e-06, 

81, 65, 0, 2.57172e-06, 

81, 66, 0, 2.20225e-06, 

81, 67, 0, 1.83569e-06, 

81, 68, 0, 1.49697e-06, 

81, 69, 0, 1.203e-06, 

81, 70, 0, 9.61902e-07, 

81, 71, 0, 7.74489e-07, 

81, 72, 0, 6.36865e-07, 

81, 73, 0, 5.43028e-07, 

81, 74, 0, 4.86923e-07, 

81, 75, 0, 4.63713e-07, 

81, 76, 0, 4.70337e-07, 

81, 77, 0, 5.05514e-07, 

81, 78, 0, 5.69321e-07, 

81, 79, 0, 6.6242e-07, 

81, 80, 0, 7.85034e-07, 

81, 81, 0, 9.35832e-07, 

81, 82, 0, 1.11102e-06, 

81, 83, 0, 1.30403e-06, 

81, 84, 0, 1.50606e-06, 

81, 85, 0, 1.70767e-06, 

81, 86, 0, 1.90084e-06, 

81, 87, 0, 2.08095e-06, 

81, 88, 0, 2.24802e-06, 

81, 89, 0, 2.40664e-06, 

81, 90, 0, 2.56483e-06, 

81, 91, 0, 2.73208e-06, 

81, 92, 0, 2.91711e-06, 

81, 93, 0, 3.12583e-06, 

81, 94, 0, 3.35969e-06, 

81, 95, 0, 3.6148e-06, 

81, 96, 0, 3.88229e-06, 

81, 97, 0, 4.15028e-06, 

81, 98, 0, 4.40783e-06, 

81, 99, 0, 4.65064e-06, 

81, 100, 0, 4.88788e-06, 

81, 101, 0, 5.14999e-06, 

81, 102, 0, 5.49836e-06, 

81, 103, 0, 6.04119e-06, 

81, 104, 0, 6.96499e-06, 

81, 105, 0, 8.60027e-06, 

81, 106, 0, 1.1556e-05, 

81, 107, 0, 1.69869e-05, 

81, 108, 0, 2.71057e-05, 

81, 109, 0, 4.61158e-05, 

81, 110, 0, 8.17847e-05, 

81, 111, 0, 0.000147782, 

81, 112, 0, 0.000266418, 

81, 113, 0, 0.000470139, 

81, 114, 0, 0.000797898, 

81, 115, 0, 0.00128011, 

81, 116, 0, 0.00190646, 

81, 117, 0, 0.00257964, 

81, 118, 0, 0.0030785, 

81, 119, 0, 0.0030785, 

82, 0, 0, 0.26331, 

82, 1, 0, 0.26331, 

82, 2, 0, 0.24561, 

82, 3, 0, 0.217745, 

82, 4, 0, 0.185435, 

82, 5, 0, 0.152672, 

82, 6, 0, 0.122007, 

82, 7, 0, 0.0948774, 

82, 8, 0, 0.0719161, 

82, 9, 0, 0.0531981, 

82, 10, 0, 0.0384429, 

82, 11, 0, 0.0271663, 

82, 12, 0, 0.0187951, 

82, 13, 0, 0.0127484, 

82, 14, 0, 0.00849099, 

82, 15, 0, 0.00556345, 

82, 16, 0, 0.00359324, 

82, 17, 0, 0.00229259, 

82, 18, 0, 0.00144831, 

82, 19, 0, 0.000908173, 

82, 20, 0, 0.000566793, 

82, 21, 0, 0.000353174, 

82, 22, 0, 0.000220548, 

82, 23, 0, 0.00013869, 

82, 24, 0, 8.8372e-05, 

82, 25, 0, 5.7525e-05, 

82, 26, 0, 3.86587e-05, 

82, 27, 0, 2.71737e-05, 

82, 28, 0, 2.02755e-05, 

82, 29, 0, 1.62887e-05, 

82, 30, 0, 1.42298e-05, 

82, 31, 0, 1.35436e-05, 

82, 32, 0, 1.39412e-05, 

82, 33, 0, 1.52967e-05, 

82, 34, 0, 1.75753e-05, 

82, 35, 0, 2.07738e-05, 

82, 36, 0, 2.48617e-05, 

82, 37, 0, 2.97219e-05, 

82, 38, 0, 3.50971e-05, 

82, 39, 0, 4.05615e-05, 

82, 40, 0, 4.55397e-05, 

82, 41, 0, 4.93861e-05, 

82, 42, 0, 5.1519e-05, 

82, 43, 0, 5.15692e-05, 

82, 44, 0, 4.94896e-05, 

82, 45, 0, 4.55756e-05, 

82, 46, 0, 4.03853e-05, 

82, 47, 0, 3.45922e-05, 

82, 48, 0, 2.88276e-05, 

82, 49, 0, 2.3569e-05, 

82, 50, 0, 1.90967e-05, 

82, 51, 0, 1.55102e-05, 

82, 52, 0, 1.27798e-05, 

82, 53, 0, 1.08021e-05, 

82, 54, 0, 9.44567e-06, 

82, 55, 0, 8.57839e-06, 

82, 56, 0, 8.07883e-06, 

82, 57, 0, 7.8377e-06, 

82, 58, 0, 7.7548e-06, 

82, 59, 0, 7.73639e-06, 

82, 60, 0, 7.69621e-06, 

82, 61, 0, 7.56123e-06, 

82, 62, 0, 7.28023e-06, 

82, 63, 0, 6.83177e-06, 

82, 64, 0, 6.22735e-06, 

82, 65, 0, 5.50716e-06, 

82, 66, 0, 4.72917e-06, 

82, 67, 0, 3.95504e-06, 

82, 68, 0, 3.23756e-06, 

82, 69, 0, 2.61293e-06, 

82, 70, 0, 2.09904e-06, 

82, 71, 0, 1.69837e-06, 

82, 72, 0, 1.4033e-06, 

82, 73, 0, 1.20154e-06, 

82, 74, 0, 1.08051e-06, 

82, 75, 0, 1.02994e-06, 

82, 76, 0, 1.0432e-06, 

82, 77, 0, 1.1172e-06, 

82, 78, 0, 1.25157e-06, 

82, 79, 0, 1.44705e-06, 

82, 80, 0, 1.70335e-06, 

82, 81, 0, 2.017e-06, 

82, 82, 0, 2.37957e-06, 

82, 83, 0, 2.77722e-06, 

82, 84, 0, 3.192e-06, 

82, 85, 0, 3.60503e-06, 

82, 86, 0, 4.00064e-06, 

82, 87, 0, 4.37024e-06, 

82, 88, 0, 4.71445e-06, 

82, 89, 0, 5.04283e-06, 

82, 90, 0, 5.37141e-06, 

82, 91, 0, 5.71861e-06, 

82, 92, 0, 6.1008e-06, 

82, 93, 0, 6.52808e-06, 

82, 94, 0, 7.00105e-06, 

82, 95, 0, 7.50933e-06, 

82, 96, 0, 8.03251e-06, 

82, 97, 0, 8.54464e-06, 

82, 98, 0, 9.02237e-06, 

82, 99, 0, 9.45622e-06, 

82, 100, 0, 9.86334e-06, 

82, 101, 0, 1.03008e-05, 

82, 102, 0, 1.08809e-05, 

82, 103, 0, 1.17953e-05, 

82, 104, 0, 1.33632e-05, 

82, 105, 0, 1.61324e-05, 

82, 106, 0, 2.10837e-05, 

82, 107, 0, 3.00311e-05, 

82, 108, 0, 4.63725e-05, 

82, 109, 0, 7.64282e-05, 

82, 110, 0, 0.000131644, 

82, 111, 0, 0.000231773, 

82, 112, 0, 0.000408444, 

82, 113, 0, 0.000706757, 

82, 114, 0, 0.0011796, 

82, 115, 0, 0.00186638, 

82, 116, 0, 0.00274901, 

82, 117, 0, 0.00368986, 

82, 118, 0, 0.00438321, 

82, 119, 0, 0.00438321, 

83, 0, 0, 0.322757, 

83, 1, 0, 0.322757, 

83, 2, 0, 0.303144, 

83, 3, 0, 0.271858, 

83, 4, 0, 0.234954, 

83, 5, 0, 0.196767, 

83, 6, 0, 0.16021, 

83, 7, 0, 0.127078, 

83, 8, 0, 0.0983212, 

83, 9, 0, 0.0742685, 

83, 10, 0, 0.0548121, 

83, 11, 0, 0.0395565, 

83, 12, 0, 0.0279419, 

83, 13, 0, 0.0193427, 

83, 14, 0, 0.0131412, 

83, 15, 0, 0.00877695, 

83, 16, 0, 0.00577392, 

83, 17, 0, 0.0037491, 

83, 18, 0, 0.00240827, 

83, 19, 0, 0.00153428, 

83, 20, 0, 0.00097222, 

83, 21, 0, 0.000614809, 

83, 22, 0, 0.000389595, 

83, 23, 0, 0.000248674, 

83, 24, 0, 0.000160945, 

83, 25, 0, 0.000106532, 

83, 26, 0, 7.28992e-05, 

83, 27, 0, 5.2244e-05, 

83, 28, 0, 3.9769e-05, 

83, 29, 0, 3.25716e-05, 

83, 30, 0, 2.89374e-05, 

83, 31, 0, 2.78976e-05, 

83, 32, 0, 2.89512e-05, 

83, 33, 0, 3.18843e-05, 

83, 34, 0, 3.66386e-05, 

83, 35, 0, 4.31988e-05, 

83, 36, 0, 5.14796e-05, 

83, 37, 0, 6.12124e-05, 

83, 38, 0, 7.18482e-05, 

83, 39, 0, 8.25146e-05, 

83, 40, 0, 9.20665e-05, 

83, 41, 0, 9.92539e-05, 

83, 42, 0, 0.000102985, 

83, 43, 0, 0.000102608, 

83, 44, 0, 9.81034e-05, 

83, 45, 0, 9.01037e-05, 

83, 46, 0, 7.97251e-05, 

83, 47, 0, 6.82778e-05, 

83, 48, 0, 5.69701e-05, 

83, 49, 0, 4.67031e-05, 

83, 50, 0, 3.79967e-05, 

83, 51, 0, 3.10282e-05, 

83, 52, 0, 2.57305e-05, 

83, 53, 0, 2.19004e-05, 

83, 54, 0, 1.92826e-05, 

83, 55, 0, 1.7621e-05, 

83, 56, 0, 1.66792e-05, 

83, 57, 0, 1.6243e-05, 

83, 58, 0, 1.61137e-05, 

83, 59, 0, 1.61039e-05, 

83, 60, 0, 1.604e-05, 

83, 61, 0, 1.57745e-05, 

83, 62, 0, 1.5204e-05, 

83, 63, 0, 1.42854e-05, 

83, 64, 0, 1.30425e-05, 

83, 65, 0, 1.15578e-05, 

83, 66, 0, 9.95041e-06, 

83, 67, 0, 8.34738e-06, 

83, 68, 0, 6.85806e-06, 

83, 69, 0, 5.55818e-06, 

83, 70, 0, 4.48597e-06, 

83, 71, 0, 3.64786e-06, 

83, 72, 0, 3.02915e-06, 

83, 73, 0, 2.6052e-06, 

83, 74, 0, 2.35025e-06, 

83, 75, 0, 2.24311e-06, 

83, 76, 0, 2.26961e-06, 

83, 77, 0, 2.42263e-06, 

83, 78, 0, 2.70026e-06, 

83, 79, 0, 3.10252e-06, 

83, 80, 0, 3.62718e-06, 

83, 81, 0, 4.26548e-06, 

83, 82, 0, 4.99898e-06, 

83, 83, 0, 5.79895e-06, 

83, 84, 0, 6.62939e-06, 

83, 85, 0, 7.45342e-06, 

83, 86, 0, 8.24135e-06, 

83, 87, 0, 8.97788e-06, 

83, 88, 0, 9.66577e-06, 

83, 89, 0, 1.03248e-05, 

83, 90, 0, 1.09866e-05, 

83, 91, 0, 1.16862e-05, 

83, 92, 0, 1.24537e-05, 

83, 93, 0, 1.33056e-05, 

83, 94, 0, 1.42388e-05, 

83, 95, 0, 1.52284e-05, 

83, 96, 0, 1.623e-05, 

83, 97, 0, 1.71891e-05, 

83, 98, 0, 1.80584e-05, 

83, 99, 0, 1.88185e-05, 

83, 100, 0, 1.95019e-05, 

83, 101, 0, 2.02152e-05, 

83, 102, 0, 2.11623e-05, 

83, 103, 0, 2.26802e-05, 

83, 104, 0, 2.53121e-05, 

83, 105, 0, 2.99606e-05, 

83, 106, 0, 3.81958e-05, 

83, 107, 0, 5.28489e-05, 

83, 108, 0, 7.9103e-05, 

83, 109, 0, 0.000126392, 

83, 110, 0, 0.000211446, 

83, 111, 0, 0.000362561, 

83, 112, 0, 0.000624134, 

83, 113, 0, 0.00105815, 

83, 114, 0, 0.00173545, 

83, 115, 0, 0.00270599, 

83, 116, 0, 0.00393934, 

83, 117, 0, 0.00524257, 

83, 118, 0, 0.00619729, 

83, 119, 0, 0.00619729, 

84, 0, 0, 0.386272, 

84, 1, 0, 0.386272, 

84, 2, 0, 0.365193, 

84, 3, 0, 0.331132, 

84, 4, 0, 0.290272, 

84, 5, 0, 0.247141, 

84, 6, 0, 0.20492, 

84, 7, 0, 0.165726, 

84, 8, 0, 0.130844, 

84, 9, 0, 0.100908, 

84, 10, 0, 0.0760566, 

84, 11, 0, 0.0560586, 

84, 12, 0, 0.0404375, 

84, 13, 0, 0.0285767, 

84, 14, 0, 0.0198098, 

84, 15, 0, 0.0134916, 

84, 16, 0, 0.00904338, 

84, 17, 0, 0.00597812, 

84, 18, 0, 0.00390617, 

84, 19, 0, 0.00252938, 

84, 20, 0, 0.00162802, 

84, 21, 0, 0.00104533, 

84, 22, 0, 0.000672535, 

84, 23, 0, 0.000435979, 

84, 24, 0, 0.0002868, 

84, 25, 0, 0.000193167, 

84, 26, 0, 0.000134679, 

84, 27, 0, 9.84514e-05, 

84, 28, 0, 7.64687e-05, 

84, 29, 0, 6.38371e-05, 

84, 30, 0, 5.76497e-05, 

84, 31, 0, 5.62643e-05, 

84, 32, 0, 5.88386e-05, 

84, 33, 0, 6.50201e-05, 

84, 34, 0, 7.47115e-05, 

84, 35, 0, 8.78604e-05, 

84, 36, 0, 0.000104248, 

84, 37, 0, 0.000123277, 

84, 38, 0, 0.000143807, 

84, 39, 0, 0.000164092, 

84, 40, 0, 0.000181911, 

84, 41, 0, 0.000194909, 

84, 42, 0, 0.000201102, 

84, 43, 0, 0.000199391, 

84, 44, 0, 0.00018989, 

84, 45, 0, 0.000173918, 

84, 46, 0, 0.000153652, 

84, 47, 0, 0.000131576, 

84, 48, 0, 0.000109941, 

84, 49, 0, 9.03969e-05, 

84, 50, 0, 7.38787e-05, 

84, 51, 0, 6.0687e-05, 

84, 52, 0, 5.0677e-05, 

84, 53, 0, 4.34578e-05, 

84, 54, 0, 3.85461e-05, 

84, 55, 0, 3.54579e-05, 

84, 56, 0, 3.37446e-05, 

84, 57, 0, 3.29952e-05, 

84, 58, 0, 3.28247e-05, 

84, 59, 0, 3.28658e-05, 

84, 60, 0, 3.27763e-05, 

84, 61, 0, 3.22645e-05, 

84, 62, 0, 3.11262e-05, 

84, 63, 0, 2.92772e-05, 

84, 64, 0, 2.67673e-05, 

84, 65, 0, 2.37636e-05, 

84, 66, 0, 2.05065e-05, 

84, 67, 0, 1.72529e-05, 

84, 68, 0, 1.42246e-05, 

84, 69, 0, 1.15763e-05, 

84, 70, 0, 9.38724e-06, 

84, 71, 0, 7.67262e-06, 

84, 72, 0, 6.40446e-06, 

84, 73, 0, 5.53411e-06, 

84, 74, 0, 5.0101e-06, 

84, 75, 0, 4.78946e-06, 

84, 76, 0, 4.84273e-06, 

84, 77, 0, 5.15396e-06, 

84, 78, 0, 5.7169e-06, 

84, 79, 0, 6.52847e-06, 

84, 80, 0, 7.58054e-06, 

84, 81, 0, 8.85191e-06, 

84, 82, 0, 1.03028e-05, 

84, 83, 0, 1.18745e-05, 

84, 84, 0, 1.34961e-05, 

84, 85, 0, 1.50971e-05, 

84, 86, 0, 1.6623e-05, 

84, 87, 0, 1.80479e-05, 

84, 88, 0, 1.93808e-05, 

84, 89, 0, 2.06623e-05, 

84, 90, 0, 2.19536e-05, 

84, 91, 0, 2.33209e-05, 

84, 92, 0, 2.48179e-05, 

84, 93, 0, 2.64705e-05, 

84, 94, 0, 2.82657e-05, 

84, 95, 0, 3.01476e-05, 

84, 96, 0, 3.20237e-05, 

84, 97, 0, 3.37851e-05, 

84, 98, 0, 3.53384e-05, 

84, 99, 0, 3.66472e-05, 

84, 100, 0, 3.7773e-05, 

84, 101, 0, 3.89124e-05, 

84, 102, 0, 4.04317e-05, 

84, 103, 0, 4.29185e-05, 

84, 104, 0, 4.72898e-05, 

84, 105, 0, 5.50214e-05, 

84, 106, 0, 6.86088e-05, 

84, 107, 0, 9.24375e-05, 

84, 108, 0, 0.00013435, 

84, 109, 0, 0.000208306, 

84, 110, 0, 0.000338536, 

84, 111, 0, 0.000565162, 

84, 112, 0, 0.000949806, 

84, 113, 0, 0.00157658, 

84, 114, 0, 0.00253891, 

84, 115, 0, 0.0038985, 

84, 116, 0, 0.00560589, 

84, 117, 0, 0.00739335, 

84, 118, 0, 0.00869452, 

84, 119, 0, 0.00869452, 

85, 0, 0, 0.451974, 

85, 1, 0, 0.451974, 

85, 2, 0, 0.429977, 

85, 3, 0, 0.393981, 

85, 4, 0, 0.350084, 

85, 5, 0, 0.302832, 

85, 6, 0, 0.255552, 

85, 7, 0, 0.210612, 

85, 8, 0, 0.169608, 

85, 9, 0, 0.133507, 

85, 10, 0, 0.102747, 

85, 11, 0, 0.0773401, 

85, 12, 0, 0.056972, 

85, 13, 0, 0.0411055, 

85, 14, 0, 0.0290801, 

85, 15, 0, 0.0201998, 

85, 16, 0, 0.0137998, 

85, 17, 0, 0.00929006, 

85, 18, 0, 0.00617683, 

85, 19, 0, 0.00406696, 

85, 20, 0, 0.00266017, 

85, 21, 0, 0.00173522, 

85, 22, 0, 0.00113417, 

85, 23, 0, 0.000747258, 

85, 24, 0, 0.000500006, 

85, 25, 0, 0.000342933, 

85, 26, 0, 0.000243771, 

85, 27, 0, 0.000181841, 

85, 28, 0, 0.000144125, 

85, 29, 0, 0.000122601, 

85, 30, 0, 0.000112482, 

85, 31, 0, 0.000111064, 

85, 32, 0, 0.000116976, 

85, 33, 0, 0.000129655, 

85, 34, 0, 0.000148935, 

85, 35, 0, 0.000174661, 

85, 36, 0, 0.000206306, 

85, 37, 0, 0.000242589, 

85, 38, 0, 0.000281196, 

85, 39, 0, 0.000318725, 

85, 40, 0, 0.000350982, 

85, 41, 0, 0.00037366, 

85, 42, 0, 0.000383277, 

85, 43, 0, 0.000378087, 

85, 44, 0, 0.000358601, 

85, 45, 0, 0.000327489, 

85, 46, 0, 0.000288889, 

85, 47, 0, 0.000247388, 

85, 48, 0, 0.000207052, 

85, 49, 0, 0.000170816, 

85, 50, 0, 0.000140302, 

85, 51, 0, 0.000115997, 

85, 52, 0, 9.75963e-05, 

85, 53, 0, 8.43683e-05, 

85, 54, 0, 7.54219e-05, 

85, 55, 0, 6.98659e-05, 

85, 56, 0, 6.687e-05, 

85, 57, 0, 6.56648e-05, 

85, 58, 0, 6.55196e-05, 

85, 59, 0, 6.57297e-05, 

85, 60, 0, 6.56342e-05, 

85, 61, 0, 6.46683e-05, 

85, 62, 0, 6.24375e-05, 

85, 63, 0, 5.87833e-05, 

85, 64, 0, 5.38093e-05, 

85, 65, 0, 4.78488e-05, 

85, 66, 0, 4.13793e-05, 

85, 67, 0, 3.49099e-05, 

85, 68, 0, 2.88811e-05, 

85, 69, 0, 2.36012e-05, 

85, 70, 0, 1.923e-05, 

85, 71, 0, 1.58006e-05, 

85, 72, 0, 1.32605e-05, 

85, 73, 0, 1.15156e-05, 

85, 74, 0, 1.04651e-05, 

85, 75, 0, 1.00238e-05, 

85, 76, 0, 1.01319e-05, 

85, 77, 0, 1.07548e-05, 

85, 78, 0, 1.18753e-05, 

85, 79, 0, 1.34809e-05, 

85, 80, 0, 1.55478e-05, 

85, 81, 0, 1.80266e-05, 

85, 82, 0, 2.08332e-05, 

85, 83, 0, 2.38494e-05, 

85, 84, 0, 2.69382e-05, 

85, 85, 0, 2.99678e-05, 

85, 86, 0, 3.28407e-05, 

85, 87, 0, 3.55162e-05, 

85, 88, 0, 3.8019e-05, 

85, 89, 0, 4.04316e-05, 

85, 90, 0, 4.28715e-05, 

85, 91, 0, 4.5461e-05, 

85, 92, 0, 4.82949e-05, 

85, 93, 0, 5.14123e-05, 

85, 94, 0, 5.47763e-05, 

85, 95, 0, 5.82694e-05, 

85, 96, 0, 6.17073e-05, 

85, 97, 0, 6.48788e-05, 

85, 98, 0, 6.76076e-05, 

85, 99, 0, 6.98272e-05, 

85, 100, 0, 7.16534e-05, 

85, 101, 0, 7.34433e-05, 

85, 102, 0, 7.58457e-05, 

85, 103, 0, 7.9873e-05, 

85, 104, 0, 8.70577e-05, 

85, 105, 0, 9.97919e-05, 

85, 106, 0, 0.000122007, 

85, 107, 0, 0.000160433, 

85, 108, 0, 0.000226825, 

85, 109, 0, 0.000341632, 

85, 110, 0, 0.000539569, 

85, 111, 0, 0.00087686, 

85, 112, 0, 0.00143795, 

85, 113, 0, 0.00233532, 

85, 114, 0, 0.00369009, 

85, 115, 0, 0.00557602, 

85, 116, 0, 0.00791515, 

85, 117, 0, 0.0103402, 

85, 118, 0, 0.0120936, 

85, 119, 0, 0.0120936, 

86, 0, 0, 0.517862, 

86, 1, 0, 0.517862, 

86, 2, 0, 0.495542, 

86, 3, 0, 0.458568, 

86, 4, 0, 0.412751, 

86, 5, 0, 0.362485, 

86, 6, 0, 0.311097, 

86, 7, 0, 0.261101, 

86, 8, 0, 0.214353, 

86, 9, 0, 0.172134, 

86, 10, 0, 0.135218, 

86, 11, 0, 0.103919, 

86, 12, 0, 0.0781633, 

86, 13, 0, 0.0575743, 

86, 14, 0, 0.0415684, 

86, 15, 0, 0.0294531, 

86, 16, 0, 0.0205112, 

86, 17, 0, 0.0140656, 

86, 18, 0, 0.00951941, 

86, 19, 0, 0.00637588, 

86, 20, 0, 0.00424031, 

86, 21, 0, 0.0028117, 

86, 22, 0, 0.0018684, 

86, 23, 0, 0.00125213, 

86, 24, 0, 0.000852917, 

86, 25, 0, 0.00059616, 

86, 26, 0, 0.000432329, 

86, 27, 0, 0.000329203, 

86, 28, 0, 0.000266244, 

86, 29, 0, 0.000230686, 

86, 30, 0, 0.000214872, 

86, 31, 0, 0.000214493, 

86, 32, 0, 0.000227386, 

86, 33, 0, 0.000252675, 

86, 34, 0, 0.000290059, 

86, 35, 0, 0.000339131, 

86, 36, 0, 0.000398681, 

86, 37, 0, 0.000466047, 

86, 38, 0, 0.000536671, 

86, 39, 0, 0.000604104, 

86, 40, 0, 0.00066065, 

86, 41, 0, 0.000698677, 

86, 42, 0, 0.000712312, 

86, 43, 0, 0.000698976, 

86, 44, 0, 0.00066017, 

86, 45, 0, 0.000601136, 

86, 46, 0, 0.000529521, 

86, 47, 0, 0.000453545, 

86, 48, 0, 0.000380347, 

86, 49, 0, 0.000314974, 

86, 50, 0, 0.000260144, 

86, 51, 0, 0.000216597, 

86, 52, 0, 0.000183724, 

86, 53, 0, 0.000160188, 

86, 54, 0, 0.000144393, 

86, 55, 0, 0.00013474, 

86, 56, 0, 0.000129733, 

86, 57, 0, 0.000127964, 

86, 58, 0, 0.000128077, 

86, 59, 0, 0.000128749, 

86, 60, 0, 0.000128728, 

86, 61, 0, 0.000126945, 

86, 62, 0, 0.000122656, 

86, 63, 0, 0.00011557, 

86, 64, 0, 0.000105904, 

86, 65, 0, 9.43123e-05, 

86, 66, 0, 8.17247e-05, 

86, 67, 0, 6.9131e-05, 

86, 68, 0, 5.73862e-05, 

86, 69, 0, 4.70901e-05, 

86, 70, 0, 3.85562e-05, 

86, 71, 0, 3.1853e-05, 

86, 72, 0, 2.68832e-05, 

86, 73, 0, 2.34683e-05, 

86, 74, 0, 2.1415e-05, 

86, 75, 0, 2.05583e-05, 

86, 76, 0, 2.07799e-05, 

86, 77, 0, 2.20067e-05, 

86, 78, 0, 2.4196e-05, 

86, 79, 0, 2.73105e-05, 

86, 80, 0, 3.12891e-05, 

86, 81, 0, 3.60208e-05, 

86, 82, 0, 4.13305e-05, 

86, 83, 0, 4.69855e-05, 

86, 84, 0, 5.27251e-05, 

86, 85, 0, 5.83085e-05, 

86, 86, 0, 6.35668e-05, 

86, 87, 0, 6.84411e-05, 

86, 88, 0, 7.2994e-05, 

86, 89, 0, 7.73899e-05, 

86, 90, 0, 8.18513e-05, 

86, 91, 0, 8.66012e-05, 

86, 92, 0, 9.18047e-05, 

86, 93, 0, 9.75177e-05, 

86, 94, 0, 0.000103654, 

86, 95, 0, 0.000109978, 

86, 96, 0, 0.000116137, 

86, 97, 0, 0.000121735, 

86, 98, 0, 0.00012645, 

86, 99, 0, 0.000130165, 

86, 100, 0, 0.000133093, 

86, 101, 0, 0.000135871, 

86, 102, 0, 0.000139629, 

86, 103, 0, 0.000146086, 

86, 104, 0, 0.000157772, 

86, 105, 0, 0.000178524, 

86, 106, 0, 0.000214469, 

86, 107, 0, 0.000275829, 

86, 108, 0, 0.00038002, 

86, 109, 0, 0.000556647, 

86, 110, 0, 0.000854825, 

86, 111, 0, 0.00135229, 

86, 112, 0, 0.00216307, 

86, 113, 0, 0.00343519, 

86, 114, 0, 0.00532255, 

86, 115, 0, 0.00790987, 

86, 116, 0, 0.0110777, 

86, 117, 0, 0.0143284, 

86, 118, 0, 0.0166623, 

86, 119, 0, 0.0166623, 

87, 0, 0, 0.582018, 

87, 1, 0, 0.582018, 

87, 2, 0, 0.559961, 

87, 3, 0, 0.522992, 

87, 4, 0, 0.476469, 

87, 5, 0, 0.424472, 

87, 6, 0, 0.37019, 

87, 7, 0, 0.316163, 

87, 8, 0, 0.26441, 

87, 9, 0, 0.216486, 

87, 10, 0, 0.173491, 

87, 11, 0, 0.136077, 

87, 12, 0, 0.104475, 

87, 13, 0, 0.0785481, 

87, 14, 0, 0.0578712, 

87, 15, 0, 0.0418256, 

87, 16, 0, 0.0296947, 

87, 17, 0, 0.020747, 

87, 18, 0, 0.0142973, 

87, 19, 0, 0.00974546, 

87, 20, 0, 0.00659368, 

87, 21, 0, 0.00444761, 

87, 22, 0, 0.00300711, 

87, 23, 0, 0.0020516, 

87, 24, 0, 0.00142392, 

87, 25, 0, 0.00101509, 

87, 26, 0, 0.000751419, 

87, 27, 0, 0.000584211, 

87, 28, 0, 0.000482032, 

87, 29, 0, 0.000425166, 

87, 30, 0, 0.000401747, 

87, 31, 0, 0.000405114, 

87, 32, 0, 0.000431962, 

87, 33, 0, 0.000480954, 

87, 34, 0, 0.000551514, 

87, 35, 0, 0.000642636, 

87, 36, 0, 0.00075168, 

87, 37, 0, 0.000873293, 

87, 38, 0, 0.000998762, 

87, 39, 0, 0.00111622, 

87, 40, 0, 0.00121198, 

87, 41, 0, 0.00127298, 

87, 42, 0, 0.00128973, 

87, 43, 0, 0.00125879, 

87, 44, 0, 0.00118387, 

87, 45, 0, 0.00107492, 

87, 46, 0, 0.000945664, 

87, 47, 0, 0.000810384, 

87, 48, 0, 0.000681218, 

87, 49, 0, 0.000566564, 

87, 50, 0, 0.000470808, 

87, 51, 0, 0.000395007, 

87, 52, 0, 0.000337981, 

87, 53, 0, 0.000297366, 

87, 54, 0, 0.000270375, 

87, 55, 0, 0.000254229, 

87, 56, 0, 0.000246292, 

87, 57, 0, 0.000244052, 

87, 58, 0, 0.000245047, 

87, 59, 0, 0.000246844, 

87, 60, 0, 0.000247126, 

87, 61, 0, 0.00024391, 

87, 62, 0, 0.000235826, 

87, 63, 0, 0.000222363, 

87, 64, 0, 0.000203961, 

87, 65, 0, 0.000181887, 

87, 66, 0, 0.000157916, 

87, 67, 0, 0.000133932, 

87, 68, 0, 0.000111557, 

87, 69, 0, 9.19301e-05, 

87, 70, 0, 7.5649e-05, 

87, 71, 0, 6.28496e-05, 

87, 72, 0, 5.33547e-05, 

87, 73, 0, 4.68323e-05, 

87, 74, 0, 4.29206e-05, 

87, 75, 0, 4.13075e-05, 

87, 76, 0, 4.17641e-05, 

87, 77, 0, 4.4141e-05, 

87, 78, 0, 4.83391e-05, 

87, 79, 0, 5.42624e-05, 

87, 80, 0, 6.17651e-05, 

87, 81, 0, 7.06067e-05, 

87, 82, 0, 8.04321e-05, 

87, 83, 0, 9.07904e-05, 

87, 84, 0, 0.000101196, 

87, 85, 0, 0.000111219, 

87, 86, 0, 0.000120575, 

87, 87, 0, 0.00012919, 

87, 88, 0, 0.00013721, 

87, 89, 0, 0.000144959, 

87, 90, 0, 0.00015285, 

87, 91, 0, 0.000161285, 

87, 92, 0, 0.000170547, 

87, 93, 0, 0.000180713, 

87, 94, 0, 0.000191601, 

87, 95, 0, 0.00020276, 

87, 96, 0, 0.000213539, 

87, 97, 0, 0.000223222, 

87, 98, 0, 0.000231234, 

87, 99, 0, 0.000237376, 

87, 100, 0, 0.000242033, 

87, 101, 0, 0.000246314, 

87, 102, 0, 0.000252148, 

87, 103, 0, 0.000262408, 

87, 104, 0, 0.000281213, 

87, 105, 0, 0.000314639, 

87, 106, 0, 0.000372119, 

87, 107, 0, 0.000468982, 

87, 108, 0, 0.000630702, 

87, 109, 0, 0.000899555, 

87, 110, 0, 0.00134403, 

87, 111, 0, 0.00206999, 

87, 112, 0, 0.00322888, 

87, 113, 0, 0.00501196, 

87, 114, 0, 0.00761045, 

87, 115, 0, 0.0111167, 

87, 116, 0, 0.0153525, 

87, 117, 0, 0.0196534, 

87, 118, 0, 0.0227185, 

87, 119, 0, 0.0227185, 

88, 0, 0, 0.642778, 

88, 1, 0, 0.642778, 

88, 2, 0, 0.621513, 

88, 3, 0, 0.585473, 

88, 4, 0, 0.539437, 

88, 5, 0, 0.487055, 

88, 6, 0, 0.431247, 

88, 7, 0, 0.374453, 

88, 8, 0, 0.31875, 

88, 9, 0, 0.265881, 

88, 10, 0, 0.217232, 

88, 11, 0, 0.173793, 

88, 12, 0, 0.136138, 

88, 13, 0, 0.104436, 

88, 14, 0, 0.0785002, 

88, 15, 0, 0.057865, 

88, 16, 0, 0.0418833, 

88, 17, 0, 0.0298194, 

88, 18, 0, 0.0209305, 

88, 19, 0, 0.0145262, 

88, 20, 0, 0.0100049, 

88, 21, 0, 0.00687011, 

88, 22, 0, 0.0047302, 

88, 23, 0, 0.00328837, 

88, 24, 0, 0.00232747, 

88, 25, 0, 0.00169349, 

88, 26, 0, 0.00128023, 

88, 27, 0, 0.00101636, 

88, 28, 0, 0.000855245, 

88, 29, 0, 0.000767375, 

88, 30, 0, 0.000734927, 

88, 31, 0, 0.000747934, 

88, 32, 0, 0.000801495, 

88, 33, 0, 0.00089358, 

88, 34, 0, 0.00102302, 

88, 35, 0, 0.00118748, 

88, 36, 0, 0.00138147, 

88, 37, 0, 0.00159458, 

88, 38, 0, 0.00181069, 

88, 39, 0, 0.00200863, 

88, 40, 0, 0.0021649, 

88, 41, 0, 0.00225793, 

88, 42, 0, 0.00227312, 

88, 43, 0, 0.00220662, 

88, 44, 0, 0.00206663, 

88, 45, 0, 0.00187139, 

88, 46, 0, 0.00164473, 

88, 47, 0, 0.0014107, 

88, 48, 0, 0.00118928, 

88, 49, 0, 0.000993959, 

88, 50, 0, 0.000831555, 

88, 51, 0, 0.000703462, 

88, 52, 0, 0.00060749, 

88, 53, 0, 0.000539579, 

88, 54, 0, 0.000495021, 

88, 55, 0, 0.000469103, 

88, 56, 0, 0.000457312, 

88, 57, 0, 0.000455269, 

88, 58, 0, 0.000458602, 

88, 59, 0, 0.000462931, 

88, 60, 0, 0.00046406, 

88, 61, 0, 0.000458395, 

88, 62, 0, 0.000443478, 

88, 63, 0, 0.000418439, 

88, 64, 0, 0.000384161, 

88, 65, 0, 0.000343043, 

88, 66, 0, 0.000298409, 

88, 67, 0, 0.00025376, 

88, 68, 0, 0.000212105, 

88, 69, 0, 0.000175554, 

88, 70, 0, 0.000145216, 

88, 71, 0, 0.000121352, 

88, 72, 0, 0.000103645, 

88, 73, 0, 9.14918e-05, 

88, 74, 0, 8.42307e-05, 

88, 75, 0, 8.12859e-05, 

88, 76, 0, 8.22251e-05, 

88, 77, 0, 8.67519e-05, 

88, 78, 0, 9.46484e-05, 

88, 79, 0, 0.000105689, 

88, 80, 0, 0.000119546, 

88, 81, 0, 0.000135717, 

88, 82, 0, 0.000153499, 

88, 83, 0, 0.000172036, 

88, 84, 0, 0.000190444, 

88, 85, 0, 0.000207969, 

88, 86, 0, 0.000224152, 

88, 87, 0, 0.000238923, 

88, 88, 0, 0.000252602, 

88, 89, 0, 0.000265811, 

88, 90, 0, 0.000279308, 

88, 91, 0, 0.000293804, 

88, 92, 0, 0.00030978, 

88, 93, 0, 0.000327338, 

88, 94, 0, 0.000346119, 

88, 95, 0, 0.000365298, 

88, 96, 0, 0.000383713, 

88, 97, 0, 0.000400105, 

88, 98, 0, 0.000413483, 

88, 99, 0, 0.000423519, 

88, 100, 0, 0.000430881, 

88, 101, 0, 0.000437456, 

88, 102, 0, 0.000446472, 

88, 103, 0, 0.000462637, 

88, 104, 0, 0.000492555, 

88, 105, 0, 0.000545705, 

88, 106, 0, 0.00063641, 

88, 107, 0, 0.000787326, 

88, 108, 0, 0.00103517, 

88, 109, 0, 0.00143937, 

88, 110, 0, 0.00209391, 

88, 111, 0, 0.00314047, 

88, 112, 0, 0.00477655, 

88, 113, 0, 0.00724427, 

88, 114, 0, 0.0107753, 

88, 115, 0, 0.0154632, 

88, 116, 0, 0.021049, 

88, 117, 0, 0.0266591, 

88, 118, 0, 0.030627, 

88, 119, 0, 0.030627, 

89, 0, 0, 0.698849, 

89, 1, 0, 0.698849, 

89, 2, 0, 0.678815, 

89, 3, 0, 0.644495, 

89, 4, 0, 0.600027, 

89, 5, 0, 0.548545, 

89, 6, 0, 0.492606, 

89, 7, 0, 0.434437, 

89, 8, 0, 0.376056, 

89, 9, 0, 0.319295, 

89, 10, 0, 0.265749, 

89, 11, 0, 0.216709, 

89, 12, 0, 0.173096, 

89, 13, 0, 0.135427, 

89, 14, 0, 0.103817, 

89, 15, 0, 0.0780368, 

89, 16, 0, 0.0575835, 

89, 17, 0, 0.0417829, 

89, 18, 0, 0.0298811, 

89, 19, 0, 0.0211251, 

89, 20, 0, 0.0148209, 

89, 21, 0, 0.0103686, 

89, 22, 0, 0.00727621, 

89, 23, 0, 0.00515884, 

89, 24, 0, 0.00372669, 

89, 25, 0, 0.00276932, 

89, 26, 0, 0.00213864, 

89, 27, 0, 0.00173349, 

89, 28, 0, 0.00148685, 

89, 29, 0, 0.00135595, 

89, 30, 0, 0.00131486, 

89, 31, 0, 0.00134913, 

89, 32, 0, 0.00145168, 

89, 33, 0, 0.00161939, 

89, 34, 0, 0.00184982, 

89, 35, 0, 0.00213789, 

89, 36, 0, 0.0024726, 

89, 37, 0, 0.00283449, 

89, 38, 0, 0.00319471, 

89, 39, 0, 0.00351682, 

89, 40, 0, 0.00376183, 

89, 41, 0, 0.0038956, 

89, 42, 0, 0.00389684, 

89, 43, 0, 0.0037627, 

89, 44, 0, 0.00350991, 

89, 45, 0, 0.00317067, 

89, 46, 0, 0.00278498, 

89, 47, 0, 0.00239205, 

89, 48, 0, 0.00202363, 

89, 49, 0, 0.00170065, 

89, 50, 0, 0.00143333, 

89, 51, 0, 0.00122333, 

89, 52, 0, 0.00106675, 

89, 53, 0, 0.000956849, 

89, 54, 0, 0.000885907, 

89, 55, 0, 0.000846167, 

89, 56, 0, 0.000830091, 

89, 57, 0, 0.000830222, 

89, 58, 0, 0.000838973, 

89, 59, 0, 0.000848635, 

89, 60, 0, 0.000851778, 

89, 61, 0, 0.00084204, 

89, 62, 0, 0.000815121, 

89, 63, 0, 0.000769595, 

89, 64, 0, 0.000707197, 

89, 65, 0, 0.000632369, 

89, 66, 0, 0.000551189, 

89, 67, 0, 0.000470017, 

89, 68, 0, 0.000394299, 

89, 69, 0, 0.000327845, 

89, 70, 0, 0.000272666, 

89, 71, 0, 0.000229242, 

89, 72, 0, 0.000197022, 

89, 73, 0, 0.000174936, 

89, 74, 0, 0.000161807, 

89, 75, 0, 0.000156597, 

89, 76, 0, 0.000158511, 

89, 77, 0, 0.000166976, 

89, 78, 0, 0.000181536, 

89, 79, 0, 0.000201692, 

89, 80, 0, 0.000226749, 

89, 81, 0, 0.000255689, 

89, 82, 0, 0.000287158, 

89, 83, 0, 0.000319571, 

89, 84, 0, 0.000351345, 

89, 85, 0, 0.000381199, 

89, 86, 0, 0.000408415, 

89, 87, 0, 0.000432981, 

89, 88, 0, 0.000455567, 

89, 89, 0, 0.000477338, 

89, 90, 0, 0.000499657, 

89, 91, 0, 0.000523762, 

89, 92, 0, 0.000550459, 

89, 93, 0, 0.000579881, 

89, 94, 0, 0.000611361, 

89, 95, 0, 0.000643446, 

89, 96, 0, 0.000674125, 

89, 97, 0, 0.000701259, 

89, 98, 0, 0.000723185, 

89, 99, 0, 0.000739366, 

89, 100, 0, 0.000750938, 

89, 101, 0, 0.000761029, 

89, 102, 0, 0.000774912, 

89, 103, 0, 0.000800158, 

89, 104, 0, 0.000847161, 

89, 105, 0, 0.000930475, 

89, 106, 0, 0.0010715, 

89, 107, 0, 0.0013032, 

89, 108, 0, 0.0016776, 

89, 109, 0, 0.00227683, 

89, 110, 0, 0.00322752, 

89, 111, 0, 0.0047157, 

89, 112, 0, 0.00699377, 

89, 113, 0, 0.0103613, 

89, 114, 0, 0.0150913, 

89, 115, 0, 0.0212678, 

89, 116, 0, 0.0285246, 

89, 117, 0, 0.0357323, 

89, 118, 0, 0.0407907, 

89, 119, 0, 0.0407907, 

90, 0, 0, 0.749368, 

90, 1, 0, 0.749368, 

90, 2, 0, 0.730887, 

90, 3, 0, 0.698905, 

90, 4, 0, 0.656895, 

90, 5, 0, 0.607445, 

90, 6, 0, 0.552681, 

90, 7, 0, 0.494533, 

90, 8, 0, 0.434855, 

90, 9, 0, 0.375455, 

90, 10, 0, 0.318042, 

90, 11, 0, 0.264139, 

90, 12, 0, 0.214982, 

90, 13, 0, 0.171441, 

90, 14, 0, 0.133982, 

90, 15, 0, 0.102671, 

90, 16, 0, 0.0772298, 

90, 17, 0, 0.0571182, 

90, 18, 0, 0.0416314, 

90, 19, 0, 0.0299962, 

90, 20, 0, 0.0214506, 

90, 21, 0, 0.0153007, 

90, 22, 0, 0.0109531, 

90, 23, 0, 0.00792667, 

90, 24, 0, 0.00584845, 

90, 25, 0, 0.00444065, 

90, 26, 0, 0.00350364, 

90, 27, 0, 0.0028986, 

90, 28, 0, 0.00253235, 

90, 29, 0, 0.00234485, 

90, 30, 0, 0.00229961, 

90, 31, 0, 0.00237633, 

90, 32, 0, 0.00256497, 

90, 33, 0, 0.00286057, 

90, 34, 0, 0.00325804, 

90, 35, 0, 0.00374687, 

90, 36, 0, 0.00430608, 

90, 37, 0, 0.00490058, 

90, 38, 0, 0.00548061, 

90, 39, 0, 0.00598571, 

90, 40, 0, 0.00635365, 

90, 41, 0, 0.00653267, 

90, 42, 0, 0.00649368, 

90, 43, 0, 0.00623797, 

90, 44, 0, 0.00579739, 

90, 45, 0, 0.00522663, 

90, 46, 0, 0.00459054, 

90, 47, 0, 0.00395081, 

90, 48, 0, 0.0033562, 

90, 49, 0, 0.00283814, 

90, 50, 0, 0.00241134, 

90, 51, 0, 0.00207749, 

90, 52, 0, 0.00182999, 

90, 53, 0, 0.00165804, 

90, 54, 0, 0.00154934, 

90, 55, 0, 0.00149149, 

90, 56, 0, 0.00147222, 

90, 57, 0, 0.00147913, 

90, 58, 0, 0.00149933, 

90, 59, 0, 0.00151958, 

90, 60, 0, 0.00152703, 

90, 61, 0, 0.00151069, 

90, 62, 0, 0.00146324, 

90, 63, 0, 0.00138244, 

90, 64, 0, 0.00127158, 

90, 65, 0, 0.0011387, 

90, 66, 0, 0.000994653, 

90, 67, 0, 0.000850687, 

90, 68, 0, 0.000716417, 

90, 69, 0, 0.000598558, 

90, 70, 0, 0.000500655, 

90, 71, 0, 0.00042358, 

90, 72, 0, 0.000366401, 

90, 73, 0, 0.000327274, 

90, 74, 0, 0.000304155, 

90, 75, 0, 0.000295225, 

90, 76, 0, 0.00029906, 

90, 77, 0, 0.000314583, 

90, 78, 0, 0.000340872, 

90, 79, 0, 0.000376892, 

90, 80, 0, 0.000421223, 

90, 81, 0, 0.000471882, 

90, 82, 0, 0.000526327, 

90, 83, 0, 0.000581694, 

90, 84, 0, 0.000635223, 

90, 85, 0, 0.000684781, 

90, 86, 0, 0.00072929, 

90, 87, 0, 0.000768928, 

90, 88, 0, 0.000805028, 

90, 89, 0, 0.000839715, 

90, 90, 0, 0.000875392, 

90, 91, 0, 0.000914173, 

90, 92, 0, 0.000957393, 

90, 93, 0, 0.00100522, 

90, 94, 0, 0.00105648, 

90, 95, 0, 0.00110869, 

90, 96, 0, 0.0011585, 

90, 97, 0, 0.00120236, 

90, 98, 0, 0.00123756, 

90, 99, 0, 0.00126326, 

90, 100, 0, 0.00128131, 

90, 101, 0, 0.00129677, 

90, 102, 0, 0.00131806, 

90, 103, 0, 0.00135709, 

90, 104, 0, 0.0014299, 

90, 105, 0, 0.00155845, 

90, 106, 0, 0.00177417, 

90, 107, 0, 0.00212415, 

90, 108, 0, 0.00268078, 

90, 109, 0, 0.00355541, 

90, 110, 0, 0.00491529, 

90, 111, 0, 0.00699965, 

90, 112, 0, 0.0101239, 

90, 113, 0, 0.0146498, 

90, 114, 0, 0.0208882, 

90, 115, 0, 0.0288992, 

90, 116, 0, 0.0381781, 

90, 117, 0, 0.0472906, 

90, 118, 0, 0.053636, 

90, 119, 0, 0.053636, 

91, 0, 0, 0.793892, 

91, 1, 0, 0.793892, 

91, 2, 0, 0.777167, 

91, 3, 0, 0.747946, 

91, 4, 0, 0.709057, 

91, 5, 0, 0.662545, 

91, 6, 0, 0.610084, 

91, 7, 0, 0.553247, 

91, 8, 0, 0.493641, 

91, 9, 0, 0.432949, 

91, 10, 0, 0.372889, 

91, 11, 0, 0.315123, 

91, 12, 0, 0.261136, 

91, 13, 0, 0.212127, 

91, 14, 0, 0.168918, 

91, 15, 0, 0.131921, 

91, 16, 0, 0.101144, 

91, 17, 0, 0.0762526, 

91, 18, 0, 0.0566592, 

91, 19, 0, 0.0416256, 

91, 20, 0, 0.03036, 

91, 21, 0, 0.0220964, 

91, 22, 0, 0.0161482, 

91, 23, 0, 0.0119371, 

91, 24, 0, 0.00900055, 

91, 25, 0, 0.00698472, 

91, 26, 0, 0.00562962, 

91, 27, 0, 0.00475117, 

91, 28, 0, 0.00422404, 

91, 29, 0, 0.00396676, 

91, 30, 0, 0.00392958, 

91, 31, 0, 0.00408477, 

91, 32, 0, 0.00441824, 

91, 33, 0, 0.00492178, 

91, 34, 0, 0.00558505, 

91, 35, 0, 0.00638743, 

91, 36, 0, 0.00729058, 

91, 37, 0, 0.00823377, 

91, 38, 0, 0.00913446, 

91, 39, 0, 0.00989612, 

91, 40, 0, 0.0104234, 

91, 41, 0, 0.0106415, 

91, 42, 0, 0.0105136, 

91, 43, 0, 0.010051, 

91, 44, 0, 0.00931071, 

91, 45, 0, 0.00838197, 

91, 46, 0, 0.0073661, 

91, 47, 0, 0.00635685, 

91, 48, 0, 0.00542659, 

91, 49, 0, 0.00462087, 

91, 50, 0, 0.00396014, 

91, 51, 0, 0.00344574, 

91, 52, 0, 0.00306698, 

91, 53, 0, 0.00280713, 

91, 54, 0, 0.00264724, 

91, 55, 0, 0.00256802, 

91, 56, 0, 0.00255, 

91, 57, 0, 0.00257301, 

91, 58, 0, 0.00261572, 

91, 59, 0, 0.00265588, 

91, 60, 0, 0.0026718, 

91, 61, 0, 0.00264504, 

91, 62, 0, 0.00256344, 

91, 63, 0, 0.00242361, 

91, 64, 0, 0.00223166, 

91, 65, 0, 0.00200173, 

91, 66, 0, 0.00175264, 

91, 67, 0, 0.00150381, 

91, 68, 0, 0.00127176, 

91, 69, 0, 0.00106802, 

91, 70, 0, 0.000898697, 

91, 71, 0, 0.000765337, 

91, 72, 0, 0.000666421, 

91, 73, 0, 0.000598871, 

91, 74, 0, 0.000559237, 

91, 75, 0, 0.000544419, 

91, 76, 0, 0.000551926, 

91, 77, 0, 0.000579791, 

91, 78, 0, 0.000626229, 

91, 79, 0, 0.000689179, 

91, 80, 0, 0.000765867, 

91, 81, 0, 0.000852557, 

91, 82, 0, 0.000944621, 

91, 83, 0, 0.00103701, 

91, 84, 0, 0.00112503, 

91, 85, 0, 0.00120522, 

91, 86, 0, 0.00127604, 

91, 87, 0, 0.0013381, 

91, 88, 0, 0.00139396, 

91, 89, 0, 0.00144739, 

91, 90, 0, 0.00150251, 

91, 91, 0, 0.00156288, 

91, 92, 0, 0.00163066, 

91, 93, 0, 0.00170608, 

91, 94, 0, 0.00178712, 

91, 95, 0, 0.00186974, 

91, 96, 0, 0.00194846, 

91, 97, 0, 0.00201761, 

91, 98, 0, 0.00207287, 

91, 99, 0, 0.00211294, 

91, 100, 0, 0.00214079, 

91, 101, 0, 0.00216437, 

91, 102, 0, 0.00219679, 

91, 103, 0, 0.00225638, 

91, 104, 0, 0.00236741, 

91, 105, 0, 0.00256236, 

91, 106, 0, 0.0028865, 

91, 107, 0, 0.00340584, 

91, 108, 0, 0.00421914, 

91, 109, 0, 0.00547423, 

91, 110, 0, 0.00738729, 

91, 111, 0, 0.0102591, 

91, 112, 0, 0.0144743, 

91, 113, 0, 0.0204579, 

91, 114, 0, 0.0285513, 

91, 115, 0, 0.03877, 

91, 116, 0, 0.0504371, 

91, 117, 0, 0.0617657, 

91, 118, 0, 0.0695925, 

91, 119, 0, 0.0695925, 

92, 0, 0, 0.832353, 

92, 1, 0, 0.832353, 

92, 2, 0, 0.817476, 

92, 3, 0, 0.791247, 

92, 4, 0, 0.755903, 

92, 5, 0, 0.71298, 

92, 6, 0, 0.66371, 

92, 7, 0, 0.609286, 

92, 8, 0, 0.551012, 

92, 9, 0, 0.490361, 

92, 10, 0, 0.428962, 

92, 11, 0, 0.368513, 

92, 12, 0, 0.310663, 

92, 13, 0, 0.256878, 

92, 14, 0, 0.208317, 

92, 15, 0, 0.165747, 

92, 16, 0, 0.129506, 

92, 17, 0, 0.0995289, 

92, 18, 0, 0.075412, 

92, 19, 0, 0.0565144, 

92, 20, 0, 0.0420643, 

92, 21, 0, 0.0312581, 

92, 22, 0, 0.023336, 

92, 23, 0, 0.0176306, 

92, 24, 0, 0.0135897, 

92, 25, 0, 0.010779, 

92, 26, 0, 0.00887183, 

92, 27, 0, 0.0076324, 

92, 28, 0, 0.00689785, 

92, 29, 0, 0.00656126, 

92, 30, 0, 0.00655697, 

92, 31, 0, 0.00684802, 

92, 32, 0, 0.00741454, 

92, 33, 0, 0.00824249, 

92, 34, 0, 0.00931165, 

92, 35, 0, 0.0105836, 

92, 36, 0, 0.0119915, 

92, 37, 0, 0.0134344, 

92, 38, 0, 0.0147809, 

92, 39, 0, 0.0158831, 

92, 40, 0, 0.0166011, 

92, 41, 0, 0.0168319, 

92, 42, 0, 0.0165337, 

92, 43, 0, 0.0157373, 

92, 44, 0, 0.0145391, 

92, 45, 0, 0.0130789, 

92, 46, 0, 0.011509, 

92, 47, 0, 0.00996707, 

92, 48, 0, 0.00855684, 

92, 49, 0, 0.0073422, 

92, 50, 0, 0.00635072, 

92, 51, 0, 0.00558279, 

92, 52, 0, 0.0050219, 

92, 53, 0, 0.00464304, 

92, 54, 0, 0.00441797, 

92, 55, 0, 0.00431745, 

92, 56, 0, 0.00431135, 

92, 57, 0, 0.00436766, 

92, 58, 0, 0.00445184, 

92, 59, 0, 0.00452747, 

92, 60, 0, 0.00455896, 

92, 61, 0, 0.00451611, 

92, 62, 0, 0.00437934, 

92, 63, 0, 0.00414377, 

92, 64, 0, 0.00382031, 

92, 65, 0, 0.0034331, 

92, 66, 0, 0.0030139, 

92, 67, 0, 0.00259527, 

92, 68, 0, 0.00220483, 

92, 69, 0, 0.00186185, 

92, 70, 0, 0.0015766, 

92, 71, 0, 0.0013518, 

92, 72, 0, 0.0011851, 

92, 73, 0, 0.0010715, 

92, 74, 0, 0.00100537, 

92, 75, 0, 0.000981569, 

92, 76, 0, 0.000995861, 

92, 77, 0, 0.00104475, 

92, 78, 0, 0.0011249, 

92, 79, 0, 0.00123238, 

92, 80, 0, 0.001362, 

92, 81, 0, 0.00150693, 

92, 82, 0, 0.00165902, 

92, 83, 0, 0.00180959, 

92, 84, 0, 0.00195088, 

92, 85, 0, 0.00207742, 

92, 86, 0, 0.0021871, 

92, 87, 0, 0.00228148, 

92, 88, 0, 0.00236518, 

92, 89, 0, 0.00244474, 

92, 90, 0, 0.00252707, 

92, 91, 0, 0.002618, 

92, 92, 0, 0.00272099, 

92, 93, 0, 0.00283634, 

92, 94, 0, 0.00296077, 

92, 95, 0, 0.0030878, 

92, 96, 0, 0.00320884, 

92, 97, 0, 0.00331502, 

92, 98, 0, 0.00339969, 

92, 99, 0, 0.00346086, 

92, 100, 0, 0.00350314, 

92, 101, 0, 0.00353873, 

92, 102, 0, 0.00358755, 

92, 103, 0, 0.00367716, 

92, 104, 0, 0.00384349, 

92, 105, 0, 0.00413359, 

92, 106, 0, 0.00461139, 

92, 107, 0, 0.00536753, 

92, 108, 0, 0.00653385, 

92, 109, 0, 0.00830231, 

92, 110, 0, 0.0109459, 

92, 111, 0, 0.0148337, 

92, 112, 0, 0.0204226, 

92, 113, 0, 0.0281974, 

92, 114, 0, 0.0385163, 

92, 115, 0, 0.0513258, 

92, 116, 0, 0.0657414, 

92, 117, 0, 0.0795807, 

92, 118, 0, 0.0890681, 

92, 119, 0, 0.0890681, 

93, 0, 0, 0.864977, 

93, 1, 0, 0.864977, 

93, 2, 0, 0.851946, 

93, 3, 0, 0.828773, 

93, 4, 0, 0.797175, 

93, 5, 0, 0.758237, 

93, 6, 0, 0.712783, 

93, 7, 0, 0.661634, 

93, 8, 0, 0.605765, 

93, 9, 0, 0.546385, 

93, 10, 0, 0.484945, 

93, 11, 0, 0.423085, 

93, 12, 0, 0.362519, 

93, 13, 0, 0.304897, 

93, 14, 0, 0.251662, 

93, 15, 0, 0.203914, 

93, 16, 0, 0.16234, 

93, 17, 0, 0.127183, 

93, 18, 0, 0.0982825, 

93, 19, 0, 0.0751578, 

93, 20, 0, 0.0571142, 

93, 21, 0, 0.0433558, 

93, 22, 0, 0.0330812, 

93, 23, 0, 0.0255528, 

93, 24, 0, 0.0201375, 

93, 25, 0, 0.0163219, 

93, 26, 0, 0.0137105, 

93, 27, 0, 0.012012, 

93, 28, 0, 0.0110221, 

93, 29, 0, 0.0106052, 

93, 30, 0, 0.0106772, 

93, 31, 0, 0.0111897, 

93, 32, 0, 0.0121145, 

93, 33, 0, 0.0134269, 

93, 34, 0, 0.0150893, 

93, 35, 0, 0.0170339, 

93, 36, 0, 0.019149, 

93, 37, 0, 0.0212744, 

93, 38, 0, 0.0232093, 

93, 39, 0, 0.0247367, 

93, 40, 0, 0.0256603, 

93, 41, 0, 0.025846, 

93, 42, 0, 0.0252531, 

93, 43, 0, 0.0239459, 

93, 44, 0, 0.0220789, 

93, 45, 0, 0.0198618, 

93, 46, 0, 0.0175157, 

93, 47, 0, 0.0152352, 

93, 48, 0, 0.0131642, 

93, 49, 0, 0.0113898, 

93, 50, 0, 0.00994793, 

93, 51, 0, 0.0088375, 

93, 52, 0, 0.00803418, 

93, 53, 0, 0.00750196, 

93, 54, 0, 0.00719996, 

93, 55, 0, 0.00708512, 

93, 56, 0, 0.00711188, 

93, 57, 0, 0.00723064, 

93, 58, 0, 0.00738684, 

93, 59, 0, 0.00752246, 

93, 60, 0, 0.00758068, 

93, 61, 0, 0.00751353, 

93, 62, 0, 0.0072904, 

93, 63, 0, 0.00690456, 

93, 64, 0, 0.00637481, 

93, 65, 0, 0.00574108, 

93, 66, 0, 0.00505531, 

93, 67, 0, 0.00437053, 

93, 68, 0, 0.00373159, 

93, 69, 0, 0.00316985, 

93, 70, 0, 0.00270219, 

93, 71, 0, 0.00233333, 

93, 72, 0, 0.00205978, 

93, 73, 0, 0.00187379, 

93, 74, 0, 0.00176644, 

93, 75, 0, 0.00172946, 

93, 76, 0, 0.00175583, 

93, 77, 0, 0.00183953, 

93, 78, 0, 0.00197453, 

93, 79, 0, 0.00215364, 

93, 80, 0, 0.00236747, 

93, 81, 0, 0.00260405, 

93, 82, 0, 0.00284937, 

93, 83, 0, 0.00308903, 

93, 84, 0, 0.00331046, 

93, 85, 0, 0.00350528, 

93, 86, 0, 0.00367079, 

93, 87, 0, 0.00381025, 

93, 88, 0, 0.00393179, 

93, 89, 0, 0.00404636, 

93, 90, 0, 0.00416526, 

93, 91, 0, 0.0042978, 

93, 92, 0, 0.00444945, 

93, 93, 0, 0.00462057, 

93, 94, 0, 0.00480602, 

93, 95, 0, 0.0049958, 

93, 96, 0, 0.0051767, 

93, 97, 0, 0.00533532, 

93, 98, 0, 0.00546164, 

93, 99, 0, 0.00555273, 

93, 100, 0, 0.00561559, 

93, 101, 0, 0.00566843, 

93, 102, 0, 0.00574078, 

93, 103, 0, 0.0058731, 

93, 104, 0, 0.00611741, 

93, 105, 0, 0.0065404, 

93, 106, 0, 0.00723043, 

93, 107, 0, 0.00830927, 

93, 108, 0, 0.00994896, 

93, 109, 0, 0.012393, 

93, 110, 0, 0.0159776, 

93, 111, 0, 0.0211439, 

93, 112, 0, 0.0284198, 

93, 113, 0, 0.0383397, 

93, 114, 0, 0.0512596, 

93, 115, 0, 0.0670285, 

93, 116, 0, 0.0845209, 

93, 117, 0, 0.101125, 

93, 118, 0, 0.112422, 

93, 119, 0, 0.112422, 

94, 0, 0, 0.892202, 

94, 1, 0, 0.892202, 

94, 2, 0, 0.88094, 

94, 3, 0, 0.860752, 

94, 4, 0, 0.832912, 

94, 5, 0, 0.798123, 

94, 6, 0, 0.756856, 

94, 7, 0, 0.709589, 

94, 8, 0, 0.656971, 

94, 9, 0, 0.599915, 

94, 10, 0, 0.539641, 

94, 11, 0, 0.477643, 

94, 12, 0, 0.415604, 

94, 13, 0, 0.355268, 

94, 14, 0, 0.298276, 

94, 15, 0, 0.24602, 

94, 16, 0, 0.199514, 

94, 17, 0, 0.159328, 

94, 18, 0, 0.125586, 

94, 19, 0, 0.0980218, 

94, 20, 0, 0.0760763, 

94, 21, 0, 0.0590141, 

94, 22, 0, 0.0460341, 

94, 23, 0, 0.0363582, 

94, 24, 0, 0.0292906, 

94, 25, 0, 0.0242486, 

94, 26, 0, 0.0207713, 

94, 27, 0, 0.018512, 

94, 28, 0, 0.0172236, 

94, 29, 0, 0.0167398, 

94, 30, 0, 0.0169561, 

94, 31, 0, 0.0178097, 

94, 32, 0, 0.0192594, 

94, 33, 0, 0.0212627, 

94, 34, 0, 0.023753, 

94, 35, 0, 0.0266161, 

94, 36, 0, 0.0296747, 

94, 37, 0, 0.032685, 

94, 38, 0, 0.0353538, 

94, 39, 0, 0.0373763, 

94, 40, 0, 0.0384898, 

94, 41, 0, 0.0385294, 

94, 42, 0, 0.0374667, 

94, 43, 0, 0.0354179, 

94, 44, 0, 0.032618, 

94, 45, 0, 0.0293688, 

94, 46, 0, 0.0259792, 

94, 47, 0, 0.0227148, 

94, 48, 0, 0.0197693, 

94, 49, 0, 0.0172575, 

94, 50, 0, 0.0152258, 

94, 51, 0, 0.0136709, 

94, 52, 0, 0.0125587, 

94, 53, 0, 0.0118393, 

94, 54, 0, 0.0114553, 

94, 55, 0, 0.0113448, 

94, 56, 0, 0.0114406, 

94, 57, 0, 0.0116677, 

94, 58, 0, 0.0119421, 

94, 59, 0, 0.012174, 

94, 60, 0, 0.0122754, 

94, 61, 0, 0.0121722, 

94, 62, 0, 0.0118182, 

94, 63, 0, 0.0112046, 

94, 64, 0, 0.0103626, 

94, 65, 0, 0.00935584, 

94, 66, 0, 0.00826673, 

94, 67, 0, 0.00717888, 

94, 68, 0, 0.00616302, 

94, 69, 0, 0.00526878, 

94, 70, 0, 0.00452322, 

94, 71, 0, 0.00393448, 

94, 72, 0, 0.00349775, 

94, 73, 0, 0.00320147, 

94, 74, 0, 0.003032, 

94, 75, 0, 0.00297643, 

94, 76, 0, 0.00302349, 

94, 77, 0, 0.00316307, 

94, 78, 0, 0.00338468, 

94, 79, 0, 0.00367565, 

94, 80, 0, 0.00401967, 

94, 81, 0, 0.00439639, 

94, 82, 0, 0.00478261, 

94, 83, 0, 0.00515502, 

94, 84, 0, 0.00549391, 

94, 85, 0, 0.00578674, 

94, 86, 0, 0.00603029, 

94, 87, 0, 0.00623081, 

94, 88, 0, 0.00640201, 

94, 89, 0, 0.00656166, 

94, 90, 0, 0.00672773, 

94, 91, 0, 0.00691476, 

94, 92, 0, 0.00713114, 

94, 93, 0, 0.00737738, 

94, 94, 0, 0.00764568, 

94, 95, 0, 0.00792096, 

94, 96, 0, 0.00818362, 

94, 97, 0, 0.00841385, 

94, 98, 0, 0.00859702, 

94, 99, 0, 0.00872899, 

94, 100, 0, 0.00882002, 

94, 101, 0, 0.00889668, 

94, 102, 0, 0.00900166, 

94, 103, 0, 0.00919296, 

94, 104, 0, 0.0095441, 

94, 105, 0, 0.0101476, 

94, 106, 0, 0.0111227, 

94, 107, 0, 0.0126295, 

94, 108, 0, 0.0148871, 

94, 109, 0, 0.0181966, 

94, 110, 0, 0.0229617, 

94, 111, 0, 0.0296948, 

94, 112, 0, 0.0389873, 

94, 113, 0, 0.0514072, 

94, 114, 0, 0.0672829, 

94, 115, 0, 0.0863355, 

94, 116, 0, 0.10717, 

94, 117, 0, 0.126728, 

94, 118, 0, 0.139934, 

94, 119, 0, 0.139934, 

95, 0, 0, 0.914592, 

95, 1, 0, 0.914592, 

95, 2, 0, 0.904974, 

95, 3, 0, 0.8876, 

95, 4, 0, 0.863383, 

95, 5, 0, 0.832717, 

95, 6, 0, 0.795781, 

95, 7, 0, 0.752759, 

95, 8, 0, 0.703995, 

95, 9, 0, 0.650109, 

95, 10, 0, 0.592052, 

95, 11, 0, 0.531112, 

95, 12, 0, 0.46886, 

95, 13, 0, 0.407033, 

95, 14, 0, 0.347388, 

95, 15, 0, 0.291528, 

95, 16, 0, 0.240753, 

95, 17, 0, 0.195948, 

95, 18, 0, 0.157539, 

95, 19, 0, 0.125515, 

95, 20, 0, 0.099505, 

95, 21, 0, 0.0788882, 

95, 22, 0, 0.062913, 

95, 23, 0, 0.0508, 

95, 24, 0, 0.0418187, 

95, 25, 0, 0.0353357, 

95, 26, 0, 0.030835, 

95, 27, 0, 0.0279202, 

95, 28, 0, 0.026303, 

95, 29, 0, 0.0257866, 

95, 30, 0, 0.0262438, 

95, 31, 0, 0.0275938, 

95, 32, 0, 0.0297754, 

95, 33, 0, 0.0327171, 

95, 34, 0, 0.0363065, 

95, 35, 0, 0.0403619, 

95, 36, 0, 0.0446142, 

95, 37, 0, 0.0487096, 

95, 38, 0, 0.0522382, 

95, 39, 0, 0.054791, 

95, 40, 0, 0.0560332, 

95, 41, 0, 0.0557747, 

95, 42, 0, 0.054015, 

95, 43, 0, 0.0509448, 

95, 44, 0, 0.0469037, 

95, 45, 0, 0.0423085, 

95, 46, 0, 0.0375746, 

95, 47, 0, 0.0330528, 

95, 48, 0, 0.0289954, 

95, 49, 0, 0.0255504, 

95, 50, 0, 0.0227767, 

95, 51, 0, 0.0206688, 

95, 52, 0, 0.0191813, 

95, 53, 0, 0.0182473, 

95, 54, 0, 0.0177885, 

95, 55, 0, 0.0177183, 

95, 56, 0, 0.0179399, 

95, 57, 0, 0.0183424, 

95, 58, 0, 0.0188004, 

95, 59, 0, 0.0191788, 

95, 60, 0, 0.0193454, 

95, 61, 0, 0.0191899, 

95, 62, 0, 0.0186444, 

95, 63, 0, 0.0176982, 

95, 64, 0, 0.0164007, 

95, 65, 0, 0.0148504, 

95, 66, 0, 0.0131731, 

95, 67, 0, 0.0114967, 

95, 68, 0, 0.0099291, 

95, 69, 0, 0.00854677, 

95, 70, 0, 0.00739207, 

95, 71, 0, 0.00647875, 

95, 72, 0, 0.00580088, 

95, 73, 0, 0.00534195, 

95, 74, 0, 0.00508188, 

95, 75, 0, 0.00500117, 

95, 76, 0, 0.00508226, 

95, 77, 0, 0.00530868, 

95, 78, 0, 0.00566276, 

95, 79, 0, 0.00612305, 

95, 80, 0, 0.00666224, 

95, 81, 0, 0.00724697, 

95, 82, 0, 0.00784001, 

95, 83, 0, 0.0084048, 

95, 84, 0, 0.0089113, 

95, 85, 0, 0.00934124, 

95, 86, 0, 0.00969117, 

95, 87, 0, 0.00997216, 

95, 88, 0, 0.0102064, 

95, 89, 0, 0.0104219, 

95, 90, 0, 0.0106464, 

95, 91, 0, 0.010902, 

95, 92, 0, 0.0112012, 

95, 93, 0, 0.0115449, 

95, 94, 0, 0.0119216, 

95, 95, 0, 0.0123092, 

95, 96, 0, 0.0126793, 

95, 97, 0, 0.0130037, 

95, 98, 0, 0.0132614, 

95, 99, 0, 0.0134468, 

95, 100, 0, 0.0135747, 

95, 101, 0, 0.0136827, 

95, 102, 0, 0.0138312, 

95, 103, 0, 0.0141012, 

95, 104, 0, 0.0145942, 

95, 105, 0, 0.0154354, 

95, 106, 0, 0.0167825, 

95, 107, 0, 0.0188404, 

95, 108, 0, 0.0218816, 

95, 109, 0, 0.0262688, 

95, 110, 0, 0.0324731, 

95, 111, 0, 0.0410725, 

95, 112, 0, 0.0527074, 

95, 113, 0, 0.0679566, 

95, 114, 0, 0.0870909, 

95, 115, 0, 0.109674, 

95, 116, 0, 0.134022, 

95, 117, 0, 0.156628, 

95, 118, 0, 0.171781, 

95, 119, 0, 0.171781, 

96, 0, 0, 0.932772, 

96, 1, 0, 0.932772, 

96, 2, 0, 0.92464, 

96, 3, 0, 0.909847, 

96, 4, 0, 0.889015, 

96, 5, 0, 0.862302, 

96, 6, 0, 0.829658, 

96, 7, 0, 0.791028, 

96, 8, 0, 0.746493, 

96, 9, 0, 0.696397, 

96, 10, 0, 0.641417, 

96, 11, 0, 0.582599, 

96, 12, 0, 0.521333, 

96, 13, 0, 0.459269, 

96, 14, 0, 0.398183, 

96, 15, 0, 0.339806, 

96, 16, 0, 0.285656, 

96, 17, 0, 0.236893, 

96, 18, 0, 0.194238, 

96, 19, 0, 0.157956, 

96, 20, 0, 0.127904, 

96, 21, 0, 0.103625, 

96, 22, 0, 0.0844697, 

96, 23, 0, 0.0697016, 

96, 24, 0, 0.0585927, 

96, 25, 0, 0.0504854, 

96, 26, 0, 0.0448272, 

96, 27, 0, 0.0411826, 

96, 28, 0, 0.0392285, 

96, 29, 0, 0.0387391, 

96, 30, 0, 0.039563, 

96, 31, 0, 0.0415956, 

96, 32, 0, 0.0447455, 

96, 33, 0, 0.0488968, 

96, 34, 0, 0.0538704, 

96, 35, 0, 0.0593909, 

96, 36, 0, 0.0650697, 

96, 37, 0, 0.0704159, 

96, 38, 0, 0.0748826, 

96, 39, 0, 0.0779457, 

96, 40, 0, 0.0791986, 

96, 41, 0, 0.0784383, 

96, 42, 0, 0.0757116, 

96, 43, 0, 0.071307, 

96, 44, 0, 0.0656928, 

96, 45, 0, 0.0594212, 

96, 46, 0, 0.0530305, 

96, 47, 0, 0.046969, 

96, 48, 0, 0.0415562, 

96, 49, 0, 0.0369784, 

96, 50, 0, 0.03331, 

96, 51, 0, 0.0305442, 

96, 52, 0, 0.0286234, 

96, 53, 0, 0.027461, 

96, 54, 0, 0.0269533, 

96, 55, 0, 0.026982, 

96, 56, 0, 0.0274105, 

96, 57, 0, 0.0280798, 

96, 58, 0, 0.0288076, 

96, 59, 0, 0.029397, 

96, 60, 0, 0.0296561, 

96, 61, 0, 0.029426, 

96, 62, 0, 0.0286105, 

96, 63, 0, 0.0271972, 

96, 64, 0, 0.0252615, 

96, 65, 0, 0.0229498, 

96, 66, 0, 0.0204479, 

96, 67, 0, 0.0179443, 

96, 68, 0, 0.0155989, 

96, 69, 0, 0.013526, 

96, 70, 0, 0.0117901, 

96, 71, 0, 0.0104143, 

96, 72, 0, 0.00939215, 

96, 73, 0, 0.00870142, 

96, 74, 0, 0.00831368, 

96, 75, 0, 0.0082005, 

96, 76, 0, 0.00833526, 

96, 77, 0, 0.00869198, 

96, 78, 0, 0.00924197, 

96, 79, 0, 0.00995019, 

96, 80, 0, 0.0107726, 

96, 81, 0, 0.0116564, 

96, 82, 0, 0.0125439, 

96, 83, 0, 0.0133795, 

96, 84, 0, 0.0141187, 

96, 85, 0, 0.0147357, 

96, 86, 0, 0.0152272, 

96, 87, 0, 0.0156117, 

96, 88, 0, 0.0159238, 

96, 89, 0, 0.016206, 

96, 90, 0, 0.0164999, 

96, 91, 0, 0.0168382, 

96, 92, 0, 0.0172395, 

96, 93, 0, 0.0177048, 

96, 94, 0, 0.0182178, 

96, 95, 0, 0.0187472, 

96, 96, 0, 0.0192531, 

96, 97, 0, 0.0196961, 

96, 98, 0, 0.0200473, 

96, 99, 0, 0.0202993, 

96, 100, 0, 0.0204727, 

96, 101, 0, 0.0206199, 

96, 102, 0, 0.0208238, 

96, 103, 0, 0.0211948, 

96, 104, 0, 0.0218697, 

96, 105, 0, 0.0230141, 

96, 106, 0, 0.0248311, 

96, 107, 0, 0.0275769, 

96, 108, 0, 0.0315816, 

96, 109, 0, 0.0372702, 

96, 110, 0, 0.0451764, 

96, 111, 0, 0.0559313, 

96, 112, 0, 0.0702035, 

96, 113, 0, 0.0885533, 

96, 114, 0, 0.111162, 

96, 115, 0, 0.13741, 

96, 116, 0, 0.165317, 

96, 117, 0, 0.190948, 

96, 118, 0, 0.20801, 

96, 119, 0, 0.20801, 

97, 0, 0, 0.94737, 

97, 1, 0, 0.94737, 

97, 2, 0, 0.940555, 

97, 3, 0, 0.928073, 

97, 4, 0, 0.910327, 

97, 5, 0, 0.887298, 

97, 6, 0, 0.858772, 

97, 7, 0, 0.824507, 

97, 8, 0, 0.784375, 

97, 9, 0, 0.738475, 

97, 10, 0, 0.687226, 

97, 11, 0, 0.631418, 

97, 12, 0, 0.572221, 

97, 13, 0, 0.51113, 

97, 14, 0, 0.449854, 

97, 15, 0, 0.390162, 

97, 16, 0, 0.333709, 

97, 17, 0, 0.281872, 

97, 18, 0, 0.235634, 

97, 19, 0, 0.195532, 

97, 20, 0, 0.161674, 

97, 21, 0, 0.133809, 

97, 22, 0, 0.111434, 

97, 23, 0, 0.093904, 

97, 24, 0, 0.0805361, 

97, 25, 0, 0.0706819, 

97, 26, 0, 0.0637773, 

97, 27, 0, 0.0593648, 

97, 28, 0, 0.057096, 

97, 29, 0, 0.0567198, 

97, 30, 0, 0.0580588, 

97, 31, 0, 0.0609767, 

97, 32, 0, 0.0653385, 

97, 33, 0, 0.0709644, 

97, 34, 0, 0.077584, 

97, 35, 0, 0.0848008, 

97, 36, 0, 0.0920799, 

97, 37, 0, 0.0987716, 

97, 38, 0, 0.104179, 

97, 39, 0, 0.10766, 

97, 40, 0, 0.108747, 

97, 41, 0, 0.107239, 

97, 42, 0, 0.103254, 

97, 43, 0, 0.0971977, 

97, 44, 0, 0.089687, 

97, 45, 0, 0.081425, 

97, 46, 0, 0.0730847, 

97, 47, 0, 0.0652209, 

97, 48, 0, 0.058227, 

97, 49, 0, 0.0523334, 

97, 50, 0, 0.0476337, 

97, 51, 0, 0.0441221, 

97, 52, 0, 0.041729, 

97, 53, 0, 0.0403461, 

97, 54, 0, 0.0398397, 

97, 55, 0, 0.0400514, 

97, 56, 0, 0.040794, 

97, 57, 0, 0.0418448, 

97, 58, 0, 0.0429473, 

97, 59, 0, 0.0438241, 

97, 60, 0, 0.044206, 

97, 61, 0, 0.0438718, 

97, 62, 0, 0.0426901, 

97, 63, 0, 0.0406477, 

97, 64, 0, 0.0378546, 

97, 65, 0, 0.0345202, 

97, 66, 0, 0.0309091, 

97, 67, 0, 0.0272894, 

97, 68, 0, 0.0238904, 

97, 69, 0, 0.0208774, 

97, 70, 0, 0.0183468, 

97, 71, 0, 0.0163359, 

97, 72, 0, 0.0148399, 

97, 73, 0, 0.0138306, 

97, 74, 0, 0.0132693, 

97, 75, 0, 0.0131162, 

97, 76, 0, 0.013332, 

97, 77, 0, 0.0138772, 

97, 78, 0, 0.0147067, 

97, 79, 0, 0.0157654, 

97, 80, 0, 0.0169848, 

97, 81, 0, 0.0182845, 

97, 82, 0, 0.0195778, 

97, 83, 0, 0.020783, 

97, 84, 0, 0.0218363, 

97, 85, 0, 0.0227019, 

97, 86, 0, 0.0233776, 

97, 87, 0, 0.0238924, 

97, 88, 0, 0.0242983, 

97, 89, 0, 0.0246578, 

97, 90, 0, 0.025031, 

97, 91, 0, 0.0254653, 

97, 92, 0, 0.025987, 

97, 93, 0, 0.0265979, 

97, 94, 0, 0.0272753, 

97, 95, 0, 0.0279764, 

97, 96, 0, 0.0286466, 

97, 97, 0, 0.0292323, 

97, 98, 0, 0.0296952, 

97, 99, 0, 0.0300256, 

97, 100, 0, 0.030252, 

97, 101, 0, 0.030445, 

97, 102, 0, 0.0307157, 

97, 103, 0, 0.0312111, 

97, 104, 0, 0.0321108, 

97, 105, 0, 0.0336282, 

97, 106, 0, 0.0360186, 

97, 107, 0, 0.0395944, 

97, 108, 0, 0.0447446, 

97, 109, 0, 0.051953, 

97, 110, 0, 0.0618054, 

97, 111, 0, 0.0749673, 

97, 112, 0, 0.092108, 

97, 113, 0, 0.113736, 

97, 114, 0, 0.139912, 

97, 115, 0, 0.169814, 

97, 116, 0, 0.201173, 

97, 117, 0, 0.229671, 

97, 118, 0, 0.248515, 

97, 119, 0, 0.248515, 

98, 0, 0, 0.958982, 

98, 1, 0, 0.958982, 

98, 2, 0, 0.953312, 

98, 3, 0, 0.942864, 

98, 4, 0, 0.927874, 

98, 5, 0, 0.908204, 

98, 6, 0, 0.883527, 

98, 7, 0, 0.853472, 

98, 8, 0, 0.81775, 

98, 9, 0, 0.776262, 

98, 10, 0, 0.729195, 

98, 11, 0, 0.677095, 

98, 12, 0, 0.620891, 

98, 13, 0, 0.561877, 

98, 14, 0, 0.501628, 

98, 15, 0, 0.441867, 

98, 16, 0, 0.384301, 

98, 17, 0, 0.330449, 

98, 18, 0, 0.281504, 

98, 19, 0, 0.238253, 

98, 20, 0, 0.201054, 

98, 21, 0, 0.169887, 

98, 22, 0, 0.144434, 

98, 23, 0, 0.124185, 

98, 24, 0, 0.108544, 

98, 25, 0, 0.096911, 

98, 26, 0, 0.0887394, 

98, 27, 0, 0.0835712, 

98, 28, 0, 0.0810456, 

98, 29, 0, 0.080891, 

98, 30, 0, 0.0829013, 

98, 31, 0, 0.0868994, 

98, 32, 0, 0.0926899, 

98, 33, 0, 0.100007, 

98, 34, 0, 0.108465, 

98, 35, 0, 0.11752, 

98, 36, 0, 0.126471, 

98, 37, 0, 0.134497, 

98, 38, 0, 0.14075, 

98, 39, 0, 0.14448, 

98, 40, 0, 0.145173, 

98, 41, 0, 0.142654, 

98, 42, 0, 0.137128, 

98, 43, 0, 0.129138, 

98, 44, 0, 0.119459, 

98, 45, 0, 0.10895, 

98, 46, 0, 0.0984247, 

98, 47, 0, 0.0885495, 

98, 48, 0, 0.0797965, 

98, 49, 0, 0.0724455, 

98, 50, 0, 0.0666141, 

98, 51, 0, 0.0623011, 

98, 52, 0, 0.0594267, 

98, 53, 0, 0.0578597, 

98, 54, 0, 0.0574315, 

98, 55, 0, 0.0579356, 

98, 56, 0, 0.059121, 

98, 57, 0, 0.0606856, 

98, 58, 0, 0.0622794, 

98, 59, 0, 0.0635253, 

98, 60, 0, 0.0640587, 

98, 61, 0, 0.0635831, 

98, 62, 0, 0.0619251, 

98, 63, 0, 0.0590721, 

98, 64, 0, 0.0551777, 

98, 65, 0, 0.0505297, 

98, 66, 0, 0.0454904, 

98, 67, 0, 0.0404284, 

98, 68, 0, 0.0356609, 

98, 69, 0, 0.0314201, 

98, 70, 0, 0.0278457, 

98, 71, 0, 0.0249964, 

98, 72, 0, 0.0228732, 

98, 73, 0, 0.0214423, 

98, 74, 0, 0.0206542, 

98, 75, 0, 0.0204544, 

98, 76, 0, 0.0207876, 

98, 77, 0, 0.0215948, 

98, 78, 0, 0.022808, 

98, 79, 0, 0.0243438, 

98, 80, 0, 0.0260997, 

98, 81, 0, 0.0279571, 

98, 82, 0, 0.0297906, 

98, 83, 0, 0.0314841, 

98, 84, 0, 0.0329485, 

98, 85, 0, 0.0341358, 

98, 86, 0, 0.0350459, 

98, 87, 0, 0.0357221, 

98, 88, 0, 0.0362392, 

98, 89, 0, 0.0366857, 

98, 90, 0, 0.0371465, 

98, 91, 0, 0.0376875, 

98, 92, 0, 0.0383453, 

98, 93, 0, 0.0391231, 

98, 94, 0, 0.0399902, 

98, 95, 0, 0.0408897, 

98, 96, 0, 0.0417492, 

98, 97, 0, 0.0424984, 

98, 98, 0, 0.0430874, 

98, 99, 0, 0.0435044, 

98, 100, 0, 0.0437876, 

98, 101, 0, 0.0440301, 

98, 102, 0, 0.0443769, 

98, 103, 0, 0.0450183, 

98, 104, 0, 0.0461843, 

98, 105, 0, 0.048143, 

98, 106, 0, 0.0512072, 

98, 107, 0, 0.0557477, 

98, 108, 0, 0.0622102, 

98, 109, 0, 0.071129, 

98, 110, 0, 0.0831256, 

98, 111, 0, 0.0988753, 

98, 112, 0, 0.119016, 

98, 113, 0, 0.143971, 

98, 114, 0, 0.173652, 

98, 115, 0, 0.207025, 

98, 116, 0, 0.241557, 

98, 117, 0, 0.27262, 

98, 118, 0, 0.293028, 

98, 119, 0, 0.293028, 

99, 0, 0, 0.968144, 

99, 1, 0, 0.968144, 

99, 2, 0, 0.963458, 

99, 3, 0, 0.954773, 

99, 4, 0, 0.942207, 

99, 5, 0, 0.925546, 

99, 6, 0, 0.904395, 

99, 7, 0, 0.878303, 

99, 8, 0, 0.846871, 

99, 9, 0, 0.809847, 

99, 10, 0, 0.76723, 

99, 11, 0, 0.719339, 

99, 12, 0, 0.666868, 

99, 13, 0, 0.610887, 

99, 14, 0, 0.552787, 

99, 15, 0, 0.494176, 

99, 16, 0, 0.436732, 

99, 17, 0, 0.382037, 

99, 18, 0, 0.331432, 

99, 19, 0, 0.285907, 

99, 20, 0, 0.246056, 

99, 21, 0, 0.212091, 

99, 22, 0, 0.183902, 

99, 23, 0, 0.161153, 

99, 24, 0, 0.143372, 

99, 25, 0, 0.130044, 

99, 26, 0, 0.120672, 

99, 27, 0, 0.11482, 

99, 28, 0, 0.112131, 

99, 29, 0, 0.112317, 

99, 30, 0, 0.115141, 

99, 31, 0, 0.120373, 

99, 32, 0, 0.127741, 

99, 33, 0, 0.136872, 

99, 34, 0, 0.14724, 

99, 35, 0, 0.158142, 

99, 36, 0, 0.168698, 

99, 37, 0, 0.177918, 

99, 38, 0, 0.184816, 

99, 39, 0, 0.188555, 

99, 40, 0, 0.1886, 

99, 41, 0, 0.184821, 

99, 42, 0, 0.177527, 

99, 43, 0, 0.1674, 

99, 44, 0, 0.155374, 

99, 45, 0, 0.142462, 

99, 46, 0, 0.129616, 

99, 47, 0, 0.11761, 

99, 48, 0, 0.106999, 

99, 49, 0, 0.0981164, 

99, 50, 0, 0.0911094, 

99, 51, 0, 0.0859867, 

99, 52, 0, 0.082661, 

99, 53, 0, 0.0809783, 

99, 54, 0, 0.0807305, 

99, 55, 0, 0.0816546, 

99, 56, 0, 0.0834232, 

99, 57, 0, 0.0856384, 

99, 58, 0, 0.0878392, 

99, 59, 0, 0.0895302, 

99, 60, 0, 0.0902364, 

99, 61, 0, 0.0895745, 

99, 62, 0, 0.087324, 

99, 63, 0, 0.0834746, 

99, 64, 0, 0.0782316, 

99, 65, 0, 0.0719746, 

99, 66, 0, 0.065181, 

99, 67, 0, 0.0583388, 

99, 68, 0, 0.051872, 

99, 69, 0, 0.0460965, 

99, 70, 0, 0.0412085, 

99, 71, 0, 0.0372985, 

99, 72, 0, 0.0343786, 

99, 73, 0, 0.0324127, 

99, 74, 0, 0.0313398, 

99, 75, 0, 0.031089, 

99, 76, 0, 0.0315841, 

99, 77, 0, 0.0327408, 

99, 78, 0, 0.03446, 

99, 79, 0, 0.0366197, 

99, 80, 0, 0.0390722, 

99, 81, 0, 0.0416492, 

99, 82, 0, 0.0441754, 

99, 83, 0, 0.0464914, 

99, 84, 0, 0.0484766, 

99, 85, 0, 0.0500686, 

99, 86, 0, 0.0512701, 

99, 87, 0, 0.0521428, 

99, 88, 0, 0.0527902, 

99, 89, 0, 0.0533336, 

99, 90, 0, 0.0538881, 

99, 91, 0, 0.054543, 

99, 92, 0, 0.055348, 

99, 93, 0, 0.0563078, 

99, 94, 0, 0.0573833, 

99, 95, 0, 0.0585004, 

99, 96, 0, 0.0595666, 

99, 97, 0, 0.0604923, 

99, 98, 0, 0.0612146, 

99, 99, 0, 0.06172, 

99, 100, 0, 0.0620583, 

99, 101, 0, 0.0623489, 

99, 102, 0, 0.0627762, 

99, 103, 0, 0.0635803, 

99, 104, 0, 0.0650475, 

99, 105, 0, 0.0675061, 

99, 106, 0, 0.0713291, 

99, 107, 0, 0.076945, 

99, 108, 0, 0.0848498, 

99, 109, 0, 0.0956146, 

99, 110, 0, 0.109875, 

99, 111, 0, 0.128288, 

99, 112, 0, 0.151426, 

99, 113, 0, 0.179594, 

99, 114, 0, 0.212536, 

99, 115, 0, 0.24901, 

99, 116, 0, 0.286262, 

99, 117, 0, 0.31944, 

99, 118, 0, 0.341104, 

99, 119, 0, 0.341104, 

100, 0, 0, 0.97533, 

100, 1, 0, 0.97533, 

100, 2, 0, 0.971479, 

100, 3, 0, 0.964304, 

100, 4, 0, 0.953843, 

100, 5, 0, 0.939838, 

100, 6, 0, 0.921866, 

100, 7, 0, 0.899435, 

100, 8, 0, 0.872079, 

100, 9, 0, 0.839443, 

100, 10, 0, 0.801376, 

100, 11, 0, 0.75801, 

100, 12, 0, 0.70982, 

100, 13, 0, 0.657647, 

100, 14, 0, 0.602671, 

100, 15, 0, 0.546335, 

100, 16, 0, 0.490221, 

100, 17, 0, 0.435901, 

100, 18, 0, 0.38479, 

100, 19, 0, 0.338026, 

100, 20, 0, 0.296401, 

100, 21, 0, 0.260347, 

100, 22, 0, 0.229971, 

100, 23, 0, 0.205127, 

100, 24, 0, 0.1855, 

100, 25, 0, 0.170692, 

100, 26, 0, 0.160283, 

100, 27, 0, 0.153885, 

100, 28, 0, 0.151153, 

100, 29, 0, 0.151793, 

100, 30, 0, 0.155531, 

100, 31, 0, 0.162075, 

100, 32, 0, 0.171059, 

100, 33, 0, 0.181986, 

100, 34, 0, 0.194183, 

100, 35, 0, 0.206773, 

100, 36, 0, 0.21871, 

100, 37, 0, 0.228853, 

100, 38, 0, 0.236102, 

100, 39, 0, 0.239565, 

100, 40, 0, 0.238713, 

100, 41, 0, 0.23348, 

100, 42, 0, 0.224282, 

100, 43, 0, 0.211938, 

100, 44, 0, 0.197523, 

100, 45, 0, 0.182194, 

100, 46, 0, 0.167023, 

100, 47, 0, 0.15289, 

100, 48, 0, 0.140429, 

100, 49, 0, 0.130031, 

100, 50, 0, 0.121878, 

100, 51, 0, 0.115996, 

100, 52, 0, 0.112294, 

100, 53, 0, 0.110594, 

100, 54, 0, 0.110646, 

100, 55, 0, 0.112123, 

100, 56, 0, 0.114609, 

100, 57, 0, 0.117598, 

100, 58, 0, 0.120502, 

100, 59, 0, 0.122695, 

100, 60, 0, 0.123581, 

100, 61, 0, 0.122682, 

100, 62, 0, 0.11973, 

100, 63, 0, 0.114716, 

100, 64, 0, 0.107904, 

100, 65, 0, 0.0997747, 

100, 66, 0, 0.090932, 

100, 67, 0, 0.0819984, 

100, 68, 0, 0.0735211, 

100, 69, 0, 0.0659158, 

100, 70, 0, 0.0594498, 

100, 71, 0, 0.0542571, 

100, 72, 0, 0.0503697, 

100, 73, 0, 0.0477539, 

100, 74, 0, 0.0463393, 

100, 75, 0, 0.0460369, 

100, 76, 0, 0.0467453, 

100, 77, 0, 0.0483481, 

100, 78, 0, 0.0507057, 

100, 79, 0, 0.0536467, 

100, 80, 0, 0.0569661, 

100, 81, 0, 0.0604333, 

100, 82, 0, 0.0638125, 

100, 83, 0, 0.0668917, 

100, 84, 0, 0.0695135, 

100, 85, 0, 0.0715983, 

100, 86, 0, 0.0731529, 

100, 87, 0, 0.0742612, 

100, 88, 0, 0.0750606, 

100, 89, 0, 0.0757111, 

100, 90, 0, 0.0763638, 

100, 91, 0, 0.0771356, 

100, 92, 0, 0.0780921, 

100, 93, 0, 0.0792404, 

100, 94, 0, 0.0805318, 

100, 95, 0, 0.0818741, 

100, 96, 0, 0.0831522, 

100, 97, 0, 0.0842556, 

100, 98, 0, 0.0851079, 

100, 99, 0, 0.0856942, 

100, 100, 0, 0.0860783, 

100, 101, 0, 0.0864089, 

100, 102, 0, 0.0869141, 

100, 103, 0, 0.0878884, 

100, 104, 0, 0.0896787, 

100, 105, 0, 0.0926761, 

100, 106, 0, 0.0973138, 

100, 107, 0, 0.104073, 

100, 108, 0, 0.113489, 

100, 109, 0, 0.126151, 

100, 110, 0, 0.142686, 

100, 111, 0, 0.163699, 

100, 112, 0, 0.189667, 

100, 113, 0, 0.220752, 

100, 114, 0, 0.256516, 

100, 115, 0, 0.295532, 

100, 116, 0, 0.334881, 

100, 117, 0, 0.369592, 

100, 118, 0, 0.392127, 

100, 119, 0, 0.392127, 

101, 0, 0, 0.980937, 

101, 1, 0, 0.980937, 

101, 2, 0, 0.977789, 

101, 3, 0, 0.971896, 

101, 4, 0, 0.963244, 

101, 5, 0, 0.951558, 

101, 6, 0, 0.936414, 

101, 7, 0, 0.917312, 

101, 8, 0, 0.893757, 

101, 9, 0, 0.865331, 

101, 10, 0, 0.831779, 

101, 11, 0, 0.793083, 

101, 12, 0, 0.749528, 

101, 13, 0, 0.70174, 

101, 14, 0, 0.65068, 

101, 15, 0, 0.597597, 

101, 16, 0, 0.543926, 

101, 17, 0, 0.491165, 

101, 18, 0, 0.440735, 

101, 19, 0, 0.393859, 

101, 20, 0, 0.351479, 

101, 21, 0, 0.314215, 

101, 22, 0, 0.282379, 

101, 23, 0, 0.256022, 

101, 24, 0, 0.235001, 

101, 25, 0, 0.219056, 

101, 26, 0, 0.20787, 

101, 27, 0, 0.201115, 

101, 28, 0, 0.198477, 

101, 29, 0, 0.199657, 

101, 30, 0, 0.204341, 

101, 31, 0, 0.212167, 

101, 32, 0, 0.222666, 

101, 33, 0, 0.235211, 

101, 34, 0, 0.248975, 

101, 35, 0, 0.262928, 

101, 36, 0, 0.275872, 

101, 37, 0, 0.286552, 

101, 38, 0, 0.293794, 

101, 39, 0, 0.296689, 

101, 40, 0, 0.294737, 

101, 41, 0, 0.287947, 

101, 42, 0, 0.27684, 

101, 43, 0, 0.262349, 

101, 44, 0, 0.245671, 

101, 45, 0, 0.228074, 

101, 46, 0, 0.210734, 

101, 47, 0, 0.194621, 

101, 48, 0, 0.180443, 

101, 49, 0, 0.168652, 

101, 50, 0, 0.15947, 

101, 51, 0, 0.152943, 

101, 52, 0, 0.14898, 

101, 53, 0, 0.147384, 

101, 54, 0, 0.147858, 

101, 55, 0, 0.150006, 

101, 56, 0, 0.153317, 

101, 57, 0, 0.157165, 

101, 58, 0, 0.16083, 

101, 59, 0, 0.163549, 

101, 60, 0, 0.164601, 

101, 61, 0, 0.163415, 

101, 62, 0, 0.159673, 

101, 63, 0, 0.153373, 

101, 64, 0, 0.144836, 

101, 65, 0, 0.134644, 

101, 66, 0, 0.123536, 

101, 67, 0, 0.112274, 

101, 68, 0, 0.10154, 

101, 69, 0, 0.0918627, 

101, 70, 0, 0.0835944, 

101, 71, 0, 0.0769256, 

101, 72, 0, 0.0719194, 

101, 73, 0, 0.068552, 

101, 74, 0, 0.066747, 

101, 75, 0, 0.0663973, 

101, 76, 0, 0.067373, 

101, 77, 0, 0.0695187, 

101, 78, 0, 0.0726447, 

101, 79, 0, 0.0765193, 

101, 80, 0, 0.0808683, 

101, 81, 0, 0.0853877, 

101, 82, 0, 0.0897712, 

101, 83, 0, 0.0937469, 

101, 84, 0, 0.0971158, 

101, 85, 0, 0.0997796, 

101, 86, 0, 0.10175, 

101, 87, 0, 0.103135, 

101, 88, 0, 0.104111, 

101, 89, 0, 0.10488, 

101, 90, 0, 0.105634, 

101, 91, 0, 0.106522, 

101, 92, 0, 0.107626, 

101, 93, 0, 0.108958, 

101, 94, 0, 0.110459, 

101, 95, 0, 0.112018, 

101, 96, 0, 0.113497, 

101, 97, 0, 0.114764, 

101, 98, 0, 0.11573, 

101, 99, 0, 0.116379, 

101, 100, 0, 0.116791, 

101, 101, 0, 0.117146, 

101, 102, 0, 0.117717, 

101, 103, 0, 0.118857, 

101, 104, 0, 0.120973, 

101, 105, 0, 0.124519, 

101, 106, 0, 0.129983, 

101, 107, 0, 0.13789, 

101, 108, 0, 0.148801, 

101, 109, 0, 0.163304, 

101, 110, 0, 0.181987, 

101, 111, 0, 0.205376, 

101, 112, 0, 0.233826, 

101, 113, 0, 0.267337, 

101, 114, 0, 0.305297, 

101, 115, 0, 0.346124, 

101, 116, 0, 0.386804, 

101, 117, 0, 0.422362, 

101, 118, 0, 0.445321, 

101, 119, 0, 0.445321, 

102, 0, 0, 0.985297, 

102, 1, 0, 0.985297, 

102, 2, 0, 0.982738, 

102, 3, 0, 0.977926, 

102, 4, 0, 0.970815, 

102, 5, 0, 0.961135, 

102, 6, 0, 0.948479, 

102, 7, 0, 0.932364, 

102, 8, 0, 0.912296, 

102, 9, 0, 0.88783, 

102, 10, 0, 0.858644, 

102, 11, 0, 0.824611, 

102, 12, 0, 0.785863, 

102, 13, 0, 0.742835, 

102, 14, 0, 0.69628, 

102, 15, 0, 0.647237, 

102, 16, 0, 0.596966, 

102, 17, 0, 0.546842, 

102, 18, 0, 0.498234, 

102, 19, 0, 0.452388, 

102, 20, 0, 0.410337, 

102, 21, 0, 0.372849, 

102, 22, 0, 0.340412, 

102, 23, 0, 0.313261, 

102, 24, 0, 0.291428, 

102, 25, 0, 0.274799, 

102, 26, 0, 0.263169, 

102, 27, 0, 0.256288, 

102, 28, 0, 0.253878, 

102, 29, 0, 0.255636, 

102, 30, 0, 0.261211, 

102, 31, 0, 0.270167, 

102, 32, 0, 0.28193, 

102, 33, 0, 0.295748, 

102, 34, 0, 0.310657, 

102, 35, 0, 0.325496, 

102, 36, 0, 0.33896, 

102, 37, 0, 0.349721, 

102, 38, 0, 0.356581, 

102, 39, 0, 0.358645, 

102, 40, 0, 0.355471, 

102, 41, 0, 0.347144, 

102, 42, 0, 0.334269, 

102, 43, 0, 0.317871, 

102, 44, 0, 0.299227, 

102, 45, 0, 0.279684, 

102, 46, 0, 0.260494, 

102, 47, 0, 0.242698, 

102, 48, 0, 0.227072, 

102, 49, 0, 0.214119, 

102, 50, 0, 0.204108, 

102, 51, 0, 0.19711, 

102, 52, 0, 0.193037, 

102, 53, 0, 0.191674, 

102, 54, 0, 0.192679, 

102, 55, 0, 0.195581, 

102, 56, 0, 0.199772, 

102, 57, 0, 0.204506, 

102, 58, 0, 0.208933, 

102, 59, 0, 0.212155, 

102, 60, 0, 0.213337, 

102, 61, 0, 0.211819, 

102, 62, 0, 0.20724, 

102, 63, 0, 0.199602, 

102, 64, 0, 0.189282, 

102, 65, 0, 0.176958, 

102, 66, 0, 0.163494, 

102, 67, 0, 0.149792, 

102, 68, 0, 0.136669, 

102, 69, 0, 0.124775, 

102, 70, 0, 0.11456, 

102, 71, 0, 0.106284, 

102, 72, 0, 0.100052, 

102, 73, 0, 0.0958615, 

102, 74, 0, 0.0936347, 

102, 75, 0, 0.0932484, 

102, 76, 0, 0.0945417, 

102, 77, 0, 0.0973145, 

102, 78, 0, 0.101319, 

102, 79, 0, 0.106253, 

102, 80, 0, 0.111764, 

102, 81, 0, 0.117465, 

102, 82, 0, 0.122974, 

102, 83, 0, 0.127953, 

102, 84, 0, 0.13216, 

102, 85, 0, 0.135476, 

102, 86, 0, 0.137918, 

102, 87, 0, 0.13962, 

102, 88, 0, 0.140798, 

102, 89, 0, 0.1417, 

102, 90, 0, 0.142559, 

102, 91, 0, 0.143557, 

102, 92, 0, 0.144797, 

102, 93, 0, 0.146294, 

102, 94, 0, 0.147982, 

102, 95, 0, 0.149732, 

102, 96, 0, 0.151383, 

102, 97, 0, 0.152783, 

102, 98, 0, 0.153833, 

102, 99, 0, 0.154516, 

102, 100, 0, 0.15493, 

102, 101, 0, 0.155285, 

102, 102, 0, 0.155903, 

102, 103, 0, 0.157188, 

102, 104, 0, 0.159608, 

102, 105, 0, 0.163673, 

102, 106, 0, 0.16992, 

102, 107, 0, 0.178904, 

102, 108, 0, 0.191192, 

102, 109, 0, 0.207349, 

102, 110, 0, 0.227901, 

102, 111, 0, 0.253272, 

102, 112, 0, 0.283674, 

102, 113, 0, 0.318943, 

102, 114, 0, 0.358311, 

102, 115, 0, 0.40008, 

102, 116, 0, 0.441222, 

102, 117, 0, 0.476873, 

102, 118, 0, 0.499776, 

102, 119, 0, 0.499776, 

103, 0, 0, 0.988681, 

103, 1, 0, 0.988681, 

103, 2, 0, 0.98661, 

103, 3, 0, 0.982704, 

103, 4, 0, 0.976898, 

103, 5, 0, 0.96894, 

103, 6, 0, 0.958452, 

103, 7, 0, 0.944986, 

103, 8, 0, 0.92807, 

103, 9, 0, 0.907261, 

103, 10, 0, 0.882205, 

103, 11, 0, 0.852704, 

103, 12, 0, 0.81877, 

103, 13, 0, 0.780681, 

103, 14, 0, 0.739001, 

103, 15, 0, 0.69457, 

103, 16, 0, 0.648456, 

103, 17, 0, 0.60188, 

103, 18, 0, 0.556111, 

103, 19, 0, 0.512365, 

103, 20, 0, 0.471712, 

103, 21, 0, 0.435013, 

103, 22, 0, 0.402895, 

103, 23, 0, 0.375749, 

103, 24, 0, 0.353766, 

103, 25, 0, 0.336973, 

103, 26, 0, 0.325281, 

103, 27, 0, 0.318518, 

103, 28, 0, 0.316446, 

103, 29, 0, 0.318763, 

103, 30, 0, 0.325082, 

103, 31, 0, 0.334896, 

103, 32, 0, 0.347538, 

103, 33, 0, 0.362147, 

103, 34, 0, 0.377655, 

103, 35, 0, 0.392808, 

103, 36, 0, 0.406246, 

103, 37, 0, 0.416619, 

103, 38, 0, 0.42275, 

103, 39, 0, 0.423796, 

103, 40, 0, 0.419383, 

103, 41, 0, 0.409667, 

103, 42, 0, 0.395316, 

103, 43, 0, 0.377404, 

103, 44, 0, 0.357251, 

103, 45, 0, 0.336242, 

103, 46, 0, 0.315672, 

103, 47, 0, 0.296629, 

103, 48, 0, 0.279939, 

103, 49, 0, 0.266157, 

103, 50, 0, 0.255592, 

103, 51, 0, 0.248343, 

103, 52, 0, 0.24433, 

103, 53, 0, 0.243319, 

103, 54, 0, 0.244926, 

103, 55, 0, 0.248609, 

103, 56, 0, 0.253665, 

103, 57, 0, 0.259239, 

103, 58, 0, 0.264359, 

103, 59, 0, 0.268013, 

103, 60, 0, 0.269266, 

103, 61, 0, 0.267387, 

103, 62, 0, 0.261977, 

103, 63, 0, 0.253045, 

103, 64, 0, 0.241011, 

103, 65, 0, 0.226636, 

103, 66, 0, 0.21089, 

103, 67, 0, 0.194801, 

103, 68, 0, 0.179315, 

103, 69, 0, 0.165203, 

103, 70, 0, 0.153016, 

103, 71, 0, 0.143096, 

103, 72, 0, 0.135604, 

103, 73, 0, 0.130565, 

103, 74, 0, 0.12791, 

103, 75, 0, 0.127504, 

103, 76, 0, 0.129154, 

103, 77, 0, 0.132611, 

103, 78, 0, 0.137563, 

103, 79, 0, 0.143632, 

103, 80, 0, 0.15038, 

103, 81, 0, 0.157335, 

103, 82, 0, 0.164035, 

103, 83, 0, 0.170077, 

103, 84, 0, 0.175175, 

103, 85, 0, 0.179191, 

103, 86, 0, 0.182147, 

103, 87, 0, 0.1842, 

103, 88, 0, 0.185605, 

103, 89, 0, 0.186654, 

103, 90, 0, 0.187622, 

103, 91, 0, 0.188722, 

103, 92, 0, 0.190077, 

103, 93, 0, 0.19171, 

103, 94, 0, 0.193546, 

103, 95, 0, 0.195442, 

103, 96, 0, 0.197218, 

103, 97, 0, 0.198706, 

103, 98, 0, 0.199797, 

103, 99, 0, 0.200478, 

103, 100, 0, 0.200861, 

103, 101, 0, 0.201189, 

103, 102, 0, 0.201823, 

103, 103, 0, 0.203219, 

103, 104, 0, 0.205896, 

103, 105, 0, 0.21041, 

103, 106, 0, 0.217332, 

103, 107, 0, 0.227234, 

103, 108, 0, 0.240673, 

103, 109, 0, 0.258167, 

103, 110, 0, 0.280161, 

103, 111, 0, 0.306958, 

103, 112, 0, 0.338624, 

103, 113, 0, 0.37484, 

103, 114, 0, 0.414705, 

103, 115, 0, 0.456466, 

103, 116, 0, 0.497155, 

103, 117, 0, 0.532128, 

103, 118, 0, 0.55449, 

103, 119, 0, 0.55449, 

104, 0, 0, 0.991303, 

104, 1, 0, 0.991303, 

104, 2, 0, 0.989637, 

104, 3, 0, 0.986485, 

104, 4, 0, 0.981778, 

104, 5, 0, 0.975285, 

104, 6, 0, 0.96667, 

104, 7, 0, 0.955527, 

104, 8, 0, 0.941424, 

104, 9, 0, 0.923938, 

104, 10, 0, 0.902711, 

104, 11, 0, 0.877504, 

104, 12, 0, 0.84825, 

104, 13, 0, 0.815101, 

104, 14, 0, 0.778459, 

104, 15, 0, 0.738982, 

104, 16, 0, 0.697551, 

104, 17, 0, 0.655216, 

104, 18, 0, 0.613118, 

104, 19, 0, 0.572396, 

104, 20, 0, 0.534106, 

104, 21, 0, 0.499152, 

104, 22, 0, 0.468251, 

104, 23, 0, 0.441913, 

104, 24, 0, 0.420459, 

104, 25, 0, 0.404041, 

104, 26, 0, 0.392673, 

104, 27, 0, 0.386259, 

104, 28, 0, 0.384599, 

104, 29, 0, 0.387394, 

104, 30, 0, 0.394228, 

104, 31, 0, 0.404537, 

104, 32, 0, 0.417579, 

104, 33, 0, 0.432418, 

104, 34, 0, 0.447918, 

104, 35, 0, 0.462787, 

104, 36, 0, 0.47566, 

104, 37, 0, 0.48522, 

104, 38, 0, 0.490352, 

104, 39, 0, 0.490291, 

104, 40, 0, 0.484736, 

104, 41, 0, 0.473902, 

104, 42, 0, 0.458489, 

104, 43, 0, 0.439582, 

104, 44, 0, 0.4185, 

104, 45, 0, 0.396626, 

104, 46, 0, 0.375259, 

104, 47, 0, 0.355507, 

104, 48, 0, 0.338231, 

104, 49, 0, 0.324024, 

104, 50, 0, 0.313231, 

104, 51, 0, 0.305978, 

104, 52, 0, 0.302193, 

104, 53, 0, 0.301627, 

104, 54, 0, 0.303856, 

104, 55, 0, 0.308276, 

104, 56, 0, 0.314104, 

104, 57, 0, 0.32039, 

104, 58, 0, 0.326067, 

104, 59, 0, 0.330035, 

104, 60, 0, 0.331284, 

104, 61, 0, 0.329036, 

104, 62, 0, 0.322867, 

104, 63, 0, 0.312788, 

104, 64, 0, 0.299251, 

104, 65, 0, 0.283072, 

104, 66, 0, 0.265304, 

104, 67, 0, 0.247073, 

104, 68, 0, 0.229434, 

104, 69, 0, 0.21327, 

104, 70, 0, 0.199234, 

104, 71, 0, 0.187756, 

104, 72, 0, 0.179058, 

104, 73, 0, 0.173209, 

104, 74, 0, 0.170154, 

104, 75, 0, 0.16975, 

104, 76, 0, 0.171775, 

104, 77, 0, 0.17593, 

104, 78, 0, 0.181839, 

104, 79, 0, 0.189045, 

104, 80, 0, 0.197026, 

104, 81, 0, 0.205226, 

104, 82, 0, 0.213105, 

104, 83, 0, 0.220203, 

104, 84, 0, 0.226192, 

104, 85, 0, 0.230916, 

104, 86, 0, 0.2344, 

104, 87, 0, 0.236825, 

104, 88, 0, 0.238477, 

104, 89, 0, 0.239686, 

104, 90, 0, 0.240765, 

104, 91, 0, 0.241955, 

104, 92, 0, 0.2434, 

104, 93, 0, 0.245127, 

104, 94, 0, 0.247059, 

104, 95, 0, 0.249043, 

104, 96, 0, 0.250884, 

104, 97, 0, 0.252403, 

104, 98, 0, 0.253485, 

104, 99, 0, 0.254122, 

104, 100, 0, 0.254441, 

104, 101, 0, 0.254711, 

104, 102, 0, 0.255329, 

104, 103, 0, 0.256788, 

104, 104, 0, 0.259648, 

104, 105, 0, 0.264498, 

104, 106, 0, 0.271929, 

104, 107, 0, 0.282511, 

104, 108, 0, 0.296771, 

104, 109, 0, 0.315167, 

104, 110, 0, 0.338046, 

104, 111, 0, 0.365588, 

104, 112, 0, 0.397715, 

104, 113, 0, 0.433975, 

104, 114, 0, 0.473376, 

104, 115, 0, 0.514161, 

104, 116, 0, 0.553498, 

104, 117, 0, 0.587053, 

104, 118, 0, 0.608419, 

104, 119, 0, 0.608419, 

105, 0, 0, 0.993333, 

105, 1, 0, 0.993333, 

105, 2, 0, 0.992001, 

105, 3, 0, 0.989476, 

105, 4, 0, 0.985687, 

105, 5, 0, 0.980434, 

105, 6, 0, 0.973422, 

105, 7, 0, 0.964295, 

105, 8, 0, 0.952667, 

105, 9, 0, 0.938153, 

105, 10, 0, 0.920411, 

105, 11, 0, 0.899185, 

105, 12, 0, 0.874358, 

105, 13, 0, 0.845992, 

105, 14, 0, 0.814359, 

105, 15, 0, 0.779958, 

105, 16, 0, 0.743495, 

105, 17, 0, 0.705853, 

105, 18, 0, 0.668024, 

105, 19, 0, 0.631041, 

105, 20, 0, 0.595904, 

105, 21, 0, 0.563513, 

105, 22, 0, 0.534624, 

105, 23, 0, 0.509825, 

105, 24, 0, 0.48953, 

105, 25, 0, 0.473987, 

105, 26, 0, 0.463295, 

105, 27, 0, 0.457421, 

105, 28, 0, 0.456201, 

105, 29, 0, 0.459344, 

105, 30, 0, 0.466411, 

105, 31, 0, 0.476802, 

105, 32, 0, 0.489732, 

105, 33, 0, 0.504223, 

105, 34, 0, 0.519124, 

105, 35, 0, 0.533155, 

105, 36, 0, 0.544998, 

105, 37, 0, 0.553414, 

105, 38, 0, 0.557383, 

105, 39, 0, 0.556233, 

105, 40, 0, 0.549737, 

105, 41, 0, 0.538149, 

105, 42, 0, 0.522172, 

105, 43, 0, 0.502866, 

105, 44, 0, 0.481504, 

105, 45, 0, 0.459428, 

105, 46, 0, 0.437909, 

105, 47, 0, 0.418047, 

105, 48, 0, 0.400711, 

105, 49, 0, 0.38652, 

105, 50, 0, 0.375846, 

105, 51, 0, 0.368835, 

105, 52, 0, 0.365423, 

105, 53, 0, 0.365352, 

105, 54, 0, 0.368163, 

105, 55, 0, 0.373207, 

105, 56, 0, 0.379636, 

105, 57, 0, 0.386435, 

105, 58, 0, 0.392475, 

105, 59, 0, 0.396603, 

105, 60, 0, 0.397771, 

105, 61, 0, 0.395176, 

105, 62, 0, 0.388383, 

105, 63, 0, 0.377404, 

105, 64, 0, 0.362705, 

105, 65, 0, 0.34513, 

105, 66, 0, 0.325777, 

105, 67, 0, 0.305835, 

105, 68, 0, 0.286442, 

105, 69, 0, 0.26857, 

105, 70, 0, 0.252968, 

105, 71, 0, 0.240147, 

105, 72, 0, 0.230403, 

105, 73, 0, 0.22385, 

105, 74, 0, 0.220458, 

105, 75, 0, 0.22008, 

105, 76, 0, 0.222472, 

105, 77, 0, 0.227287, 

105, 78, 0, 0.234088, 

105, 79, 0, 0.242345, 

105, 80, 0, 0.251456, 

105, 81, 0, 0.260793, 

105, 82, 0, 0.269749, 

105, 83, 0, 0.277814, 

105, 84, 0, 0.284626, 

105, 85, 0, 0.290016, 

105, 86, 0, 0.29401, 

105, 87, 0, 0.296805, 

105, 88, 0, 0.298711, 

105, 89, 0, 0.300089, 

105, 90, 0, 0.301279, 

105, 91, 0, 0.302546, 

105, 92, 0, 0.304048, 

105, 93, 0, 0.305822, 

105, 94, 0, 0.30779, 

105, 95, 0, 0.309793, 

105, 96, 0, 0.311631, 

105, 97, 0, 0.313119, 

105, 98, 0, 0.314141, 

105, 99, 0, 0.314695, 

105, 100, 0, 0.314921, 

105, 101, 0, 0.315107, 

105, 102, 0, 0.315673, 

105, 103, 0, 0.31714, 

105, 104, 0, 0.320092, 

105, 105, 0, 0.325133, 

105, 106, 0, 0.332856, 

105, 107, 0, 0.343813, 

105, 108, 0, 0.358486, 

105, 109, 0, 0.377261, 

105, 110, 0, 0.400384, 

105, 111, 0, 0.427914, 

105, 112, 0, 0.459649, 

105, 113, 0, 0.495032, 

105, 114, 0, 0.533024, 

105, 115, 0, 0.57192, 

105, 116, 0, 0.609085, 

105, 117, 0, 0.640569, 

105, 118, 0, 0.66054, 

105, 119, 0, 0.66054, 

106, 0, 0, 0.994904, 

106, 1, 0, 0.994904, 

106, 2, 0, 0.993847, 

106, 3, 0, 0.991838, 

106, 4, 0, 0.988813, 

106, 5, 0, 0.984601, 

106, 6, 0, 0.978948, 

106, 7, 0, 0.971552, 

106, 8, 0, 0.962076, 

106, 9, 0, 0.95018, 

106, 10, 0, 0.93555, 

106, 11, 0, 0.917938, 

106, 12, 0, 0.897198, 

106, 13, 0, 0.873331, 

106, 14, 0, 0.846512, 

106, 15, 0, 0.817106, 

106, 16, 0, 0.785669, 

106, 17, 0, 0.752922, 

106, 18, 0, 0.719708, 

106, 19, 0, 0.686934, 

106, 20, 0, 0.655514, 

106, 21, 0, 0.626302, 

106, 22, 0, 0.600054, 

106, 23, 0, 0.577387, 

106, 24, 0, 0.558771, 

106, 25, 0, 0.544515, 

106, 26, 0, 0.534782, 

106, 27, 0, 0.529585, 

106, 28, 0, 0.528789, 

106, 29, 0, 0.532115, 

106, 30, 0, 0.539118, 

106, 31, 0, 0.549183, 

106, 32, 0, 0.561514, 

106, 33, 0, 0.575138, 

106, 34, 0, 0.588931, 

106, 35, 0, 0.601675, 

106, 36, 0, 0.612142, 

106, 37, 0, 0.619206, 

106, 38, 0, 0.621964, 

106, 39, 0, 0.619844, 

106, 40, 0, 0.612685, 

106, 41, 0, 0.600761, 

106, 42, 0, 0.584752, 

106, 43, 0, 0.565656, 

106, 44, 0, 0.544671, 

106, 45, 0, 0.523062, 

106, 46, 0, 0.502037, 

106, 47, 0, 0.482662, 

106, 48, 0, 0.465792, 

106, 49, 0, 0.452051, 

106, 50, 0, 0.441826, 

106, 51, 0, 0.435278, 

106, 52, 0, 0.432349, 

106, 53, 0, 0.43277, 

106, 54, 0, 0.436068, 

106, 55, 0, 0.441557, 

106, 56, 0, 0.448358, 

106, 57, 0, 0.455422, 

106, 58, 0, 0.461596, 

106, 59, 0, 0.465715, 

106, 60, 0, 0.466729, 

106, 61, 0, 0.463839, 

106, 62, 0, 0.456612, 

106, 63, 0, 0.445062, 

106, 64, 0, 0.429647, 

106, 65, 0, 0.411209, 

106, 66, 0, 0.39085, 

106, 67, 0, 0.369786, 

106, 68, 0, 0.349198, 

106, 69, 0, 0.330121, 

106, 70, 0, 0.313379, 

106, 71, 0, 0.29956, 

106, 72, 0, 0.289026, 

106, 73, 0, 0.281941, 

106, 74, 0, 0.278306, 

106, 75, 0, 0.277981, 

106, 76, 0, 0.280698, 

106, 77, 0, 0.286079, 

106, 78, 0, 0.293628, 

106, 79, 0, 0.302754, 

106, 80, 0, 0.312794, 

106, 81, 0, 0.323059, 

106, 82, 0, 0.332895, 

106, 83, 0, 0.341754, 

106, 84, 0, 0.349252, 

106, 85, 0, 0.35521, 

106, 86, 0, 0.359654, 

106, 87, 0, 0.362789, 

106, 88, 0, 0.36494, 

106, 89, 0, 0.366484, 

106, 90, 0, 0.367779, 

106, 91, 0, 0.369105, 

106, 92, 0, 0.370632, 

106, 93, 0, 0.372402, 

106, 94, 0, 0.374344, 

106, 95, 0, 0.376297, 

106, 96, 0, 0.378064, 

106, 97, 0, 0.379462, 

106, 98, 0, 0.380378, 

106, 99, 0, 0.380817, 

106, 100, 0, 0.380929, 

106, 101, 0, 0.381012, 

106, 102, 0, 0.381497, 

106, 103, 0, 0.382915, 

106, 104, 0, 0.385857, 

106, 105, 0, 0.390923, 

106, 106, 0, 0.398692, 

106, 107, 0, 0.409681, 

106, 108, 0, 0.424318, 

106, 109, 0, 0.442909, 

106, 110, 0, 0.465606, 

106, 111, 0, 0.492359, 

106, 112, 0, 0.522869, 

106, 113, 0, 0.556512, 

106, 114, 0, 0.592243, 

106, 115, 0, 0.628459, 

106, 116, 0, 0.66277, 

106, 117, 0, 0.691653, 

106, 118, 0, 0.709914, 

106, 119, 0, 0.709914, 

107, 0, 0, 0.996119, 

107, 1, 0, 0.996119, 

107, 2, 0, 0.995286, 

107, 3, 0, 0.993701, 

107, 4, 0, 0.991308, 

107, 5, 0, 0.987961, 

107, 6, 0, 0.983452, 

107, 7, 0, 0.977524, 

107, 8, 0, 0.969894, 

107, 9, 0, 0.960269, 

107, 10, 0, 0.948372, 

107, 11, 0, 0.933972, 

107, 12, 0, 0.916919, 

107, 13, 0, 0.897174, 

107, 14, 0, 0.874841, 

107, 15, 0, 0.850182, 

107, 16, 0, 0.823624, 

107, 17, 0, 0.795744, 

107, 18, 0, 0.767241, 

107, 19, 0, 0.738892, 

107, 20, 0, 0.711503, 

107, 21, 0, 0.685856, 

107, 22, 0, 0.662666, 

107, 23, 0, 0.642544, 

107, 24, 0, 0.625975, 

107, 25, 0, 0.6133, 

107, 26, 0, 0.604716, 

107, 27, 0, 0.600267, 

107, 28, 0, 0.599845, 

107, 29, 0, 0.603181, 

107, 30, 0, 0.609843, 

107, 31, 0, 0.619226, 

107, 32, 0, 0.630555, 

107, 33, 0, 0.642901, 

107, 34, 0, 0.655209, 

107, 35, 0, 0.666361, 

107, 36, 0, 0.675252, 

107, 37, 0, 0.68089, 

107, 38, 0, 0.682497, 

107, 39, 0, 0.679602, 

107, 40, 0, 0.672099, 

107, 41, 0, 0.660265, 

107, 42, 0, 0.644733, 

107, 43, 0, 0.626417, 

107, 44, 0, 0.606412, 

107, 45, 0, 0.585878, 

107, 46, 0, 0.565937, 

107, 47, 0, 0.547592, 

107, 48, 0, 0.531663, 

107, 49, 0, 0.518759, 

107, 50, 0, 0.509269, 

107, 51, 0, 0.503357, 

107, 52, 0, 0.500968, 

107, 53, 0, 0.501835, 

107, 54, 0, 0.505474, 

107, 55, 0, 0.511192, 

107, 56, 0, 0.518103, 

107, 57, 0, 0.525162, 

107, 58, 0, 0.531233, 

107, 59, 0, 0.535179, 

107, 60, 0, 0.535984, 

107, 61, 0, 0.532878, 

107, 62, 0, 0.525447, 

107, 63, 0, 0.5137, 

107, 64, 0, 0.498073, 

107, 65, 0, 0.479376, 

107, 66, 0, 0.458681, 

107, 67, 0, 0.437183, 

107, 68, 0, 0.416068, 

107, 69, 0, 0.396401, 

107, 70, 0, 0.379055, 

107, 71, 0, 0.364675, 

107, 72, 0, 0.353684, 

107, 73, 0, 0.346294, 

107, 74, 0, 0.342537, 

107, 75, 0, 0.342283, 

107, 76, 0, 0.345258, 

107, 77, 0, 0.351052, 

107, 78, 0, 0.359134, 

107, 79, 0, 0.368868, 

107, 80, 0, 0.379547, 

107, 81, 0, 0.390444, 

107, 82, 0, 0.400879, 

107, 83, 0, 0.410285, 

107, 84, 0, 0.418267, 

107, 85, 0, 0.424642, 

107, 86, 0, 0.429434, 

107, 87, 0, 0.432849, 

107, 88, 0, 0.435214, 

107, 89, 0, 0.436908, 

107, 90, 0, 0.438294, 

107, 91, 0, 0.439658, 

107, 92, 0, 0.441175, 

107, 93, 0, 0.442894, 

107, 94, 0, 0.444751, 

107, 95, 0, 0.446592, 

107, 96, 0, 0.448229, 

107, 97, 0, 0.449487, 

107, 98, 0, 0.450263, 

107, 99, 0, 0.450569, 

107, 100, 0, 0.450558, 

107, 101, 0, 0.450529, 

107, 102, 0, 0.450912, 

107, 103, 0, 0.452231, 

107, 104, 0, 0.455061, 

107, 105, 0, 0.459986, 

107, 106, 0, 0.467549, 

107, 107, 0, 0.478224, 

107, 108, 0, 0.492377, 

107, 109, 0, 0.510237, 

107, 110, 0, 0.531871, 

107, 111, 0, 0.557145, 

107, 112, 0, 0.585691, 

107, 113, 0, 0.616854, 

107, 114, 0, 0.64963, 

107, 115, 0, 0.68255, 

107, 116, 0, 0.713501, 

107, 117, 0, 0.73941, 

107, 118, 0, 0.755745, 

107, 119, 0, 0.755745, 

108, 0, 0, 0.997057, 

108, 1, 0, 0.997057, 

108, 2, 0, 0.996406, 

108, 3, 0, 0.995167, 

108, 4, 0, 0.993291, 

108, 5, 0, 0.990659, 

108, 6, 0, 0.987101, 

108, 7, 0, 0.982405, 

108, 8, 0, 0.976337, 

108, 9, 0, 0.968652, 

108, 10, 0, 0.959112, 

108, 11, 0, 0.947513, 

108, 12, 0, 0.933712, 

108, 13, 0, 0.91765, 

108, 14, 0, 0.899382, 

108, 15, 0, 0.879091, 

108, 16, 0, 0.857101, 

108, 17, 0, 0.833865, 

108, 18, 0, 0.809949, 

108, 19, 0, 0.786003, 

108, 20, 0, 0.762717, 

108, 21, 0, 0.740782, 

108, 22, 0, 0.720847, 

108, 23, 0, 0.703485, 

108, 24, 0, 0.689165, 

108, 25, 0, 0.678229, 

108, 26, 0, 0.670887, 

108, 27, 0, 0.667199, 

108, 28, 0, 0.667074, 

108, 29, 0, 0.670264, 

108, 30, 0, 0.67636, 

108, 31, 0, 0.684792, 

108, 32, 0, 0.694836, 

108, 33, 0, 0.705635, 

108, 34, 0, 0.716237, 

108, 35, 0, 0.725648, 

108, 36, 0, 0.732906, 

108, 37, 0, 0.737161, 

108, 38, 0, 0.737763, 

108, 39, 0, 0.734333, 

108, 40, 0, 0.726808, 

108, 41, 0, 0.715454, 

108, 42, 0, 0.700842, 

108, 43, 0, 0.683786, 

108, 44, 0, 0.665259, 

108, 45, 0, 0.646301, 

108, 46, 0, 0.627928, 

108, 47, 0, 0.611057, 

108, 48, 0, 0.596453, 

108, 49, 0, 0.584693, 

108, 50, 0, 0.576151, 

108, 51, 0, 0.570988, 

108, 52, 0, 0.569151, 

108, 53, 0, 0.570375, 

108, 54, 0, 0.574183, 

108, 55, 0, 0.579898, 

108, 56, 0, 0.586656, 

108, 57, 0, 0.593453, 

108, 58, 0, 0.599205, 

108, 59, 0, 0.602838, 

108, 60, 0, 0.603403, 

108, 61, 0, 0.600182, 

108, 62, 0, 0.592788, 

108, 63, 0, 0.581226, 

108, 64, 0, 0.565899, 

108, 65, 0, 0.547557, 

108, 66, 0, 0.527208, 

108, 67, 0, 0.505991, 

108, 68, 0, 0.485057, 

108, 69, 0, 0.465465, 

108, 70, 0, 0.448102, 

108, 71, 0, 0.433652, 

108, 72, 0, 0.42258, 

108, 73, 0, 0.41514, 

108, 74, 0, 0.411393, 

108, 75, 0, 0.411225, 

108, 76, 0, 0.414361, 

108, 77, 0, 0.420379, 

108, 78, 0, 0.428728, 

108, 79, 0, 0.438748, 

108, 80, 0, 0.449715, 

108, 81, 0, 0.460889, 

108, 82, 0, 0.471585, 

108, 83, 0, 0.481238, 

108, 84, 0, 0.489457, 

108, 85, 0, 0.496057, 

108, 86, 0, 0.501062, 

108, 87, 0, 0.504667, 

108, 88, 0, 0.507192, 

108, 89, 0, 0.509004, 

108, 90, 0, 0.510457, 

108, 91, 0, 0.511834, 

108, 92, 0, 0.513308, 

108, 93, 0, 0.514935, 

108, 94, 0, 0.516657, 

108, 95, 0, 0.518337, 

108, 96, 0, 0.519799, 

108, 97, 0, 0.520885, 

108, 98, 0, 0.521502, 

108, 99, 0, 0.52167, 

108, 100, 0, 0.52154, 

108, 101, 0, 0.521405, 

108, 102, 0, 0.521676, 

108, 103, 0, 0.522855, 

108, 104, 0, 0.525487, 

108, 105, 0, 0.530117, 

108, 106, 0, 0.537246, 

108, 107, 0, 0.547293, 

108, 108, 0, 0.560559, 

108, 109, 0, 0.577209, 

108, 110, 0, 0.597236, 

108, 111, 0, 0.62045, 

108, 112, 0, 0.646444, 

108, 113, 0, 0.674571, 

108, 114, 0, 0.703897, 

108, 115, 0, 0.733115, 

108, 116, 0, 0.760399, 

108, 117, 0, 0.783127, 

108, 118, 0, 0.797424, 

108, 119, 0, 0.797424, 

109, 0, 0, 0.99778, 

109, 1, 0, 0.99778, 

109, 2, 0, 0.997276, 

109, 3, 0, 0.996316, 

109, 4, 0, 0.99486, 

109, 5, 0, 0.992813, 

109, 6, 0, 0.990037, 

109, 7, 0, 0.986362, 

109, 8, 0, 0.981598, 

109, 9, 0, 0.975543, 

109, 10, 0, 0.968002, 

109, 11, 0, 0.958799, 

109, 12, 0, 0.947806, 

109, 13, 0, 0.934957, 

109, 14, 0, 0.920276, 

109, 15, 0, 0.90389, 

109, 16, 0, 0.886038, 

109, 17, 0, 0.867071, 

109, 18, 0, 0.847441, 

109, 19, 0, 0.827677, 

109, 20, 0, 0.808355, 

109, 21, 0, 0.790067, 

109, 22, 0, 0.773379, 

109, 23, 0, 0.758805, 

109, 24, 0, 0.746773, 

109, 25, 0, 0.737607, 

109, 26, 0, 0.731508, 

109, 27, 0, 0.728541, 

109, 28, 0, 0.728631, 

109, 29, 0, 0.731551, 

109, 30, 0, 0.736929, 

109, 31, 0, 0.744246, 

109, 32, 0, 0.75285, 

109, 33, 0, 0.761983, 

109, 34, 0, 0.77081, 

109, 35, 0, 0.778476, 

109, 36, 0, 0.784167, 

109, 37, 0, 0.787176, 

109, 38, 0, 0.786972, 

109, 39, 0, 0.783258, 

109, 40, 0, 0.776002, 

109, 41, 0, 0.765449, 

109, 42, 0, 0.7521, 

109, 43, 0, 0.736661, 

109, 44, 0, 0.719976, 

109, 45, 0, 0.702954, 

109, 46, 0, 0.686492, 

109, 47, 0, 0.67141, 

109, 48, 0, 0.658399, 

109, 49, 0, 0.647989, 

109, 50, 0, 0.640527, 

109, 51, 0, 0.636162, 

109, 52, 0, 0.634842, 

109, 53, 0, 0.636311, 

109, 54, 0, 0.640115, 

109, 55, 0, 0.645609, 

109, 56, 0, 0.651981, 

109, 57, 0, 0.658295, 

109, 58, 0, 0.663552, 

109, 59, 0, 0.666773, 

109, 60, 0, 0.667093, 

109, 61, 0, 0.663865, 

109, 62, 0, 0.656739, 

109, 63, 0, 0.645715, 

109, 64, 0, 0.631152, 

109, 65, 0, 0.613726, 

109, 66, 0, 0.594352, 

109, 67, 0, 0.574085, 

109, 68, 0, 0.554005, 

109, 69, 0, 0.535127, 

109, 70, 0, 0.518327, 

109, 71, 0, 0.504295, 

109, 72, 0, 0.49352, 

109, 73, 0, 0.486285, 

109, 74, 0, 0.482677, 

109, 75, 0, 0.4826, 

109, 76, 0, 0.485788, 

109, 77, 0, 0.491821, 

109, 78, 0, 0.500147, 

109, 79, 0, 0.510109, 

109, 80, 0, 0.520989, 

109, 81, 0, 0.532061, 

109, 82, 0, 0.542661, 

109, 83, 0, 0.552242, 

109, 84, 0, 0.560427, 

109, 85, 0, 0.56704, 

109, 86, 0, 0.572099, 

109, 87, 0, 0.575785, 

109, 88, 0, 0.578398, 

109, 89, 0, 0.580282, 

109, 90, 0, 0.58177, 

109, 91, 0, 0.583131, 

109, 92, 0, 0.584533, 

109, 93, 0, 0.586034, 

109, 94, 0, 0.587587, 

109, 95, 0, 0.589071, 

109, 96, 0, 0.590332, 

109, 97, 0, 0.591229, 

109, 98, 0, 0.591686, 

109, 99, 0, 0.591725, 

109, 100, 0, 0.591495, 

109, 101, 0, 0.591268, 

109, 102, 0, 0.591429, 

109, 103, 0, 0.592443, 

109, 104, 0, 0.594809, 

109, 105, 0, 0.599024, 

109, 106, 0, 0.605533, 

109, 107, 0, 0.614697, 

109, 108, 0, 0.62676, 

109, 109, 0, 0.641827, 

109, 110, 0, 0.659841, 

109, 111, 0, 0.680577, 

109, 112, 0, 0.703623, 

109, 113, 0, 0.728367, 

109, 114, 0, 0.753968, 

109, 115, 0, 0.779295, 

109, 116, 0, 0.802806, 

109, 117, 0, 0.822309, 

109, 118, 0, 0.834555, 

109, 119, 0, 0.834555, 

110, 0, 0, 0.998333, 

110, 1, 0, 0.998333, 

110, 2, 0, 0.997947, 

110, 3, 0, 0.997211, 

110, 4, 0, 0.996094, 

110, 5, 0, 0.99452, 

110, 6, 0, 0.992379, 

110, 7, 0, 0.989539, 

110, 8, 0, 0.985848, 

110, 9, 0, 0.981144, 

110, 10, 0, 0.975267, 

110, 11, 0, 0.968076, 

110, 12, 0, 0.959456, 

110, 13, 0, 0.949348, 

110, 14, 0, 0.937755, 

110, 15, 0, 0.924763, 

110, 16, 0, 0.910549, 

110, 17, 0, 0.89538, 

110, 18, 0, 0.879609, 

110, 19, 0, 0.863659, 

110, 20, 0, 0.848001, 

110, 21, 0, 0.833122, 

110, 22, 0, 0.819505, 

110, 23, 0, 0.807589, 

110, 24, 0, 0.797751, 

110, 25, 0, 0.790277, 

110, 26, 0, 0.785349, 

110, 27, 0, 0.78303, 

110, 28, 0, 0.783254, 

110, 29, 0, 0.785822, 

110, 30, 0, 0.790405, 

110, 31, 0, 0.796547, 

110, 32, 0, 0.803683, 

110, 33, 0, 0.811161, 

110, 34, 0, 0.818273, 

110, 35, 0, 0.824306, 

110, 36, 0, 0.828588, 

110, 37, 0, 0.830545, 

110, 38, 0, 0.829755, 

110, 39, 0, 0.825989, 

110, 40, 0, 0.819238, 

110, 41, 0, 0.809719, 

110, 42, 0, 0.797859, 

110, 43, 0, 0.784256, 

110, 44, 0, 0.769628, 

110, 45, 0, 0.75475, 

110, 46, 0, 0.740394, 

110, 47, 0, 0.727274, 

110, 48, 0, 0.715999, 

110, 49, 0, 0.70704, 

110, 50, 0, 0.700707, 

110, 51, 0, 0.697131, 

110, 52, 0, 0.696262, 

110, 53, 0, 0.697858, 

110, 54, 0, 0.701498, 

110, 55, 0, 0.70659, 

110, 56, 0, 0.712393, 

110, 57, 0, 0.718064, 

110, 58, 0, 0.722708, 

110, 59, 0, 0.725457, 

110, 60, 0, 0.725552, 

110, 61, 0, 0.722423, 

110, 62, 0, 0.715763, 

110, 63, 0, 0.705568, 

110, 64, 0, 0.692148, 

110, 65, 0, 0.676093, 

110, 66, 0, 0.658214, 

110, 67, 0, 0.639454, 

110, 68, 0, 0.620798, 

110, 69, 0, 0.60319, 

110, 70, 0, 0.587459, 

110, 71, 0, 0.57428, 

110, 72, 0, 0.564142, 

110, 73, 0, 0.557342, 

110, 74, 0, 0.553985, 

110, 75, 0, 0.553995, 

110, 76, 0, 0.557122, 

110, 77, 0, 0.562964, 

110, 78, 0, 0.570988, 

110, 79, 0, 0.580561, 

110, 80, 0, 0.590997, 

110, 81, 0, 0.601609, 

110, 82, 0, 0.611771, 

110, 83, 0, 0.620973, 

110, 84, 0, 0.628864, 

110, 85, 0, 0.635278, 

110, 86, 0, 0.640228, 

110, 87, 0, 0.643877, 

110, 88, 0, 0.646494, 

110, 89, 0, 0.648394, 

110, 90, 0, 0.649878, 

110, 91, 0, 0.651194, 

110, 92, 0, 0.652499, 

110, 93, 0, 0.65385, 

110, 94, 0, 0.655213, 

110, 95, 0, 0.656486, 

110, 96, 0, 0.657537, 

110, 97, 0, 0.658248, 

110, 98, 0, 0.658556, 

110, 99, 0, 0.658488, 

110, 100, 0, 0.658182, 

110, 101, 0, 0.657887, 

110, 102, 0, 0.657951, 

110, 103, 0, 0.658789, 

110, 104, 0, 0.660849, 

110, 105, 0, 0.664567, 

110, 106, 0, 0.670329, 

110, 107, 0, 0.678438, 

110, 108, 0, 0.689085, 

110, 109, 0, 0.702328, 

110, 110, 0, 0.718083, 

110, 111, 0, 0.736109, 

110, 112, 0, 0.756012, 

110, 113, 0, 0.777238, 

110, 114, 0, 0.799054, 

110, 115, 0, 0.820505, 

110, 116, 0, 0.840316, 

110, 117, 0, 0.856694, 

110, 118, 0, 0.866964, 

110, 119, 0, 0.866964, 

111, 0, 0, 0.998753, 

111, 1, 0, 0.998753, 

111, 2, 0, 0.998461, 

111, 3, 0, 0.997903, 

111, 4, 0, 0.997056, 

111, 5, 0, 0.995859, 

111, 6, 0, 0.99423, 

111, 7, 0, 0.992063, 

111, 8, 0, 0.989241, 

111, 9, 0, 0.985637, 

111, 10, 0, 0.981125, 

111, 11, 0, 0.975589, 

111, 12, 0, 0.968938, 

111, 13, 0, 0.961116, 

111, 14, 0, 0.952118, 

111, 15, 0, 0.942002, 

111, 16, 0, 0.930897, 

111, 17, 0, 0.919004, 

111, 18, 0, 0.906595, 

111, 19, 0, 0.894001, 

111, 20, 0, 0.881595, 

111, 21, 0, 0.869774, 

111, 22, 0, 0.85893, 

111, 23, 0, 0.84943, 

111, 24, 0, 0.84159, 

111, 25, 0, 0.835653, 

111, 26, 0, 0.831775, 

111, 27, 0, 0.83001, 

111, 28, 0, 0.8303, 

111, 29, 0, 0.832477, 

111, 30, 0, 0.836257, 

111, 31, 0, 0.841254, 

111, 32, 0, 0.846993, 

111, 33, 0, 0.852929, 

111, 34, 0, 0.858482, 

111, 35, 0, 0.86307, 

111, 36, 0, 0.866155, 

111, 37, 0, 0.86728, 

111, 38, 0, 0.866116, 

111, 39, 0, 0.862491, 

111, 40, 0, 0.856412, 

111, 41, 0, 0.848064, 

111, 42, 0, 0.837803, 

111, 43, 0, 0.826125, 

111, 44, 0, 0.813626, 

111, 45, 0, 0.800952, 

111, 46, 0, 0.788754, 

111, 47, 0, 0.777637, 

111, 48, 0, 0.768123, 

111, 49, 0, 0.760619, 

111, 50, 0, 0.75539, 

111, 51, 0, 0.752549, 

111, 52, 0, 0.752045, 

111, 53, 0, 0.753658, 

111, 54, 0, 0.757009, 

111, 55, 0, 0.761568, 

111, 56, 0, 0.766683, 

111, 57, 0, 0.771614, 

111, 58, 0, 0.775586, 

111, 59, 0, 0.77785, 

111, 60, 0, 0.777756, 

111, 61, 0, 0.774818, 

111, 62, 0, 0.768773, 

111, 63, 0, 0.759616, 

111, 64, 0, 0.747605, 

111, 65, 0, 0.733244, 

111, 66, 0, 0.717229, 

111, 67, 0, 0.700382, 

111, 68, 0, 0.683575, 

111, 69, 0, 0.667655, 

111, 70, 0, 0.653387, 

111, 71, 0, 0.641401, 

111, 72, 0, 0.632168, 

111, 73, 0, 0.625984, 

111, 74, 0, 0.622964, 

111, 75, 0, 0.623048, 

111, 76, 0, 0.626013, 

111, 77, 0, 0.631483, 

111, 78, 0, 0.638963, 

111, 79, 0, 0.647864, 

111, 80, 0, 0.657554, 

111, 81, 0, 0.667401, 

111, 82, 0, 0.676837, 

111, 83, 0, 0.685397, 

111, 84, 0, 0.692767, 

111, 85, 0, 0.698793, 

111, 86, 0, 0.703484, 

111, 87, 0, 0.706982, 

111, 88, 0, 0.709521, 

111, 89, 0, 0.711376, 

111, 90, 0, 0.712815, 

111, 91, 0, 0.714057, 

111, 92, 0, 0.715245, 

111, 93, 0, 0.716435, 

111, 94, 0, 0.717602, 

111, 95, 0, 0.718663, 

111, 96, 0, 0.719512, 

111, 97, 0, 0.720051, 

111, 98, 0, 0.720232, 

111, 99, 0, 0.720085, 

111, 100, 0, 0.719733, 

111, 101, 0, 0.719398, 

111, 102, 0, 0.719383, 

111, 103, 0, 0.720051, 

111, 104, 0, 0.721788, 

111, 105, 0, 0.724969, 

111, 106, 0, 0.729919, 

111, 107, 0, 0.736887, 

111, 108, 0, 0.746018, 

111, 109, 0, 0.757337, 

111, 110, 0, 0.770743, 

111, 111, 0, 0.786004, 

111, 112, 0, 0.802762, 

111, 113, 0, 0.820529, 

111, 114, 0, 0.838686, 

111, 115, 0, 0.856447, 

111, 116, 0, 0.872781, 

111, 117, 0, 0.886245, 

111, 118, 0, 0.89468, 

111, 119, 0, 0.89468, 

112, 0, 0, 0.999069, 

112, 1, 0, 0.999069, 

112, 2, 0, 0.99885, 

112, 3, 0, 0.998432, 

112, 4, 0, 0.997797, 

112, 5, 0, 0.9969, 

112, 6, 0, 0.995675, 

112, 7, 0, 0.994044, 

112, 8, 0, 0.991916, 

112, 9, 0, 0.989194, 

112, 10, 0, 0.98578, 

112, 11, 0, 0.981583, 

112, 12, 0, 0.976531, 

112, 13, 0, 0.970577, 

112, 14, 0, 0.963711, 

112, 15, 0, 0.955974, 

112, 16, 0, 0.947457, 

112, 17, 0, 0.938311, 

112, 18, 0, 0.928742, 

112, 19, 0, 0.919003, 

112, 20, 0, 0.909387, 

112, 21, 0, 0.900204, 

112, 22, 0, 0.891768, 

112, 23, 0, 0.884374, 

112, 24, 0, 0.878277, 

112, 25, 0, 0.873676, 

112, 26, 0, 0.870698, 

112, 27, 0, 0.869386, 

112, 28, 0, 0.869693, 

112, 29, 0, 0.871475, 

112, 30, 0, 0.874499, 

112, 31, 0, 0.878447, 

112, 32, 0, 0.882929, 

112, 33, 0, 0.887505, 

112, 34, 0, 0.89171, 

112, 35, 0, 0.895083, 

112, 36, 0, 0.897201, 

112, 37, 0, 0.89771, 

112, 38, 0, 0.896358, 

112, 39, 0, 0.893019, 

112, 40, 0, 0.887706, 

112, 41, 0, 0.880576, 

112, 42, 0, 0.87192, 

112, 43, 0, 0.862139, 

112, 44, 0, 0.851718, 

112, 45, 0, 0.841186, 

112, 46, 0, 0.831076, 

112, 47, 0, 0.821891, 

112, 48, 0, 0.814065, 

112, 49, 0, 0.807939, 

112, 50, 0, 0.803734, 

112, 51, 0, 0.801543, 

112, 52, 0, 0.801314, 

112, 53, 0, 0.802854, 

112, 54, 0, 0.805829, 

112, 55, 0, 0.809783, 

112, 56, 0, 0.814154, 

112, 57, 0, 0.818313, 

112, 58, 0, 0.821606, 

112, 59, 0, 0.823406, 

112, 60, 0, 0.82317, 

112, 61, 0, 0.820495, 

112, 62, 0, 0.81516, 

112, 63, 0, 0.807159, 

112, 64, 0, 0.796704, 

112, 65, 0, 0.784214, 

112, 66, 0, 0.770272, 

112, 67, 0, 0.755574, 

112, 68, 0, 0.740872, 

112, 69, 0, 0.726905, 

112, 70, 0, 0.714351, 

112, 71, 0, 0.703782, 

112, 72, 0, 0.695633, 

112, 73, 0, 0.690185, 

112, 74, 0, 0.687554, 

112, 75, 0, 0.687696, 

112, 76, 0, 0.690414, 

112, 77, 0, 0.695374, 

112, 78, 0, 0.702127, 

112, 79, 0, 0.710147, 

112, 80, 0, 0.718866, 

112, 81, 0, 0.727724, 

112, 82, 0, 0.736219, 

112, 83, 0, 0.743942, 

112, 84, 0, 0.750617, 

112, 85, 0, 0.756108, 

112, 86, 0, 0.760418, 

112, 87, 0, 0.763667, 

112, 88, 0, 0.766051, 

112, 89, 0, 0.767807, 

112, 90, 0, 0.769162, 

112, 91, 0, 0.770306, 

112, 92, 0, 0.771365, 

112, 93, 0, 0.772389, 

112, 94, 0, 0.773365, 

112, 95, 0, 0.774228, 

112, 96, 0, 0.774893, 

112, 97, 0, 0.775284, 

112, 98, 0, 0.775366, 

112, 99, 0, 0.775168, 

112, 100, 0, 0.7748, 

112, 101, 0, 0.774451, 

112, 102, 0, 0.77438, 

112, 103, 0, 0.774893, 

112, 104, 0, 0.776315, 

112, 105, 0, 0.778959, 

112, 106, 0, 0.783092, 

112, 107, 0, 0.788913, 

112, 108, 0, 0.796529, 

112, 109, 0, 0.805945, 

112, 110, 0, 0.817057, 

112, 111, 0, 0.829652, 

112, 112, 0, 0.843417, 

112, 113, 0, 0.857941, 

112, 114, 0, 0.872712, 

112, 115, 0, 0.887098, 

112, 116, 0, 0.900281, 

112, 117, 0, 0.911123, 

112, 118, 0, 0.917913, 

112, 119, 0, 0.917913, 

113, 0, 0, 0.999302, 

113, 1, 0, 0.999302, 

113, 2, 0, 0.999139, 

113, 3, 0, 0.99883, 

113, 4, 0, 0.998361, 

113, 5, 0, 0.997696, 

113, 6, 0, 0.996788, 

113, 7, 0, 0.995576, 

113, 8, 0, 0.993994, 

113, 9, 0, 0.991968, 

113, 10, 0, 0.989423, 

113, 11, 0, 0.98629, 

113, 12, 0, 0.982512, 

113, 13, 0, 0.978053, 

113, 14, 0, 0.972902, 

113, 15, 0, 0.967086, 

113, 16, 0, 0.960671, 

113, 17, 0, 0.953769, 

113, 18, 0, 0.946531, 

113, 19, 0, 0.939152, 

113, 20, 0, 0.931852, 

113, 21, 0, 0.924871, 

113, 22, 0, 0.918452, 

113, 23, 0, 0.912826, 

113, 24, 0, 0.908192, 

113, 25, 0, 0.904708, 

113, 26, 0, 0.902474, 

113, 27, 0, 0.901522, 

113, 28, 0, 0.90181, 

113, 29, 0, 0.903224, 

113, 30, 0, 0.905575, 

113, 31, 0, 0.908607, 

113, 32, 0, 0.912011, 

113, 33, 0, 0.915441, 

113, 34, 0, 0.918533, 

113, 35, 0, 0.920929, 

113, 36, 0, 0.922304, 

113, 37, 0, 0.922389, 

113, 38, 0, 0.920996, 

113, 39, 0, 0.918034, 

113, 40, 0, 0.91352, 

113, 41, 0, 0.907582, 

113, 42, 0, 0.900452, 

113, 43, 0, 0.892451, 

113, 44, 0, 0.883964, 

113, 45, 0, 0.875415, 

113, 46, 0, 0.867233, 

113, 47, 0, 0.859824, 

113, 48, 0, 0.853541, 

113, 49, 0, 0.848661, 

113, 50, 0, 0.845364, 

113, 51, 0, 0.843721, 

113, 52, 0, 0.843683, 

113, 53, 0, 0.845084, 

113, 54, 0, 0.84764, 

113, 55, 0, 0.850966, 

113, 56, 0, 0.854594, 

113, 57, 0, 0.858002, 

113, 58, 0, 0.860654, 

113, 59, 0, 0.862036, 

113, 60, 0, 0.861708, 

113, 61, 0, 0.859341, 

113, 62, 0, 0.854756, 

113, 63, 0, 0.847947, 

113, 64, 0, 0.839085, 

113, 65, 0, 0.828508, 

113, 66, 0, 0.816694, 

113, 67, 0, 0.804221, 

113, 68, 0, 0.791715, 

113, 69, 0, 0.779806, 

113, 70, 0, 0.769078, 

113, 71, 0, 0.76003, 

113, 72, 0, 0.75305, 

113, 73, 0, 0.748392, 

113, 74, 0, 0.746169, 

113, 75, 0, 0.74635, 

113, 76, 0, 0.748766, 

113, 77, 0, 0.753126, 

113, 78, 0, 0.75904, 

113, 79, 0, 0.76605, 

113, 80, 0, 0.773664, 

113, 81, 0, 0.7814, 

113, 82, 0, 0.788825, 

113, 83, 0, 0.795592, 

113, 84, 0, 0.801462, 

113, 85, 0, 0.80632, 

113, 86, 0, 0.810164, 

113, 87, 0, 0.81309, 

113, 88, 0, 0.815261, 

113, 89, 0, 0.816872, 

113, 90, 0, 0.818111, 

113, 91, 0, 0.819139, 

113, 92, 0, 0.820061, 

113, 93, 0, 0.820926, 

113, 94, 0, 0.821724, 

113, 95, 0, 0.82241, 

113, 96, 0, 0.822917, 

113, 97, 0, 0.823188, 

113, 98, 0, 0.823199, 

113, 99, 0, 0.822978, 

113, 100, 0, 0.822619, 

113, 101, 0, 0.822279, 

113, 102, 0, 0.822173, 

113, 103, 0, 0.822553, 

113, 104, 0, 0.823685, 

113, 105, 0, 0.825822, 

113, 106, 0, 0.82918, 

113, 107, 0, 0.833914, 

113, 108, 0, 0.840101, 

113, 109, 0, 0.847735, 

113, 110, 0, 0.856715, 

113, 111, 0, 0.866859, 

113, 112, 0, 0.877902, 

113, 113, 0, 0.889505, 

113, 114, 0, 0.901259, 

113, 115, 0, 0.912666, 

113, 116, 0, 0.923089, 

113, 117, 0, 0.931647, 

113, 118, 0, 0.937006, 

113, 119, 0, 0.937006, 

114, 0, 0, 0.999468, 

114, 1, 0, 0.999468, 

114, 2, 0, 0.999349, 

114, 3, 0, 0.999123, 

114, 4, 0, 0.99878, 

114, 5, 0, 0.998294, 

114, 6, 0, 0.99763, 

114, 7, 0, 0.996743, 

114, 8, 0, 0.995584, 

114, 9, 0, 0.994097, 

114, 10, 0, 0.992228, 

114, 11, 0, 0.989924, 

114, 12, 0, 0.987144, 

114, 13, 0, 0.983858, 

114, 14, 0, 0.980057, 

114, 15, 0, 0.97576, 

114, 16, 0, 0.971013, 

114, 17, 0, 0.965897, 

114, 18, 0, 0.960526, 

114, 19, 0, 0.955041, 

114, 20, 0, 0.94961, 

114, 21, 0, 0.944411, 

114, 22, 0, 0.939629, 

114, 23, 0, 0.935439, 

114, 24, 0, 0.931993, 

114, 25, 0, 0.929413, 

114, 26, 0, 0.927772, 

114, 27, 0, 0.927094, 

114, 28, 0, 0.927346, 

114, 29, 0, 0.928435, 

114, 30, 0, 0.930213, 

114, 31, 0, 0.932481, 

114, 32, 0, 0.934999, 

114, 33, 0, 0.937502, 

114, 34, 0, 0.939709, 

114, 35, 0, 0.941352, 

114, 36, 0, 0.942184, 

114, 37, 0, 0.942005, 

114, 38, 0, 0.940677, 

114, 39, 0, 0.938135, 

114, 40, 0, 0.934398, 

114, 41, 0, 0.929569, 

114, 42, 0, 0.923829, 

114, 43, 0, 0.917429, 

114, 44, 0, 0.910671, 

114, 45, 0, 0.903886, 

114, 46, 0, 0.897413, 

114, 47, 0, 0.891571, 

114, 48, 0, 0.886642, 

114, 49, 0, 0.882844, 

114, 50, 0, 0.880319, 

114, 51, 0, 0.87912, 

114, 52, 0, 0.879202, 

114, 53, 0, 0.880425, 

114, 54, 0, 0.882554, 

114, 55, 0, 0.885274, 

114, 56, 0, 0.888204, 

114, 57, 0, 0.890923, 

114, 58, 0, 0.892999, 

114, 59, 0, 0.894025, 

114, 60, 0, 0.893648, 

114, 61, 0, 0.89161, 

114, 62, 0, 0.887769, 

114, 63, 0, 0.882117, 

114, 64, 0, 0.87479, 

114, 65, 0, 0.866058, 

114, 66, 0, 0.856302, 

114, 67, 0, 0.845989, 

114, 68, 0, 0.835631, 

114, 69, 0, 0.825749, 

114, 70, 0, 0.81683, 

114, 71, 0, 0.809298, 

114, 72, 0, 0.803487, 

114, 73, 0, 0.799618, 

114, 74, 0, 0.797794, 

114, 75, 0, 0.797993, 

114, 76, 0, 0.800077, 

114, 77, 0, 0.803799, 

114, 78, 0, 0.808831, 

114, 79, 0, 0.814785, 

114, 80, 0, 0.821248, 

114, 81, 0, 0.827815, 

114, 82, 0, 0.834126, 

114, 83, 0, 0.839891, 

114, 84, 0, 0.844913, 

114, 85, 0, 0.849091, 

114, 86, 0, 0.852423, 

114, 87, 0, 0.854983, 

114, 88, 0, 0.856901, 

114, 89, 0, 0.858334, 

114, 90, 0, 0.859436, 

114, 91, 0, 0.860336, 

114, 92, 0, 0.861123, 

114, 93, 0, 0.861838, 

114, 94, 0, 0.862479, 

114, 95, 0, 0.863012, 

114, 96, 0, 0.863389, 

114, 97, 0, 0.863568, 

114, 98, 0, 0.863533, 

114, 99, 0, 0.863312, 

114, 100, 0, 0.86298, 

114, 101, 0, 0.862667, 

114, 102, 0, 0.862545, 

114, 103, 0, 0.862816, 

114, 104, 0, 0.863693, 

114, 105, 0, 0.865377, 

114, 106, 0, 0.868036, 

114, 107, 0, 0.871788, 

114, 108, 0, 0.876691, 

114, 109, 0, 0.882728, 

114, 110, 0, 0.889815, 

114, 111, 0, 0.897795, 

114, 112, 0, 0.906455, 

114, 113, 0, 0.915524, 

114, 114, 0, 0.924681, 

114, 115, 0, 0.933541, 

114, 116, 0, 0.941619, 

114, 117, 0, 0.948244, 

114, 118, 0, 0.952393, 

114, 119, 0, 0.952393, 

115, 0, 0, 0.999579, 

115, 1, 0, 0.999579, 

115, 2, 0, 0.999493, 

115, 3, 0, 0.999331, 

115, 4, 0, 0.999083, 

115, 5, 0, 0.998733, 

115, 6, 0, 0.998254, 

115, 7, 0, 0.997614, 

115, 8, 0, 0.996776, 

115, 9, 0, 0.995701, 

115, 10, 0, 0.994349, 

115, 11, 0, 0.992682, 

115, 12, 0, 0.990667, 

115, 13, 0, 0.988284, 

115, 14, 0, 0.985525, 

115, 15, 0, 0.982403, 

115, 16, 0, 0.97895, 

115, 17, 0, 0.975226, 

115, 18, 0, 0.971312, 

115, 19, 0, 0.967311, 

115, 20, 0, 0.963346, 

115, 21, 0, 0.95955, 

115, 22, 0, 0.956058, 

115, 23, 0, 0.953001, 

115, 24, 0, 0.950491, 

115, 25, 0, 0.948618, 

115, 26, 0, 0.947437, 

115, 27, 0, 0.946964, 

115, 28, 0, 0.947171, 

115, 29, 0, 0.947987, 

115, 30, 0, 0.949298, 

115, 31, 0, 0.950952, 

115, 32, 0, 0.952769, 

115, 33, 0, 0.954547, 

115, 34, 0, 0.956078, 

115, 35, 0, 0.957162, 

115, 36, 0, 0.957617, 

115, 37, 0, 0.957297, 

115, 38, 0, 0.9561, 

115, 39, 0, 0.953984, 

115, 40, 0, 0.950966, 

115, 41, 0, 0.947126, 

115, 42, 0, 0.942604, 

115, 43, 0, 0.937594, 

115, 44, 0, 0.932326, 

115, 45, 0, 0.927055, 

115, 46, 0, 0.922043, 

115, 47, 0, 0.917537, 

115, 48, 0, 0.913753, 

115, 49, 0, 0.910862, 

115, 50, 0, 0.908971, 

115, 51, 0, 0.908117, 

115, 52, 0, 0.908263, 

115, 53, 0, 0.909293, 

115, 54, 0, 0.911017, 

115, 55, 0, 0.913183, 

115, 56, 0, 0.915489, 

115, 57, 0, 0.917602, 

115, 58, 0, 0.919186, 

115, 59, 0, 0.919921, 

115, 60, 0, 0.919534, 

115, 61, 0, 0.917824, 

115, 62, 0, 0.914681, 

115, 63, 0, 0.9101, 

115, 64, 0, 0.904184, 

115, 65, 0, 0.897145, 

115, 66, 0, 0.889282, 

115, 67, 0, 0.880963, 

115, 68, 0, 0.872598, 

115, 69, 0, 0.864605, 

115, 70, 0, 0.857382, 

115, 71, 0, 0.851276, 

115, 72, 0, 0.846566, 

115, 73, 0, 0.843439, 

115, 74, 0, 0.841983, 

115, 75, 0, 0.842185, 

115, 76, 0, 0.843931, 

115, 77, 0, 0.847023, 

115, 78, 0, 0.851188, 

115, 79, 0, 0.856109, 

115, 80, 0, 0.861449, 

115, 81, 0, 0.866878, 

115, 82, 0, 0.872102, 

115, 83, 0, 0.876885, 

115, 84, 0, 0.881068, 

115, 85, 0, 0.884567, 

115, 86, 0, 0.887377, 

115, 87, 0, 0.889555, 

115, 88, 0, 0.891203, 

115, 89, 0, 0.892442, 

115, 90, 0, 0.893395, 

115, 91, 0, 0.894164, 

115, 92, 0, 0.894821, 

115, 93, 0, 0.895401, 

115, 94, 0, 0.895906, 

115, 95, 0, 0.896312, 

115, 96, 0, 0.896586, 

115, 97, 0, 0.896699, 

115, 98, 0, 0.89664, 

115, 99, 0, 0.896433, 

115, 100, 0, 0.896141, 

115, 101, 0, 0.895865, 

115, 102, 0, 0.895742, 

115, 103, 0, 0.895929, 

115, 104, 0, 0.896592, 

115, 105, 0, 0.897886, 

115, 106, 0, 0.89994, 

115, 107, 0, 0.902845, 

115, 108, 0, 0.906638, 

115, 109, 0, 0.911303, 

115, 110, 0, 0.916768, 

115, 111, 0, 0.922908, 

115, 112, 0, 0.929553, 

115, 113, 0, 0.936494, 

115, 114, 0, 0.943483, 

115, 115, 0, 0.95023, 

115, 116, 0, 0.956371, 

115, 117, 0, 0.961403, 

115, 118, 0, 0.964557, 

115, 119, 0, 0.964557, 

116, 0, 0, 0.999644, 

116, 1, 0, 0.999644, 

116, 2, 0, 0.999583, 

116, 3, 0, 0.999467, 

116, 4, 0, 0.999292, 

116, 5, 0, 0.999043, 

116, 6, 0, 0.998702, 

116, 7, 0, 0.998247, 

116, 8, 0, 0.99765, 

116, 9, 0, 0.996885, 

116, 10, 0, 0.995921, 

116, 11, 0, 0.994732, 

116, 12, 0, 0.993295, 

116, 13, 0, 0.991594, 

116, 14, 0, 0.989624, 

116, 15, 0, 0.987393, 

116, 16, 0, 0.984924, 

116, 17, 0, 0.982259, 

116, 18, 0, 0.979457, 

116, 19, 0, 0.976591, 

116, 20, 0, 0.97375, 

116, 21, 0, 0.97103, 

116, 22, 0, 0.968529, 

116, 23, 0, 0.966341, 

116, 24, 0, 0.964548, 

116, 25, 0, 0.963215, 

116, 26, 0, 0.96238, 

116, 27, 0, 0.962055, 

116, 28, 0, 0.962217, 

116, 29, 0, 0.962813, 

116, 30, 0, 0.963756, 

116, 31, 0, 0.964934, 

116, 32, 0, 0.966213, 

116, 33, 0, 0.967445, 

116, 34, 0, 0.968477, 

116, 35, 0, 0.969162, 

116, 36, 0, 0.96937, 

116, 37, 0, 0.968994, 

116, 38, 0, 0.967964, 

116, 39, 0, 0.966251, 

116, 40, 0, 0.963868, 

116, 41, 0, 0.96088, 

116, 42, 0, 0.957391, 

116, 43, 0, 0.953548, 

116, 44, 0, 0.949525, 

116, 45, 0, 0.945514, 

116, 46, 0, 0.941712, 

116, 47, 0, 0.938307, 

116, 48, 0, 0.935462, 

116, 49, 0, 0.933306, 

116, 50, 0, 0.93192, 

116, 51, 0, 0.931328, 

116, 52, 0, 0.931497, 

116, 53, 0, 0.932336, 

116, 54, 0, 0.933695, 

116, 55, 0, 0.935378, 

116, 56, 0, 0.937149, 

116, 57, 0, 0.938753, 

116, 58, 0, 0.93993, 

116, 59, 0, 0.940438, 

116, 60, 0, 0.940069, 

116, 61, 0, 0.938669, 

116, 62, 0, 0.936155, 

116, 63, 0, 0.932523, 

116, 64, 0, 0.927853, 

116, 65, 0, 0.922306, 

116, 66, 0, 0.916113, 

116, 67, 0, 0.909558, 

116, 68, 0, 0.902961, 

116, 69, 0, 0.896651, 

116, 70, 0, 0.890943, 

116, 71, 0, 0.886116, 

116, 72, 0, 0.882394, 

116, 73, 0, 0.87993, 

116, 74, 0, 0.878798, 

116, 75, 0, 0.878989, 

116, 76, 0, 0.880414, 

116, 77, 0, 0.882915, 

116, 78, 0, 0.886275, 

116, 79, 0, 0.890241, 

116, 80, 0, 0.894542, 

116, 81, 0, 0.898918, 

116, 82, 0, 0.903134, 

116, 83, 0, 0.907006, 

116, 84, 0, 0.910403, 

116, 85, 0, 0.91326, 

116, 86, 0, 0.91557, 

116, 87, 0, 0.917376, 

116, 88, 0, 0.918753, 

116, 89, 0, 0.919796, 

116, 90, 0, 0.920598, 

116, 91, 0, 0.921239, 

116, 92, 0, 0.921776, 

116, 93, 0, 0.922238, 

116, 94, 0, 0.922629, 

116, 95, 0, 0.922934, 

116, 96, 0, 0.923129, 

116, 97, 0, 0.923196, 

116, 98, 0, 0.923128, 

116, 99, 0, 0.922946, 

116, 100, 0, 0.922699, 

116, 101, 0, 0.922465, 

116, 102, 0, 0.92235, 

116, 103, 0, 0.922475, 

116, 104, 0, 0.922964, 

116, 105, 0, 0.923936, 

116, 106, 0, 0.925488, 

116, 107, 0, 0.927685, 

116, 108, 0, 0.930554, 

116, 109, 0, 0.93408, 

116, 110, 0, 0.938204, 

116, 111, 0, 0.942829, 

116, 112, 0, 0.947824, 

116, 113, 0, 0.95303, 

116, 114, 0, 0.958261, 

116, 115, 0, 0.963301, 

116, 116, 0, 0.967883, 

116, 117, 0, 0.971636, 

116, 118, 0, 0.97399, 

116, 119, 0, 0.97399, 

117, 0, 0, 0.999668, 

117, 1, 0, 0.999668, 

117, 2, 0, 0.999626, 

117, 3, 0, 0.999545, 

117, 4, 0, 0.999422, 

117, 5, 0, 0.999247, 

117, 6, 0, 0.999008, 

117, 7, 0, 0.998689, 

117, 8, 0, 0.998271, 

117, 9, 0, 0.997734, 

117, 10, 0, 0.997058, 

117, 11, 0, 0.996223, 

117, 12, 0, 0.995214, 

117, 13, 0, 0.994019, 

117, 14, 0, 0.992634, 

117, 15, 0, 0.991066, 

117, 16, 0, 0.989329, 

117, 17, 0, 0.987455, 

117, 18, 0, 0.985482, 

117, 19, 0, 0.983466, 

117, 20, 0, 0.981466, 

117, 21, 0, 0.979552, 

117, 22, 0, 0.977793, 

117, 23, 0, 0.976255, 

117, 24, 0, 0.974998, 

117, 25, 0, 0.974066, 

117, 26, 0, 0.973487, 

117, 27, 0, 0.973267, 

117, 28, 0, 0.973389, 

117, 29, 0, 0.973813, 

117, 30, 0, 0.974476, 

117, 31, 0, 0.975296, 

117, 32, 0, 0.976175, 

117, 33, 0, 0.977007, 

117, 34, 0, 0.977682, 

117, 35, 0, 0.978094, 

117, 36, 0, 0.978151, 

117, 37, 0, 0.977777, 

117, 38, 0, 0.976923, 

117, 39, 0, 0.97557, 

117, 40, 0, 0.973731, 

117, 41, 0, 0.971452, 

117, 42, 0, 0.968814, 

117, 43, 0, 0.965924, 

117, 44, 0, 0.962911, 

117, 45, 0, 0.959917, 

117, 46, 0, 0.95709, 

117, 47, 0, 0.954567, 

117, 48, 0, 0.95247, 

117, 49, 0, 0.950894, 

117, 50, 0, 0.949897, 

117, 51, 0, 0.949496, 

117, 52, 0, 0.949663, 

117, 53, 0, 0.950327, 

117, 54, 0, 0.951372, 

117, 55, 0, 0.952648, 

117, 56, 0, 0.953977, 

117, 57, 0, 0.955167, 

117, 58, 0, 0.956022, 

117, 59, 0, 0.956359, 

117, 60, 0, 0.956025, 

117, 61, 0, 0.954905, 

117, 62, 0, 0.952937, 

117, 63, 0, 0.950119, 

117, 64, 0, 0.94651, 

117, 65, 0, 0.942232, 

117, 66, 0, 0.937459, 

117, 67, 0, 0.932407, 

117, 68, 0, 0.927321, 

117, 69, 0, 0.922452, 

117, 70, 0, 0.918045, 

117, 71, 0, 0.914318, 

117, 72, 0, 0.911445, 

117, 73, 0, 0.90955, 

117, 74, 0, 0.90869, 

117, 75, 0, 0.908862, 

117, 76, 0, 0.909997, 

117, 77, 0, 0.911971, 

117, 78, 0, 0.914617, 

117, 79, 0, 0.917735, 

117, 80, 0, 0.921118, 

117, 81, 0, 0.924562, 

117, 82, 0, 0.927886, 

117, 83, 0, 0.930946, 

117, 84, 0, 0.933641, 

117, 85, 0, 0.935919, 

117, 86, 0, 0.937772, 

117, 87, 0, 0.939232, 

117, 88, 0, 0.940354, 

117, 89, 0, 0.941209, 

117, 90, 0, 0.941867, 

117, 91, 0, 0.942389, 

117, 92, 0, 0.942819, 

117, 93, 0, 0.943181, 

117, 94, 0, 0.943479, 

117, 95, 0, 0.943704, 

117, 96, 0, 0.943841, 

117, 97, 0, 0.943877, 

117, 98, 0, 0.943811, 

117, 99, 0, 0.943658, 

117, 100, 0, 0.943456, 

117, 101, 0, 0.943266, 

117, 102, 0, 0.943165, 

117, 103, 0, 0.943245, 

117, 104, 0, 0.943598, 

117, 105, 0, 0.944312, 

117, 106, 0, 0.945459, 

117, 107, 0, 0.947086, 

117, 108, 0, 0.949211, 

117, 109, 0, 0.95182, 

117, 110, 0, 0.954869, 

117, 111, 0, 0.958283, 

117, 112, 0, 0.961964, 

117, 113, 0, 0.965793, 

117, 114, 0, 0.969635, 

117, 115, 0, 0.973331, 

117, 116, 0, 0.976689, 

117, 117, 0, 0.979438, 

117, 118, 0, 0.981164, 

117, 119, 0, 0.981164, 

118, 0, 0, 0.999654, 

118, 1, 0, 0.999654, 

118, 2, 0, 0.999625, 

118, 3, 0, 0.999569, 

118, 4, 0, 0.999484, 

118, 5, 0, 0.999364, 

118, 6, 0, 0.999199, 

118, 7, 0, 0.998978, 

118, 8, 0, 0.998689, 

118, 9, 0, 0.998318, 

118, 10, 0, 0.997851, 

118, 11, 0, 0.997274, 

118, 12, 0, 0.996576, 

118, 13, 0, 0.99575, 

118, 14, 0, 0.994792, 

118, 15, 0, 0.993707, 

118, 16, 0, 0.992506, 

118, 17, 0, 0.991209, 

118, 18, 0, 0.989844, 

118, 19, 0, 0.988449, 

118, 20, 0, 0.987065, 

118, 21, 0, 0.985742, 

118, 22, 0, 0.984526, 

118, 23, 0, 0.983465, 

118, 24, 0, 0.982599, 

118, 25, 0, 0.981959, 

118, 26, 0, 0.981564, 

118, 27, 0, 0.981417, 

118, 28, 0, 0.981506, 

118, 29, 0, 0.981801, 

118, 30, 0, 0.982256, 

118, 31, 0, 0.982814, 

118, 32, 0, 0.983405, 

118, 33, 0, 0.983952, 

118, 34, 0, 0.984379, 

118, 35, 0, 0.984612, 

118, 36, 0, 0.984585, 

118, 37, 0, 0.984246, 

118, 38, 0, 0.983561, 

118, 39, 0, 0.982518, 

118, 40, 0, 0.981127, 

118, 41, 0, 0.979424, 

118, 42, 0, 0.977467, 

118, 43, 0, 0.975334, 

118, 44, 0, 0.97312, 

118, 45, 0, 0.970927, 

118, 46, 0, 0.968864, 

118, 47, 0, 0.96703, 

118, 48, 0, 0.965513, 

118, 49, 0, 0.964382, 

118, 50, 0, 0.963679, 

118, 51, 0, 0.963413, 

118, 52, 0, 0.963563, 

118, 53, 0, 0.964074, 

118, 54, 0, 0.964859, 

118, 55, 0, 0.965805, 

118, 56, 0, 0.966781, 

118, 57, 0, 0.967644, 

118, 58, 0, 0.96825, 

118, 59, 0, 0.968465, 

118, 60, 0, 0.968176, 

118, 61, 0, 0.9673, 

118, 62, 0, 0.965791, 

118, 63, 0, 0.963648, 

118, 64, 0, 0.960915, 

118, 65, 0, 0.957682, 

118, 66, 0, 0.954079, 

118, 67, 0, 0.950266, 

118, 68, 0, 0.946426, 

118, 69, 0, 0.94275, 

118, 70, 0, 0.939422, 

118, 71, 0, 0.936607, 

118, 72, 0, 0.93444, 

118, 73, 0, 0.933014, 

118, 74, 0, 0.932377, 

118, 75, 0, 0.932525, 

118, 76, 0, 0.933407, 

118, 77, 0, 0.93493, 

118, 78, 0, 0.936965, 

118, 79, 0, 0.939362, 

118, 80, 0, 0.941964, 

118, 81, 0, 0.944614, 

118, 82, 0, 0.947177, 

118, 83, 0, 0.949541, 

118, 84, 0, 0.951632, 

118, 85, 0, 0.953407, 

118, 86, 0, 0.95486, 

118, 87, 0, 0.956012, 

118, 88, 0, 0.956905, 

118, 89, 0, 0.957588, 

118, 90, 0, 0.958115, 

118, 91, 0, 0.958531, 

118, 92, 0, 0.958869, 

118, 93, 0, 0.959147, 

118, 94, 0, 0.959371, 

118, 95, 0, 0.959535, 

118, 96, 0, 0.95963, 

118, 97, 0, 0.959648, 

118, 98, 0, 0.959588, 

118, 99, 0, 0.959464, 

118, 100, 0, 0.959305, 

118, 101, 0, 0.959154, 

118, 102, 0, 0.959071, 

118, 103, 0, 0.959119, 

118, 104, 0, 0.959369, 

118, 105, 0, 0.959884, 

118, 106, 0, 0.960714, 

118, 107, 0, 0.961894, 

118, 108, 0, 0.963437, 

118, 109, 0, 0.96533, 

118, 110, 0, 0.967539, 

118, 111, 0, 0.970011, 

118, 112, 0, 0.972672, 

118, 113, 0, 0.975437, 

118, 114, 0, 0.978207, 

118, 115, 0, 0.98087, 

118, 116, 0, 0.983287, 

118, 117, 0, 0.985267, 

118, 118, 0, 0.986511, 

118, 119, 0, 0.986511, 

119, 0, 0, 0.999602, 

119, 1, 0, 0.999602, 

119, 2, 0, 0.999582, 

119, 3, 0, 0.999544, 

119, 4, 0, 0.999486, 

119, 5, 0, 0.999404, 

119, 6, 0, 0.999292, 

119, 7, 0, 0.999142, 

119, 8, 0, 0.998945, 

119, 9, 0, 0.998692, 

119, 10, 0, 0.998374, 

119, 11, 0, 0.997982, 

119, 12, 0, 0.997507, 

119, 13, 0, 0.996944, 

119, 14, 0, 0.996292, 

119, 15, 0, 0.995554, 

119, 16, 0, 0.994736, 

119, 17, 0, 0.993853, 

119, 18, 0, 0.992924, 

119, 19, 0, 0.991975, 

119, 20, 0, 0.991034, 

119, 21, 0, 0.990134, 

119, 22, 0, 0.989309, 

119, 23, 0, 0.988589, 

119, 24, 0, 0.988002, 

119, 25, 0, 0.98757, 

119, 26, 0, 0.987305, 

119, 27, 0, 0.987208, 

119, 28, 0, 0.98727, 

119, 29, 0, 0.98747, 

119, 30, 0, 0.987777, 

119, 31, 0, 0.988148, 

119, 32, 0, 0.988536, 

119, 33, 0, 0.988887, 

119, 34, 0, 0.989148, 

119, 35, 0, 0.989268, 

119, 36, 0, 0.989201, 

119, 37, 0, 0.988913, 

119, 38, 0, 0.988379, 

119, 39, 0, 0.987593, 

119, 40, 0, 0.986562, 

119, 41, 0, 0.985314, 

119, 42, 0, 0.983888, 

119, 43, 0, 0.982343, 

119, 44, 0, 0.980745, 

119, 45, 0, 0.979169, 

119, 46, 0, 0.977689, 

119, 47, 0, 0.97638, 

119, 48, 0, 0.975303, 

119, 49, 0, 0.974506, 

119, 50, 0, 0.974018, 

119, 51, 0, 0.973846, 

119, 52, 0, 0.973972, 

119, 53, 0, 0.974355, 

119, 54, 0, 0.974932, 

119, 55, 0, 0.975619, 

119, 56, 0, 0.976321, 

119, 57, 0, 0.976934, 

119, 58, 0, 0.977354, 

119, 59, 0, 0.977484, 

119, 60, 0, 0.977243, 

119, 61, 0, 0.976571, 

119, 62, 0, 0.975437, 

119, 63, 0, 0.973838, 

119, 64, 0, 0.971808, 

119, 65, 0, 0.969413, 

119, 66, 0, 0.966746, 

119, 67, 0, 0.963925, 

119, 68, 0, 0.961085, 

119, 69, 0, 0.958365, 

119, 70, 0, 0.955903, 

119, 71, 0, 0.953821, 

119, 72, 0, 0.95222, 

119, 73, 0, 0.951171, 

119, 74, 0, 0.950708, 

119, 75, 0, 0.950831, 

119, 76, 0, 0.951502, 

119, 77, 0, 0.952651, 

119, 78, 0, 0.954183, 

119, 79, 0, 0.955987, 

119, 80, 0, 0.957945, 

119, 81, 0, 0.959942, 

119, 82, 0, 0.961876, 

119, 83, 0, 0.963665, 

119, 84, 0, 0.965252, 

119, 85, 0, 0.966606, 

119, 86, 0, 0.96772, 

119, 87, 0, 0.96861, 

119, 88, 0, 0.969304, 

119, 89, 0, 0.969838, 

119, 90, 0, 0.97025, 

119, 91, 0, 0.970574, 

119, 92, 0, 0.970834, 

119, 93, 0, 0.971045, 

119, 94, 0, 0.971211, 

119, 95, 0, 0.971329, 

119, 96, 0, 0.971393, 

119, 97, 0, 0.9714, 

119, 98, 0, 0.97135, 

119, 99, 0, 0.971254, 

119, 100, 0, 0.971131, 

119, 101, 0, 0.971016, 

119, 102, 0, 0.970949, 

119, 103, 0, 0.970977, 

119, 104, 0, 0.971151, 

119, 105, 0, 0.971514, 

119, 106, 0, 0.972104, 

119, 107, 0, 0.972944, 

119, 108, 0, 0.974041, 

119, 109, 0, 0.975389, 

119, 110, 0, 0.976961, 

119, 111, 0, 0.978717, 

119, 112, 0, 0.980606, 

119, 113, 0, 0.982567, 

119, 114, 0, 0.98453, 

119, 115, 0, 0.986415, 

119, 116, 0, 0.988125, 

119, 117, 0, 0.989526, 

119, 118, 0, 0.990408, 

119, 119, 0, 0.990408, 

120, 0, 0, 0.999507, 

120, 1, 0, 0.999507, 

120, 2, 0, 0.999493, 

120, 3, 0, 0.999468, 

120, 4, 0, 0.999429, 

120, 5, 0, 0.999374, 

120, 6, 0, 0.999299, 

120, 7, 0, 0.999198, 

120, 8, 0, 0.999067, 

120, 9, 0, 0.998897, 

120, 10, 0, 0.998684, 

120, 11, 0, 0.998421, 

120, 12, 0, 0.998103, 

120, 13, 0, 0.997726, 

120, 14, 0, 0.997289, 

120, 15, 0, 0.996794, 

120, 16, 0, 0.996247, 

120, 17, 0, 0.995655, 

120, 18, 0, 0.995033, 

120, 19, 0, 0.994398, 

120, 20, 0, 0.993769, 

120, 21, 0, 0.993167, 

120, 22, 0, 0.992615, 

120, 23, 0, 0.992135, 

120, 24, 0, 0.991744, 

120, 25, 0, 0.991457, 

120, 26, 0, 0.991282, 

120, 27, 0, 0.991219, 

120, 28, 0, 0.991261, 

120, 29, 0, 0.991394, 

120, 30, 0, 0.991595, 

120, 31, 0, 0.991837, 

120, 32, 0, 0.992086, 

120, 33, 0, 0.992306, 

120, 34, 0, 0.992459, 

120, 35, 0, 0.992512, 

120, 36, 0, 0.992433, 

120, 37, 0, 0.992198, 

120, 38, 0, 0.991794, 

120, 39, 0, 0.991214, 

120, 40, 0, 0.990465, 

120, 41, 0, 0.989566, 

120, 42, 0, 0.988547, 

120, 43, 0, 0.987447, 

120, 44, 0, 0.986314, 

120, 45, 0, 0.9852, 

120, 46, 0, 0.984158, 

120, 47, 0, 0.98324, 

120, 48, 0, 0.982488, 

120, 49, 0, 0.981935, 

120, 50, 0, 0.981603, 

120, 51, 0, 0.981494, 

120, 52, 0, 0.981595, 

120, 53, 0, 0.981876, 

120, 54, 0, 0.98229, 

120, 55, 0, 0.982779, 

120, 56, 0, 0.983274, 

120, 57, 0, 0.9837, 

120, 58, 0, 0.983985, 

120, 59, 0, 0.984058, 

120, 60, 0, 0.983864, 

120, 61, 0, 0.98336, 

120, 62, 0, 0.982522, 

120, 63, 0, 0.981352, 

120, 64, 0, 0.979872, 

120, 65, 0, 0.97813, 

120, 66, 0, 0.976193, 

120, 67, 0, 0.974146, 

120, 68, 0, 0.972085, 

120, 69, 0, 0.970112, 

120, 70, 0, 0.968326, 

120, 71, 0, 0.966817, 

120, 72, 0, 0.965657, 

120, 73, 0, 0.9649, 

120, 74, 0, 0.964571, 

120, 75, 0, 0.96467, 

120, 76, 0, 0.965169, 

120, 77, 0, 0.966018, 

120, 78, 0, 0.967148, 

120, 79, 0, 0.968478, 

120, 80, 0, 0.969922, 

120, 81, 0, 0.971397, 

120, 82, 0, 0.972827, 

120, 83, 0, 0.974154, 

120, 84, 0, 0.975334, 

120, 85, 0, 0.976346, 

120, 86, 0, 0.977183, 

120, 87, 0, 0.977856, 

120, 88, 0, 0.978383, 

120, 89, 0, 0.978791, 

120, 90, 0, 0.979107, 

120, 91, 0, 0.979354, 

120, 92, 0, 0.979551, 

120, 93, 0, 0.979707, 

120, 94, 0, 0.979828, 

120, 95, 0, 0.979912, 

120, 96, 0, 0.979956, 

120, 97, 0, 0.979957, 

120, 98, 0, 0.979918, 

120, 99, 0, 0.979844, 

120, 100, 0, 0.979753, 

120, 101, 0, 0.979667, 

120, 102, 0, 0.979615, 

120, 103, 0, 0.979631, 

120, 104, 0, 0.979749, 

120, 105, 0, 0.980001, 

120, 106, 0, 0.980412, 

120, 107, 0, 0.980998, 

120, 108, 0, 0.981765, 

120, 109, 0, 0.982707, 

120, 110, 0, 0.983805, 

120, 111, 0, 0.985031, 

120, 112, 0, 0.986349, 

120, 113, 0, 0.987715, 

120, 114, 0, 0.989082, 

120, 115, 0, 0.990394, 

120, 116, 0, 0.991584, 

120, 117, 0, 0.992559, 

120, 118, 0, 0.993174, 

120, 119, 0, 0.993174, 

121, 0, 0, 0.999363, 

121, 1, 0, 0.999363, 

121, 2, 0, 0.999354, 

121, 3, 0, 0.999337, 

121, 4, 0, 0.999312, 

121, 5, 0, 0.999276, 

121, 6, 0, 0.999226, 

121, 7, 0, 0.99916, 

121, 8, 0, 0.999073, 

121, 9, 0, 0.998961, 

121, 10, 0, 0.99882, 

121, 11, 0, 0.998647, 

121, 12, 0, 0.998437, 

121, 13, 0, 0.998188, 

121, 14, 0, 0.9979, 

121, 15, 0, 0.997574, 

121, 16, 0, 0.997213, 

121, 17, 0, 0.996823, 

121, 18, 0, 0.996413, 

121, 19, 0, 0.995995, 

121, 20, 0, 0.99558, 

121, 21, 0, 0.995185, 

121, 22, 0, 0.994822, 

121, 23, 0, 0.994507, 

121, 24, 0, 0.994251, 

121, 25, 0, 0.994063, 

121, 26, 0, 0.993949, 

121, 27, 0, 0.993908, 

121, 28, 0, 0.993936, 

121, 29, 0, 0.994022, 

121, 30, 0, 0.994152, 

121, 31, 0, 0.994306, 

121, 32, 0, 0.994462, 

121, 33, 0, 0.994595, 

121, 34, 0, 0.994681, 

121, 35, 0, 0.994697, 

121, 36, 0, 0.994621, 

121, 37, 0, 0.994438, 

121, 38, 0, 0.994139, 

121, 39, 0, 0.993719, 

121, 40, 0, 0.993186, 

121, 41, 0, 0.99255, 

121, 42, 0, 0.991834, 

121, 43, 0, 0.991065, 

121, 44, 0, 0.990276, 

121, 45, 0, 0.989502, 

121, 46, 0, 0.988781, 

121, 47, 0, 0.988147, 

121, 48, 0, 0.98763, 

121, 49, 0, 0.987254, 

121, 50, 0, 0.987031, 

121, 51, 0, 0.986963, 

121, 52, 0, 0.987041, 

121, 53, 0, 0.987242, 

121, 54, 0, 0.987534, 

121, 55, 0, 0.987875, 

121, 56, 0, 0.988217, 

121, 57, 0, 0.988508, 

121, 58, 0, 0.988696, 

121, 59, 0, 0.988734, 

121, 60, 0, 0.988582, 

121, 61, 0, 0.988211, 

121, 62, 0, 0.987604, 

121, 63, 0, 0.986763, 

121, 64, 0, 0.985703, 

121, 65, 0, 0.984459, 

121, 66, 0, 0.983077, 

121, 67, 0, 0.981618, 

121, 68, 0, 0.98015, 

121, 69, 0, 0.978745, 

121, 70, 0, 0.977474, 

121, 71, 0, 0.9764, 

121, 72, 0, 0.975577, 

121, 73, 0, 0.975041, 

121, 74, 0, 0.974812, 

121, 75, 0, 0.974888, 

121, 76, 0, 0.975252, 

121, 77, 0, 0.975868, 

121, 78, 0, 0.976685, 

121, 79, 0, 0.977647, 

121, 80, 0, 0.978691, 

121, 81, 0, 0.979759, 

121, 82, 0, 0.980796, 

121, 83, 0, 0.981761, 

121, 84, 0, 0.982623, 

121, 85, 0, 0.983364, 

121, 86, 0, 0.98398, 

121, 87, 0, 0.984478, 

121, 88, 0, 0.984871, 

121, 89, 0, 0.985176, 

121, 90, 0, 0.985413, 

121, 91, 0, 0.985597, 

121, 92, 0, 0.985743, 

121, 93, 0, 0.985858, 

121, 94, 0, 0.985945, 

121, 95, 0, 0.986004, 

121, 96, 0, 0.986033, 

121, 97, 0, 0.986032, 

121, 98, 0, 0.986002, 

121, 99, 0, 0.985948, 

121, 100, 0, 0.985881, 

121, 101, 0, 0.985818, 

121, 102, 0, 0.985779, 

121, 103, 0, 0.985788, 

121, 104, 0, 0.985867, 

121, 105, 0, 0.986038, 

121, 106, 0, 0.98632, 

121, 107, 0, 0.986722, 

121, 108, 0, 0.987249, 

121, 109, 0, 0.987895, 

121, 110, 0, 0.988649, 

121, 111, 0, 0.98949, 

121, 112, 0, 0.990393, 

121, 113, 0, 0.991329, 

121, 114, 0, 0.992265, 

121, 115, 0, 0.993163, 

121, 116, 0, 0.993977, 

121, 117, 0, 0.994645, 

121, 118, 0, 0.995067, 

121, 119, 0, 0.995067, 

122, 0, 0, 0.999161, 

122, 1, 0, 0.999161, 

122, 2, 0, 0.999155, 

122, 3, 0, 0.999144, 

122, 4, 0, 0.999127, 

122, 5, 0, 0.999104, 

122, 6, 0, 0.999071, 

122, 7, 0, 0.999028, 

122, 8, 0, 0.998972, 

122, 9, 0, 0.998899, 

122, 10, 0, 0.998808, 

122, 11, 0, 0.998695, 

122, 12, 0, 0.998559, 

122, 13, 0, 0.998397, 

122, 14, 0, 0.99821, 

122, 15, 0, 0.997999, 

122, 16, 0, 0.997764, 

122, 17, 0, 0.997512, 

122, 18, 0, 0.997246, 

122, 19, 0, 0.996975, 

122, 20, 0, 0.996706, 

122, 21, 0, 0.99645, 

122, 22, 0, 0.996216, 

122, 23, 0, 0.996012, 

122, 24, 0, 0.995847, 

122, 25, 0, 0.995726, 

122, 26, 0, 0.995653, 

122, 27, 0, 0.995627, 

122, 28, 0, 0.995644, 

122, 29, 0, 0.995699, 

122, 30, 0, 0.995781, 

122, 31, 0, 0.995877, 

122, 32, 0, 0.995973, 

122, 33, 0, 0.996051, 

122, 34, 0, 0.996096, 

122, 35, 0, 0.996093, 

122, 36, 0, 0.996028, 

122, 37, 0, 0.99589, 

122, 38, 0, 0.995673, 

122, 39, 0, 0.995376, 

122, 40, 0, 0.995003, 

122, 41, 0, 0.994561, 

122, 42, 0, 0.994067, 

122, 43, 0, 0.993538, 

122, 44, 0, 0.992997, 

122, 45, 0, 0.992469, 

122, 46, 0, 0.991978, 

122, 47, 0, 0.991548, 

122, 48, 0, 0.991199, 

122, 49, 0, 0.990947, 

122, 50, 0, 0.990799, 

122, 51, 0, 0.990758, 

122, 52, 0, 0.990816, 

122, 53, 0, 0.990957, 

122, 54, 0, 0.991159, 

122, 55, 0, 0.991392, 

122, 56, 0, 0.991624, 

122, 57, 0, 0.991818, 

122, 58, 0, 0.99194, 

122, 59, 0, 0.991957, 

122, 60, 0, 0.991841, 

122, 61, 0, 0.991572, 

122, 62, 0, 0.99114, 

122, 63, 0, 0.990546, 

122, 64, 0, 0.9898, 

122, 65, 0, 0.988927, 

122, 66, 0, 0.987958, 

122, 67, 0, 0.986937, 

122, 68, 0, 0.98591, 

122, 69, 0, 0.984927, 

122, 70, 0, 0.984039, 

122, 71, 0, 0.983289, 

122, 72, 0, 0.982715, 

122, 73, 0, 0.982342, 

122, 74, 0, 0.982185, 

122, 75, 0, 0.982244, 

122, 76, 0, 0.982504, 

122, 77, 0, 0.982941, 

122, 78, 0, 0.983522, 

122, 79, 0, 0.984204, 

122, 80, 0, 0.984945, 

122, 81, 0, 0.985704, 

122, 82, 0, 0.986443, 

122, 83, 0, 0.987132, 

122, 84, 0, 0.987749, 

122, 85, 0, 0.988281, 

122, 86, 0, 0.988727, 

122, 87, 0, 0.989088, 

122, 88, 0, 0.989374, 

122, 89, 0, 0.989598, 

122, 90, 0, 0.989772, 

122, 91, 0, 0.989907, 

122, 92, 0, 0.990013, 

122, 93, 0, 0.990096, 

122, 94, 0, 0.990158, 

122, 95, 0, 0.990199, 

122, 96, 0, 0.990218, 

122, 97, 0, 0.990216, 

122, 98, 0, 0.990194, 

122, 99, 0, 0.990155, 

122, 100, 0, 0.990108, 

122, 101, 0, 0.990063, 

122, 102, 0, 0.990035, 

122, 103, 0, 0.990038, 

122, 104, 0, 0.99009, 

122, 105, 0, 0.990205, 

122, 106, 0, 0.990395, 

122, 107, 0, 0.990666, 

122, 108, 0, 0.991021, 

122, 109, 0, 0.991458, 

122, 110, 0, 0.991966, 

122, 111, 0, 0.992533, 

122, 112, 0, 0.993142, 

122, 113, 0, 0.993773, 

122, 114, 0, 0.994403, 

122, 115, 0, 0.995008, 

122, 116, 0, 0.995556, 

122, 117, 0, 0.996006, 

122, 118, 0, 0.99629, 

122, 119, 0, 0.99629, 

123, 0, 0, 0.998886, 

123, 1, 0, 0.998886, 

123, 2, 0, 0.998882, 

123, 3, 0, 0.998875, 

123, 4, 0, 0.998864, 

123, 5, 0, 0.998849, 

123, 6, 0, 0.998829, 

123, 7, 0, 0.998801, 

123, 8, 0, 0.998765, 

123, 9, 0, 0.998718, 

123, 10, 0, 0.99866, 

123, 11, 0, 0.998588, 

123, 12, 0, 0.998501, 

123, 13, 0, 0.998398, 

123, 14, 0, 0.998278, 

123, 15, 0, 0.998143, 

123, 16, 0, 0.997993, 

123, 17, 0, 0.997832, 

123, 18, 0, 0.997662, 

123, 19, 0, 0.997489, 

123, 20, 0, 0.997318, 

123, 21, 0, 0.997155, 

123, 22, 0, 0.997006, 

123, 23, 0, 0.996877, 

123, 24, 0, 0.996772, 

123, 25, 0, 0.996695, 

123, 26, 0, 0.996648, 

123, 27, 0, 0.996632, 

123, 28, 0, 0.996643, 

123, 29, 0, 0.996677, 

123, 30, 0, 0.996728, 

123, 31, 0, 0.996786, 

123, 32, 0, 0.996843, 

123, 33, 0, 0.996888, 

123, 34, 0, 0.99691, 

123, 35, 0, 0.996898, 

123, 36, 0, 0.996846, 

123, 37, 0, 0.996745, 

123, 38, 0, 0.996591, 

123, 39, 0, 0.996385, 

123, 40, 0, 0.996128, 

123, 41, 0, 0.995827, 

123, 42, 0, 0.995492, 

123, 43, 0, 0.995134, 

123, 44, 0, 0.99477, 

123, 45, 0, 0.994415, 

123, 46, 0, 0.994086, 

123, 47, 0, 0.993799, 

123, 48, 0, 0.993567, 

123, 49, 0, 0.993401, 

123, 50, 0, 0.993305, 

123, 51, 0, 0.99328, 

123, 52, 0, 0.993322, 

123, 53, 0, 0.993419, 

123, 54, 0, 0.993555, 

123, 55, 0, 0.993712, 

123, 56, 0, 0.993866, 

123, 57, 0, 0.993994, 

123, 58, 0, 0.994071, 

123, 59, 0, 0.994076, 

123, 60, 0, 0.993989, 

123, 61, 0, 0.993798, 

123, 62, 0, 0.993496, 

123, 63, 0, 0.993084, 

123, 64, 0, 0.992568, 

123, 65, 0, 0.991965, 

123, 66, 0, 0.991298, 

123, 67, 0, 0.990595, 

123, 68, 0, 0.989889, 

123, 69, 0, 0.989214, 

123, 70, 0, 0.988603, 

123, 71, 0, 0.988089, 

123, 72, 0, 0.987695, 

123, 73, 0, 0.987441, 

123, 74, 0, 0.987335, 

123, 75, 0, 0.987379, 

123, 76, 0, 0.987561, 

123, 77, 0, 0.987867, 

123, 78, 0, 0.988271, 

123, 79, 0, 0.988747, 

123, 80, 0, 0.989264, 

123, 81, 0, 0.989793, 

123, 82, 0, 0.99031, 

123, 83, 0, 0.990793, 

123, 84, 0, 0.991226, 

123, 85, 0, 0.991602, 

123, 86, 0, 0.991918, 

123, 87, 0, 0.992175, 

123, 88, 0, 0.99238, 

123, 89, 0, 0.992541, 

123, 90, 0, 0.992666, 

123, 91, 0, 0.992763, 

123, 92, 0, 0.992839, 

123, 93, 0, 0.992898, 

123, 94, 0, 0.992941, 

123, 95, 0, 0.992969, 

123, 96, 0, 0.992982, 

123, 97, 0, 0.99298, 

123, 98, 0, 0.992964, 

123, 99, 0, 0.992937, 

123, 100, 0, 0.992904, 

123, 101, 0, 0.992873, 

123, 102, 0, 0.992853, 

123, 103, 0, 0.992854, 

123, 104, 0, 0.992888, 

123, 105, 0, 0.992963, 

123, 106, 0, 0.993089, 

123, 107, 0, 0.993268, 

123, 108, 0, 0.993504, 

123, 109, 0, 0.993794, 

123, 110, 0, 0.994131, 

123, 111, 0, 0.994507, 

123, 112, 0, 0.994911, 

123, 113, 0, 0.995329, 

123, 114, 0, 0.995746, 

123, 115, 0, 0.996147, 

123, 116, 0, 0.99651, 

123, 117, 0, 0.996808, 

123, 118, 0, 0.996997, 

123, 119, 0, 0.996997, 

124, 0, 0, 0.99852, 

124, 1, 0, 0.99852, 

124, 2, 0, 0.998518, 

124, 3, 0, 0.998513, 

124, 4, 0, 0.998507, 

124, 5, 0, 0.998497, 

124, 6, 0, 0.998484, 

124, 7, 0, 0.998467, 

124, 8, 0, 0.998444, 

124, 9, 0, 0.998415, 

124, 10, 0, 0.998378, 

124, 11, 0, 0.998333, 

124, 12, 0, 0.998278, 

124, 13, 0, 0.998213, 

124, 14, 0, 0.998138, 

124, 15, 0, 0.998053, 

124, 16, 0, 0.997959, 

124, 17, 0, 0.997857, 

124, 18, 0, 0.997751, 

124, 19, 0, 0.997642, 

124, 20, 0, 0.997535, 

124, 21, 0, 0.997433, 

124, 22, 0, 0.997339, 

124, 23, 0, 0.997258, 

124, 24, 0, 0.997193, 

124, 25, 0, 0.997145, 

124, 26, 0, 0.997116, 

124, 27, 0, 0.997105, 

124, 28, 0, 0.997112, 

124, 29, 0, 0.997133, 

124, 30, 0, 0.997163, 

124, 31, 0, 0.997198, 

124, 32, 0, 0.997231, 

124, 33, 0, 0.997255, 

124, 34, 0, 0.997264, 

124, 35, 0, 0.997251, 

124, 36, 0, 0.997211, 

124, 37, 0, 0.997139, 

124, 38, 0, 0.997033, 

124, 39, 0, 0.996892, 

124, 40, 0, 0.996719, 

124, 41, 0, 0.996517, 

124, 42, 0, 0.996293, 

124, 43, 0, 0.996056, 

124, 44, 0, 0.995814, 

124, 45, 0, 0.995579, 

124, 46, 0, 0.995363, 

124, 47, 0, 0.995174, 

124, 48, 0, 0.995023, 

124, 49, 0, 0.994914, 

124, 50, 0, 0.994853, 

124, 51, 0, 0.994839, 

124, 52, 0, 0.994868, 

124, 53, 0, 0.994933, 

124, 54, 0, 0.995024, 

124, 55, 0, 0.995127, 

124, 56, 0, 0.995228, 

124, 57, 0, 0.99531, 

124, 58, 0, 0.995358, 

124, 59, 0, 0.995356, 

124, 60, 0, 0.995293, 

124, 61, 0, 0.99516, 

124, 62, 0, 0.994953, 

124, 63, 0, 0.994671, 

124, 64, 0, 0.99432, 

124, 65, 0, 0.993911, 

124, 66, 0, 0.993459, 

124, 67, 0, 0.992983, 

124, 68, 0, 0.992506, 

124, 69, 0, 0.99205, 

124, 70, 0, 0.991638, 

124, 71, 0, 0.99129, 

124, 72, 0, 0.991025, 

124, 73, 0, 0.990855, 

124, 74, 0, 0.990785, 

124, 75, 0, 0.990816, 

124, 76, 0, 0.990942, 

124, 77, 0, 0.991152, 

124, 78, 0, 0.991428, 

124, 79, 0, 0.991754, 

124, 80, 0, 0.992108, 

124, 81, 0, 0.992472, 

124, 82, 0, 0.992827, 

124, 83, 0, 0.993159, 

124, 84, 0, 0.993458, 

124, 85, 0, 0.993719, 

124, 86, 0, 0.993939, 

124, 87, 0, 0.994118, 

124, 88, 0, 0.994262, 

124, 89, 0, 0.994375, 

124, 90, 0, 0.994464, 

124, 91, 0, 0.994533, 

124, 92, 0, 0.994586, 

124, 93, 0, 0.994627, 

124, 94, 0, 0.994656, 

124, 95, 0, 0.994675, 

124, 96, 0, 0.994684, 

124, 97, 0, 0.994682, 

124, 98, 0, 0.994671, 

124, 99, 0, 0.994653, 

124, 100, 0, 0.99463, 

124, 101, 0, 0.994609, 

124, 102, 0, 0.994595, 

124, 103, 0, 0.994595, 

124, 104, 0, 0.994617, 

124, 105, 0, 0.994666, 

124, 106, 0, 0.994747, 

124, 107, 0, 0.994865, 

124, 108, 0, 0.995018, 

124, 109, 0, 0.995207, 

124, 110, 0, 0.995427, 

124, 111, 0, 0.995673, 

124, 112, 0, 0.995936, 

124, 113, 0, 0.996209, 

124, 114, 0, 0.996481, 

124, 115, 0, 0.996742, 

124, 116, 0, 0.996979, 

124, 117, 0, 0.997173, 

124, 118, 0, 0.997296, 

124, 119, 0, 0.997296, 

125, 0, 0, 0.998041, 

125, 1, 0, 0.998041, 

125, 2, 0, 0.998039, 

125, 3, 0, 0.998037, 

125, 4, 0, 0.998032, 

125, 5, 0, 0.998027, 

125, 6, 0, 0.998019, 

125, 7, 0, 0.998008, 

125, 8, 0, 0.997994, 

125, 9, 0, 0.997976, 

125, 10, 0, 0.997953, 

125, 11, 0, 0.997925, 

125, 12, 0, 0.997891, 

125, 13, 0, 0.99785, 

125, 14, 0, 0.997804, 

125, 15, 0, 0.997751, 

125, 16, 0, 0.997693, 

125, 17, 0, 0.99763, 

125, 18, 0, 0.997565, 

125, 19, 0, 0.997498, 

125, 20, 0, 0.997431, 

125, 21, 0, 0.997368, 

125, 22, 0, 0.997311, 

125, 23, 0, 0.997261, 

125, 24, 0, 0.99722, 

125, 25, 0, 0.997191, 

125, 26, 0, 0.997173, 

125, 27, 0, 0.997166, 

125, 28, 0, 0.99717, 

125, 29, 0, 0.997183, 

125, 30, 0, 0.997201, 

125, 31, 0, 0.997221, 

125, 32, 0, 0.99724, 

125, 33, 0, 0.997252, 

125, 34, 0, 0.997255, 

125, 35, 0, 0.997243, 

125, 36, 0, 0.997213, 

125, 37, 0, 0.997163, 

125, 38, 0, 0.997091, 

125, 39, 0, 0.996997, 

125, 40, 0, 0.996882, 

125, 41, 0, 0.996749, 

125, 42, 0, 0.996602, 

125, 43, 0, 0.996447, 

125, 44, 0, 0.996289, 

125, 45, 0, 0.996137, 

125, 46, 0, 0.995996, 

125, 47, 0, 0.995874, 

125, 48, 0, 0.995777, 

125, 49, 0, 0.995707, 

125, 50, 0, 0.995669, 

125, 51, 0, 0.995661, 

125, 52, 0, 0.99568, 

125, 53, 0, 0.995723, 

125, 54, 0, 0.995783, 

125, 55, 0, 0.99585, 

125, 56, 0, 0.995914, 

125, 57, 0, 0.995966, 

125, 58, 0, 0.995995, 

125, 59, 0, 0.995991, 

125, 60, 0, 0.995946, 

125, 61, 0, 0.995855, 

125, 62, 0, 0.995715, 

125, 63, 0, 0.995525, 

125, 64, 0, 0.995291, 

125, 65, 0, 0.995018, 

125, 66, 0, 0.994716, 

125, 67, 0, 0.9944, 

125, 68, 0, 0.994082, 

125, 69, 0, 0.993779, 

125, 70, 0, 0.993506, 

125, 71, 0, 0.993275, 

125, 72, 0, 0.9931, 

125, 73, 0, 0.992987, 

125, 74, 0, 0.992942, 

125, 75, 0, 0.992964, 

125, 76, 0, 0.993049, 

125, 77, 0, 0.99319, 

125, 78, 0, 0.993377, 

125, 79, 0, 0.993596, 

125, 80, 0, 0.993834, 

125, 81, 0, 0.994079, 

125, 82, 0, 0.994319, 

125, 83, 0, 0.994544, 

125, 84, 0, 0.994747, 

125, 85, 0, 0.994925, 

125, 86, 0, 0.995075, 

125, 87, 0, 0.995198, 

125, 88, 0, 0.995297, 

125, 89, 0, 0.995375, 

125, 90, 0, 0.995437, 

125, 91, 0, 0.995484, 

125, 92, 0, 0.995521, 

125, 93, 0, 0.995549, 

125, 94, 0, 0.995569, 

125, 95, 0, 0.995582, 

125, 96, 0, 0.995588, 

125, 97, 0, 0.995586, 

125, 98, 0, 0.995579, 

125, 99, 0, 0.995566, 

125, 100, 0, 0.995552, 

125, 101, 0, 0.995537, 

125, 102, 0, 0.995528, 

125, 103, 0, 0.995527, 

125, 104, 0, 0.995541, 

125, 105, 0, 0.995572, 

125, 106, 0, 0.995624, 

125, 107, 0, 0.9957, 

125, 108, 0, 0.995798, 

125, 109, 0, 0.99592, 

125, 110, 0, 0.996061, 

125, 111, 0, 0.996219, 

125, 112, 0, 0.996387, 

125, 113, 0, 0.996562, 

125, 114, 0, 0.996737, 

125, 115, 0, 0.996904, 

125, 116, 0, 0.997056, 

125, 117, 0, 0.997181, 

125, 118, 0, 0.99726, 

125, 119, 0, 0.99726, 

126, 0, 0, 0.997419, 

126, 1, 0, 0.997419, 

126, 2, 0, 0.997419, 

126, 3, 0, 0.997417, 

126, 4, 0, 0.997414, 

126, 5, 0, 0.997411, 

126, 6, 0, 0.997406, 

126, 7, 0, 0.997399, 

126, 8, 0, 0.997391, 

126, 9, 0, 0.99738, 

126, 10, 0, 0.997366, 

126, 11, 0, 0.997349, 

126, 12, 0, 0.997328, 

126, 13, 0, 0.997303, 

126, 14, 0, 0.997275, 

126, 15, 0, 0.997243, 

126, 16, 0, 0.997208, 

126, 17, 0, 0.997169, 

126, 18, 0, 0.997129, 

126, 19, 0, 0.997089, 

126, 20, 0, 0.997048, 

126, 21, 0, 0.99701, 

126, 22, 0, 0.996975, 

126, 23, 0, 0.996945, 

126, 24, 0, 0.99692, 

126, 25, 0, 0.996902, 

126, 26, 0, 0.996892, 

126, 27, 0, 0.996887, 

126, 28, 0, 0.99689, 

126, 29, 0, 0.996897, 

126, 30, 0, 0.996907, 

126, 31, 0, 0.996919, 

126, 32, 0, 0.996929, 

126, 33, 0, 0.996935, 

126, 34, 0, 0.996935, 

126, 35, 0, 0.996925, 

126, 36, 0, 0.996904, 

126, 37, 0, 0.99687, 

126, 38, 0, 0.996822, 

126, 39, 0, 0.99676, 

126, 40, 0, 0.996685, 

126, 41, 0, 0.996599, 

126, 42, 0, 0.996504, 

126, 43, 0, 0.996404, 

126, 44, 0, 0.996303, 

126, 45, 0, 0.996206, 

126, 46, 0, 0.996116, 

126, 47, 0, 0.996039, 

126, 48, 0, 0.995977, 

126, 49, 0, 0.995933, 

126, 50, 0, 0.995909, 

126, 51, 0, 0.995904, 

126, 52, 0, 0.995917, 

126, 53, 0, 0.995945, 

126, 54, 0, 0.995983, 

126, 55, 0, 0.996026, 

126, 56, 0, 0.996067, 

126, 57, 0, 0.996099, 

126, 58, 0, 0.996116, 

126, 59, 0, 0.996111, 

126, 60, 0, 0.99608, 

126, 61, 0, 0.996018, 

126, 62, 0, 0.995925, 

126, 63, 0, 0.9958, 

126, 64, 0, 0.995646, 

126, 65, 0, 0.995466, 

126, 66, 0, 0.995269, 

126, 67, 0, 0.995062, 

126, 68, 0, 0.994854, 

126, 69, 0, 0.994656, 

126, 70, 0, 0.994477, 

126, 71, 0, 0.994327, 

126, 72, 0, 0.994213, 

126, 73, 0, 0.99414, 

126, 74, 0, 0.994111, 

126, 75, 0, 0.994126, 

126, 76, 0, 0.994183, 

126, 77, 0, 0.994276, 

126, 78, 0, 0.994399, 

126, 79, 0, 0.994544, 

126, 80, 0, 0.994702, 

126, 81, 0, 0.994865, 

126, 82, 0, 0.995024, 

126, 83, 0, 0.995173, 

126, 84, 0, 0.995309, 

126, 85, 0, 0.995428, 

126, 86, 0, 0.995528, 

126, 87, 0, 0.995612, 

126, 88, 0, 0.995679, 

126, 89, 0, 0.995732, 

126, 90, 0, 0.995773, 

126, 91, 0, 0.995806, 

126, 92, 0, 0.995831, 

126, 93, 0, 0.99585, 

126, 94, 0, 0.995863, 

126, 95, 0, 0.995872, 

126, 96, 0, 0.995875, 

126, 97, 0, 0.995874, 

126, 98, 0, 0.995869, 

126, 99, 0, 0.995861, 

126, 100, 0, 0.995851, 

126, 101, 0, 0.995842, 

126, 102, 0, 0.995836, 

126, 103, 0, 0.995835, 

126, 104, 0, 0.995844, 

126, 105, 0, 0.995863, 

126, 106, 0, 0.995896, 

126, 107, 0, 0.995944, 

126, 108, 0, 0.996006, 

126, 109, 0, 0.996083, 

126, 110, 0, 0.996172, 

126, 111, 0, 0.996271, 

126, 112, 0, 0.996378, 

126, 113, 0, 0.996488, 

126, 114, 0, 0.996599, 

126, 115, 0, 0.996704, 

126, 116, 0, 0.9968, 

126, 117, 0, 0.996879, 

126, 118, 0, 0.996929, 

126, 119, 0, 0.996929, 

127, 0, 0, 0.996621, 

127, 1, 0, 0.996621, 

127, 2, 0, 0.99662, 

127, 3, 0, 0.996619, 

127, 4, 0, 0.996618, 

127, 5, 0, 0.996616, 

127, 6, 0, 0.996613, 

127, 7, 0, 0.996609, 

127, 8, 0, 0.996604, 

127, 9, 0, 0.996597, 

127, 10, 0, 0.996589, 

127, 11, 0, 0.996578, 

127, 12, 0, 0.996566, 

127, 13, 0, 0.996551, 

127, 14, 0, 0.996534, 

127, 15, 0, 0.996515, 

127, 16, 0, 0.996494, 

127, 17, 0, 0.996471, 

127, 18, 0, 0.996447, 

127, 19, 0, 0.996422, 

127, 20, 0, 0.996398, 

127, 21, 0, 0.996375, 

127, 22, 0, 0.996355, 

127, 23, 0, 0.996337, 

127, 24, 0, 0.996322, 

127, 25, 0, 0.996311, 

127, 26, 0, 0.996305, 

127, 27, 0, 0.996302, 

127, 28, 0, 0.996303, 

127, 29, 0, 0.996307, 

127, 30, 0, 0.996313, 

127, 31, 0, 0.99632, 

127, 32, 0, 0.996325, 

127, 33, 0, 0.996328, 

127, 34, 0, 0.996326, 

127, 35, 0, 0.996319, 

127, 36, 0, 0.996304, 

127, 37, 0, 0.996282, 

127, 38, 0, 0.996251, 

127, 39, 0, 0.996211, 

127, 40, 0, 0.996163, 

127, 41, 0, 0.996108, 

127, 42, 0, 0.996048, 

127, 43, 0, 0.995984, 

127, 44, 0, 0.995921, 

127, 45, 0, 0.995859, 

127, 46, 0, 0.995803, 

127, 47, 0, 0.995754, 

127, 48, 0, 0.995716, 

127, 49, 0, 0.995689, 

127, 50, 0, 0.995674, 

127, 51, 0, 0.995671, 

127, 52, 0, 0.99568, 

127, 53, 0, 0.995698, 

127, 54, 0, 0.995722, 

127, 55, 0, 0.995748, 

127, 56, 0, 0.995773, 

127, 57, 0, 0.995793, 

127, 58, 0, 0.995802, 

127, 59, 0, 0.995798, 

127, 60, 0, 0.995777, 

127, 61, 0, 0.995736, 

127, 62, 0, 0.995675, 

127, 63, 0, 0.995594, 

127, 64, 0, 0.995494, 

127, 65, 0, 0.995378, 

127, 66, 0, 0.995251, 

127, 67, 0, 0.995118, 

127, 68, 0, 0.994984, 

127, 69, 0, 0.994857, 

127, 70, 0, 0.994742, 

127, 71, 0, 0.994645, 

127, 72, 0, 0.994572, 

127, 73, 0, 0.994525, 

127, 74, 0, 0.994507, 

127, 75, 0, 0.994517, 

127, 76, 0, 0.994555, 

127, 77, 0, 0.994615, 

127, 78, 0, 0.994696, 

127, 79, 0, 0.99479, 

127, 80, 0, 0.994893, 

127, 81, 0, 0.994999, 

127, 82, 0, 0.995102, 

127, 83, 0, 0.9952, 

127, 84, 0, 0.995289, 

127, 85, 0, 0.995367, 

127, 86, 0, 0.995434, 

127, 87, 0, 0.995489, 

127, 88, 0, 0.995533, 

127, 89, 0, 0.995569, 

127, 90, 0, 0.995596, 

127, 91, 0, 0.995618, 

127, 92, 0, 0.995635, 

127, 93, 0, 0.995647, 

127, 94, 0, 0.995656, 

127, 95, 0, 0.995662, 

127, 96, 0, 0.995664, 

127, 97, 0, 0.995664, 

127, 98, 0, 0.99566, 

127, 99, 0, 0.995655, 

127, 100, 0, 0.995649, 

127, 101, 0, 0.995643, 

127, 102, 0, 0.995639, 

127, 103, 0, 0.995638, 

127, 104, 0, 0.995643, 

127, 105, 0, 0.995655, 

127, 106, 0, 0.995676, 

127, 107, 0, 0.995705, 

127, 108, 0, 0.995744, 

127, 109, 0, 0.995792, 

127, 110, 0, 0.995847, 

127, 111, 0, 0.995909, 

127, 112, 0, 0.995975, 

127, 113, 0, 0.996044, 

127, 114, 0, 0.996112, 

127, 115, 0, 0.996178, 

127, 116, 0, 0.996237, 

127, 117, 0, 0.996286, 

127, 118, 0, 0.996318, 

127, 119, 0, 0.996318, 

128, 0, 0, 0.995602, 

128, 1, 0, 0.995602, 

128, 2, 0, 0.995602, 

128, 3, 0, 0.995601, 

128, 4, 0, 0.995601, 

128, 5, 0, 0.995599, 

128, 6, 0, 0.995598, 

128, 7, 0, 0.995595, 

128, 8, 0, 0.995592, 

128, 9, 0, 0.995588, 

128, 10, 0, 0.995583, 

128, 11, 0, 0.995577, 

128, 12, 0, 0.99557, 

128, 13, 0, 0.995561, 

128, 14, 0, 0.995551, 

128, 15, 0, 0.99554, 

128, 16, 0, 0.995527, 

128, 17, 0, 0.995514, 

128, 18, 0, 0.9955, 

128, 19, 0, 0.995485, 

128, 20, 0, 0.995471, 

128, 21, 0, 0.995458, 

128, 22, 0, 0.995445, 

128, 23, 0, 0.995435, 

128, 24, 0, 0.995426, 

128, 25, 0, 0.99542, 

128, 26, 0, 0.995416, 

128, 27, 0, 0.995415, 

128, 28, 0, 0.995415, 

128, 29, 0, 0.995417, 

128, 30, 0, 0.995421, 

128, 31, 0, 0.995424, 

128, 32, 0, 0.995427, 

128, 33, 0, 0.995428, 

128, 34, 0, 0.995426, 

128, 35, 0, 0.995421, 

128, 36, 0, 0.995411, 

128, 37, 0, 0.995396, 

128, 38, 0, 0.995376, 

128, 39, 0, 0.995351, 

128, 40, 0, 0.995321, 

128, 41, 0, 0.995287, 

128, 42, 0, 0.995249, 

128, 43, 0, 0.99521, 

128, 44, 0, 0.99517, 

128, 45, 0, 0.995132, 

128, 46, 0, 0.995097, 

128, 47, 0, 0.995067, 

128, 48, 0, 0.995044, 

128, 49, 0, 0.995027, 

128, 50, 0, 0.995018, 

128, 51, 0, 0.995017, 

128, 52, 0, 0.995022, 

128, 53, 0, 0.995033, 

128, 54, 0, 0.995048, 

128, 55, 0, 0.995064, 

128, 56, 0, 0.99508, 

128, 57, 0, 0.995091, 

128, 58, 0, 0.995097, 

128, 59, 0, 0.995093, 

128, 60, 0, 0.995079, 

128, 61, 0, 0.995052, 

128, 62, 0, 0.995013, 

128, 63, 0, 0.994961, 

128, 64, 0, 0.994898, 

128, 65, 0, 0.994824, 

128, 66, 0, 0.994743, 

128, 67, 0, 0.994659, 

128, 68, 0, 0.994574, 

128, 69, 0, 0.994493, 

128, 70, 0, 0.994421, 

128, 71, 0, 0.99436, 

128, 72, 0, 0.994314, 

128, 73, 0, 0.994284, 

128, 74, 0, 0.994273, 

128, 75, 0, 0.99428, 

128, 76, 0, 0.994304, 

128, 77, 0, 0.994343, 

128, 78, 0, 0.994394, 

128, 79, 0, 0.994455, 

128, 80, 0, 0.99452, 

128, 81, 0, 0.994588, 

128, 82, 0, 0.994655, 

128, 83, 0, 0.994718, 

128, 84, 0, 0.994775, 

128, 85, 0, 0.994825, 

128, 86, 0, 0.994869, 

128, 87, 0, 0.994904, 

128, 88, 0, 0.994933, 

128, 89, 0, 0.994957, 

128, 90, 0, 0.994975, 

128, 91, 0, 0.994989, 

128, 92, 0, 0.995, 

128, 93, 0, 0.995008, 

128, 94, 0, 0.995014, 

128, 95, 0, 0.995017, 

128, 96, 0, 0.995019, 

128, 97, 0, 0.995019, 

128, 98, 0, 0.995017, 

128, 99, 0, 0.995013, 

128, 100, 0, 0.995009, 

128, 101, 0, 0.995006, 

128, 102, 0, 0.995003, 

128, 103, 0, 0.995003, 

128, 104, 0, 0.995006, 

128, 105, 0, 0.995013, 

128, 106, 0, 0.995025, 

128, 107, 0, 0.995043, 

128, 108, 0, 0.995067, 

128, 109, 0, 0.995096, 

128, 110, 0, 0.99513, 

128, 111, 0, 0.995168, 

128, 112, 0, 0.995208, 

128, 113, 0, 0.99525, 

128, 114, 0, 0.995292, 

128, 115, 0, 0.995332, 

128, 116, 0, 0.995369, 

128, 117, 0, 0.995399, 

128, 118, 0, 0.995418, 

128, 119, 0, 0.995418, 

129, 0, 0, 0.994313, 

129, 1, 0, 0.994313, 

129, 2, 0, 0.994313, 

129, 3, 0, 0.994313, 

129, 4, 0, 0.994312, 

129, 5, 0, 0.994312, 

129, 6, 0, 0.994311, 

129, 7, 0, 0.994309, 

129, 8, 0, 0.994308, 

129, 9, 0, 0.994305, 

129, 10, 0, 0.994302, 

129, 11, 0, 0.994299, 

129, 12, 0, 0.994295, 

129, 13, 0, 0.99429, 

129, 14, 0, 0.994284, 

129, 15, 0, 0.994277, 

129, 16, 0, 0.99427, 

129, 17, 0, 0.994262, 

129, 18, 0, 0.994254, 

129, 19, 0, 0.994246, 

129, 20, 0, 0.994237, 

129, 21, 0, 0.99423, 

129, 22, 0, 0.994222, 

129, 23, 0, 0.994216, 

129, 24, 0, 0.994211, 

129, 25, 0, 0.994208, 

129, 26, 0, 0.994205, 

129, 27, 0, 0.994205, 

129, 28, 0, 0.994205, 

129, 29, 0, 0.994206, 

129, 30, 0, 0.994208, 

129, 31, 0, 0.99421, 

129, 32, 0, 0.994211, 

129, 33, 0, 0.994211, 

129, 34, 0, 0.99421, 

129, 35, 0, 0.994206, 

129, 36, 0, 0.9942, 

129, 37, 0, 0.99419, 

129, 38, 0, 0.994178, 

129, 39, 0, 0.994162, 

129, 40, 0, 0.994143, 

129, 41, 0, 0.994122, 

129, 42, 0, 0.994099, 

129, 43, 0, 0.994075, 

129, 44, 0, 0.994051, 

129, 45, 0, 0.994028, 

129, 46, 0, 0.994007, 

129, 47, 0, 0.993988, 

129, 48, 0, 0.993974, 

129, 49, 0, 0.993964, 

129, 50, 0, 0.993959, 

129, 51, 0, 0.993958, 

129, 52, 0, 0.993961, 

129, 53, 0, 0.993968, 

129, 54, 0, 0.993977, 

129, 55, 0, 0.993987, 

129, 56, 0, 0.993996, 

129, 57, 0, 0.994003, 

129, 58, 0, 0.994006, 

129, 59, 0, 0.994003, 

129, 60, 0, 0.993994, 

129, 61, 0, 0.993977, 

129, 62, 0, 0.993952, 

129, 63, 0, 0.993919, 

129, 64, 0, 0.993879, 

129, 65, 0, 0.993833, 

129, 66, 0, 0.993783, 

129, 67, 0, 0.99373, 

129, 68, 0, 0.993678, 

129, 69, 0, 0.993627, 

129, 70, 0, 0.993582, 

129, 71, 0, 0.993544, 

129, 72, 0, 0.993516, 

129, 73, 0, 0.993498, 

129, 74, 0, 0.993491, 

129, 75, 0, 0.993495, 

129, 76, 0, 0.99351, 

129, 77, 0, 0.993535, 

129, 78, 0, 0.993567, 

129, 79, 0, 0.993605, 

129, 80, 0, 0.993646, 

129, 81, 0, 0.993689, 

129, 82, 0, 0.993731, 

129, 83, 0, 0.993771, 

129, 84, 0, 0.993807, 

129, 85, 0, 0.993839, 

129, 86, 0, 0.993867, 

129, 87, 0, 0.99389, 

129, 88, 0, 0.993908, 

129, 89, 0, 0.993923, 

129, 90, 0, 0.993935, 

129, 91, 0, 0.993944, 

129, 92, 0, 0.993951, 

129, 93, 0, 0.993956, 

129, 94, 0, 0.99396, 

129, 95, 0, 0.993962, 

129, 96, 0, 0.993963, 

129, 97, 0, 0.993963, 

129, 98, 0, 0.993962, 

129, 99, 0, 0.99396, 

129, 100, 0, 0.993957, 

129, 101, 0, 0.993955, 

129, 102, 0, 0.993953, 

129, 103, 0, 0.993953, 

129, 104, 0, 0.993955, 

129, 105, 0, 0.993959, 

129, 106, 0, 0.993967, 

129, 107, 0, 0.993978, 

129, 108, 0, 0.993992, 

129, 109, 0, 0.994009, 

129, 110, 0, 0.99403, 

129, 111, 0, 0.994053, 

129, 112, 0, 0.994077, 

129, 113, 0, 0.994102, 

129, 114, 0, 0.994127, 

129, 115, 0, 0.994151, 

129, 116, 0, 0.994173, 

129, 117, 0, 0.994191, 

129, 118, 0, 0.994203, 

129, 119, 0, 0.994203, 

130, 0, 0, 0.992694, 

130, 1, 0, 0.992694, 

130, 2, 0, 0.992694, 

130, 3, 0, 0.992694, 

130, 4, 0, 0.992693, 

130, 5, 0, 0.992693, 

130, 6, 0, 0.992692, 

130, 7, 0, 0.992692, 

130, 8, 0, 0.99269, 

130, 9, 0, 0.992689, 

130, 10, 0, 0.992688, 

130, 11, 0, 0.992686, 

130, 12, 0, 0.992683, 

130, 13, 0, 0.99268, 

130, 14, 0, 0.992677, 

130, 15, 0, 0.992673, 

130, 16, 0, 0.992669, 

130, 17, 0, 0.992665, 

130, 18, 0, 0.99266, 

130, 19, 0, 0.992655, 

130, 20, 0, 0.99265, 

130, 21, 0, 0.992646, 

130, 22, 0, 0.992642, 

130, 23, 0, 0.992638, 

130, 24, 0, 0.992636, 

130, 25, 0, 0.992634, 

130, 26, 0, 0.992632, 

130, 27, 0, 0.992632, 

130, 28, 0, 0.992632, 

130, 29, 0, 0.992632, 

130, 30, 0, 0.992633, 

130, 31, 0, 0.992634, 

130, 32, 0, 0.992635, 

130, 33, 0, 0.992635, 

130, 34, 0, 0.992634, 

130, 35, 0, 0.992631, 

130, 36, 0, 0.992627, 

130, 37, 0, 0.992621, 

130, 38, 0, 0.992614, 

130, 39, 0, 0.992604, 

130, 40, 0, 0.992593, 

130, 41, 0, 0.99258, 

130, 42, 0, 0.992566, 

130, 43, 0, 0.992551, 

130, 44, 0, 0.992537, 

130, 45, 0, 0.992523, 

130, 46, 0, 0.99251, 

130, 47, 0, 0.9925, 

130, 48, 0, 0.992491, 

130, 49, 0, 0.992485, 

130, 50, 0, 0.992482, 

130, 51, 0, 0.992482, 

130, 52, 0, 0.992484, 

130, 53, 0, 0.992488, 

130, 54, 0, 0.992493, 

130, 55, 0, 0.992499, 

130, 56, 0, 0.992504, 

130, 57, 0, 0.992508, 

130, 58, 0, 0.992509, 

130, 59, 0, 0.992507, 

130, 60, 0, 0.992501, 

130, 61, 0, 0.992491, 

130, 62, 0, 0.992475, 

130, 63, 0, 0.992455, 

130, 64, 0, 0.992431, 

130, 65, 0, 0.992402, 

130, 66, 0, 0.992371, 

130, 67, 0, 0.992339, 

130, 68, 0, 0.992307, 

130, 69, 0, 0.992276, 

130, 70, 0, 0.992248, 

130, 71, 0, 0.992225, 

130, 72, 0, 0.992208, 

130, 73, 0, 0.992197, 

130, 74, 0, 0.992193, 

130, 75, 0, 0.992195, 

130, 76, 0, 0.992205, 

130, 77, 0, 0.99222, 

130, 78, 0, 0.99224, 

130, 79, 0, 0.992264, 

130, 80, 0, 0.992289, 

130, 81, 0, 0.992316, 

130, 82, 0, 0.992342, 

130, 83, 0, 0.992367, 

130, 84, 0, 0.992389, 

130, 85, 0, 0.992409, 

130, 86, 0, 0.992426, 

130, 87, 0, 0.992441, 

130, 88, 0, 0.992452, 

130, 89, 0, 0.992462, 

130, 90, 0, 0.992469, 

130, 91, 0, 0.992475, 

130, 92, 0, 0.992479, 

130, 93, 0, 0.992483, 

130, 94, 0, 0.992485, 

130, 95, 0, 0.992486, 

130, 96, 0, 0.992487, 

130, 97, 0, 0.992487, 

130, 98, 0, 0.992486, 

130, 99, 0, 0.992485, 

130, 100, 0, 0.992484, 

130, 101, 0, 0.992482, 

130, 102, 0, 0.992481, 

130, 103, 0, 0.992481, 

130, 104, 0, 0.992482, 

130, 105, 0, 0.992484, 

130, 106, 0, 0.992489, 

130, 107, 0, 0.992495, 

130, 108, 0, 0.992504, 

130, 109, 0, 0.992514, 

130, 110, 0, 0.992526, 

130, 111, 0, 0.99254, 

130, 112, 0, 0.992554, 

130, 113, 0, 0.992569, 

130, 114, 0, 0.992584, 

130, 115, 0, 0.992598, 

130, 116, 0, 0.992611, 

130, 117, 0, 0.992622, 

130, 118, 0, 0.992629, 

130, 119, 0, 0.992629, 

131, 0, 0, 0.990673, 

131, 1, 0, 0.990673, 

131, 2, 0, 0.990673, 

131, 3, 0, 0.990673, 

131, 4, 0, 0.990673, 

131, 5, 0, 0.990673, 

131, 6, 0, 0.990672, 

131, 7, 0, 0.990672, 

131, 8, 0, 0.990671, 

131, 9, 0, 0.990671, 

131, 10, 0, 0.99067, 

131, 11, 0, 0.990669, 

131, 12, 0, 0.990667, 

131, 13, 0, 0.990666, 

131, 14, 0, 0.990664, 

131, 15, 0, 0.990662, 

131, 16, 0, 0.990659, 

131, 17, 0, 0.990657, 

131, 18, 0, 0.990654, 

131, 19, 0, 0.990651, 

131, 20, 0, 0.990649, 

131, 21, 0, 0.990646, 

131, 22, 0, 0.990644, 

131, 23, 0, 0.990642, 

131, 24, 0, 0.99064, 

131, 25, 0, 0.990639, 

131, 26, 0, 0.990639, 

131, 27, 0, 0.990638, 

131, 28, 0, 0.990638, 

131, 29, 0, 0.990639, 

131, 30, 0, 0.990639, 

131, 31, 0, 0.99064, 

131, 32, 0, 0.99064, 

131, 33, 0, 0.99064, 

131, 34, 0, 0.990639, 

131, 35, 0, 0.990637, 

131, 36, 0, 0.990635, 

131, 37, 0, 0.990631, 

131, 38, 0, 0.990626, 

131, 39, 0, 0.990621, 

131, 40, 0, 0.990614, 

131, 41, 0, 0.990606, 

131, 42, 0, 0.990598, 

131, 43, 0, 0.990589, 

131, 44, 0, 0.990581, 

131, 45, 0, 0.990573, 

131, 46, 0, 0.990565, 

131, 47, 0, 0.990559, 

131, 48, 0, 0.990554, 

131, 49, 0, 0.99055, 

131, 50, 0, 0.990549, 

131, 51, 0, 0.990548, 

131, 52, 0, 0.99055, 

131, 53, 0, 0.990552, 

131, 54, 0, 0.990555, 

131, 55, 0, 0.990559, 

131, 56, 0, 0.990562, 

131, 57, 0, 0.990564, 

131, 58, 0, 0.990564, 

131, 59, 0, 0.990563, 

131, 60, 0, 0.990559, 

131, 61, 0, 0.990553, 

131, 62, 0, 0.990543, 

131, 63, 0, 0.990531, 

131, 64, 0, 0.990516, 

131, 65, 0, 0.990499, 

131, 66, 0, 0.99048, 

131, 67, 0, 0.990461, 

131, 68, 0, 0.990441, 

131, 69, 0, 0.990423, 

131, 70, 0, 0.990406, 

131, 71, 0, 0.990392, 

131, 72, 0, 0.990382, 

131, 73, 0, 0.990375, 

131, 74, 0, 0.990373, 

131, 75, 0, 0.990374, 

131, 76, 0, 0.99038, 

131, 77, 0, 0.990389, 

131, 78, 0, 0.990402, 

131, 79, 0, 0.990416, 

131, 80, 0, 0.990432, 

131, 81, 0, 0.990448, 

131, 82, 0, 0.990464, 

131, 83, 0, 0.990479, 

131, 84, 0, 0.990493, 

131, 85, 0, 0.990505, 

131, 86, 0, 0.990515, 

131, 87, 0, 0.990524, 

131, 88, 0, 0.990532, 

131, 89, 0, 0.990537, 

131, 90, 0, 0.990542, 

131, 91, 0, 0.990546, 

131, 92, 0, 0.990548, 

131, 93, 0, 0.99055, 

131, 94, 0, 0.990552, 

131, 95, 0, 0.990553, 

131, 96, 0, 0.990553, 

131, 97, 0, 0.990553, 

131, 98, 0, 0.990553, 

131, 99, 0, 0.990552, 

131, 100, 0, 0.990551, 

131, 101, 0, 0.99055, 

131, 102, 0, 0.990549, 

131, 103, 0, 0.990549, 

131, 104, 0, 0.99055, 

131, 105, 0, 0.990551, 

131, 106, 0, 0.990554, 

131, 107, 0, 0.990558, 

131, 108, 0, 0.990563, 

131, 109, 0, 0.990569, 

131, 110, 0, 0.990576, 

131, 111, 0, 0.990584, 

131, 112, 0, 0.990592, 

131, 113, 0, 0.990601, 

131, 114, 0, 0.990609, 

131, 115, 0, 0.990618, 

131, 116, 0, 0.990625, 

131, 117, 0, 0.990631, 

131, 118, 0, 0.990635, 

131, 119, 0, 0.990635, 

132, 0, 0, 0.98817, 

132, 1, 0, 0.98817, 

132, 2, 0, 0.98817, 

132, 3, 0, 0.98817, 

132, 4, 0, 0.98817, 

132, 5, 0, 0.988169, 

132, 6, 0, 0.988169, 

132, 7, 0, 0.988169, 

132, 8, 0, 0.988169, 

132, 9, 0, 0.988168, 

132, 10, 0, 0.988168, 

132, 11, 0, 0.988167, 

132, 12, 0, 0.988166, 

132, 13, 0, 0.988166, 

132, 14, 0, 0.988164, 

132, 15, 0, 0.988163, 

132, 16, 0, 0.988162, 

132, 17, 0, 0.988161, 

132, 18, 0, 0.988159, 

132, 19, 0, 0.988158, 

132, 20, 0, 0.988156, 

132, 21, 0, 0.988155, 

132, 22, 0, 0.988154, 

132, 23, 0, 0.988153, 

132, 24, 0, 0.988152, 

132, 25, 0, 0.988151, 

132, 26, 0, 0.988151, 

132, 27, 0, 0.98815, 

132, 28, 0, 0.98815, 

132, 29, 0, 0.988151, 

132, 30, 0, 0.988151, 

132, 31, 0, 0.988151, 

132, 32, 0, 0.988151, 

132, 33, 0, 0.988151, 

132, 34, 0, 0.98815, 

132, 35, 0, 0.988149, 

132, 36, 0, 0.988148, 

132, 37, 0, 0.988146, 

132, 38, 0, 0.988143, 

132, 39, 0, 0.98814, 

132, 40, 0, 0.988136, 

132, 41, 0, 0.988131, 

132, 42, 0, 0.988126, 

132, 43, 0, 0.988121, 

132, 44, 0, 0.988116, 

132, 45, 0, 0.988112, 

132, 46, 0, 0.988107, 

132, 47, 0, 0.988104, 

132, 48, 0, 0.988101, 

132, 49, 0, 0.988099, 

132, 50, 0, 0.988098, 

132, 51, 0, 0.988098, 

132, 52, 0, 0.988098, 

132, 53, 0, 0.9881, 

132, 54, 0, 0.988101, 

132, 55, 0, 0.988103, 

132, 56, 0, 0.988105, 

132, 57, 0, 0.988106, 

132, 58, 0, 0.988107, 

132, 59, 0, 0.988106, 

132, 60, 0, 0.988103, 

132, 61, 0, 0.988099, 

132, 62, 0, 0.988094, 

132, 63, 0, 0.988086, 

132, 64, 0, 0.988077, 

132, 65, 0, 0.988067, 

132, 66, 0, 0.988056, 

132, 67, 0, 0.988045, 

132, 68, 0, 0.988033, 

132, 69, 0, 0.988022, 

132, 70, 0, 0.988012, 

132, 71, 0, 0.988004, 

132, 72, 0, 0.987998, 

132, 73, 0, 0.987994, 

132, 74, 0, 0.987992, 

132, 75, 0, 0.987994, 

132, 76, 0, 0.987997, 

132, 77, 0, 0.988003, 

132, 78, 0, 0.98801, 

132, 79, 0, 0.988018, 

132, 80, 0, 0.988028, 

132, 81, 0, 0.988037, 

132, 82, 0, 0.988047, 

132, 83, 0, 0.988056, 

132, 84, 0, 0.988064, 

132, 85, 0, 0.988072, 

132, 86, 0, 0.988078, 

132, 87, 0, 0.988084, 

132, 88, 0, 0.988088, 

132, 89, 0, 0.988092, 

132, 90, 0, 0.988094, 

132, 91, 0, 0.988097, 

132, 92, 0, 0.988098, 

132, 93, 0, 0.988099, 

132, 94, 0, 0.9881, 

132, 95, 0, 0.988101, 

132, 96, 0, 0.988101, 

132, 97, 0, 0.988101, 

132, 98, 0, 0.988101, 

132, 99, 0, 0.9881, 

132, 100, 0, 0.9881, 

132, 101, 0, 0.988099, 

132, 102, 0, 0.988099, 

132, 103, 0, 0.988099, 

132, 104, 0, 0.988099, 

132, 105, 0, 0.9881, 

132, 106, 0, 0.988102, 

132, 107, 0, 0.988104, 

132, 108, 0, 0.988106, 

132, 109, 0, 0.98811, 

132, 110, 0, 0.988114, 

132, 111, 0, 0.988118, 

132, 112, 0, 0.988123, 

132, 113, 0, 0.988128, 

132, 114, 0, 0.988133, 

132, 115, 0, 0.988138, 

132, 116, 0, 0.988142, 

132, 117, 0, 0.988146, 

132, 118, 0, 0.988148, 

132, 119, 0, 0.988148, 

133, 0, 0, 0.98509, 

133, 1, 0, 0.98509, 

133, 2, 0, 0.98509, 

133, 3, 0, 0.98509, 

133, 4, 0, 0.98509, 

133, 5, 0, 0.985089, 

133, 6, 0, 0.985089, 

133, 7, 0, 0.985089, 

133, 8, 0, 0.985089, 

133, 9, 0, 0.985089, 

133, 10, 0, 0.985089, 

133, 11, 0, 0.985088, 

133, 12, 0, 0.985088, 

133, 13, 0, 0.985087, 

133, 14, 0, 0.985087, 

133, 15, 0, 0.985086, 

133, 16, 0, 0.985085, 

133, 17, 0, 0.985085, 

133, 18, 0, 0.985084, 

133, 19, 0, 0.985083, 

133, 20, 0, 0.985082, 

133, 21, 0, 0.985082, 

133, 22, 0, 0.985081, 

133, 23, 0, 0.98508, 

133, 24, 0, 0.98508, 

133, 25, 0, 0.985079, 

133, 26, 0, 0.985079, 

133, 27, 0, 0.985079, 

133, 28, 0, 0.985079, 

133, 29, 0, 0.985079, 

133, 30, 0, 0.985079, 

133, 31, 0, 0.985079, 

133, 32, 0, 0.985079, 

133, 33, 0, 0.985079, 

133, 34, 0, 0.985079, 

133, 35, 0, 0.985078, 

133, 36, 0, 0.985077, 

133, 37, 0, 0.985076, 

133, 38, 0, 0.985074, 

133, 39, 0, 0.985073, 

133, 40, 0, 0.98507, 

133, 41, 0, 0.985068, 

133, 42, 0, 0.985065, 

133, 43, 0, 0.985062, 

133, 44, 0, 0.985059, 

133, 45, 0, 0.985056, 

133, 46, 0, 0.985054, 

133, 47, 0, 0.985052, 

133, 48, 0, 0.98505, 

133, 49, 0, 0.985049, 

133, 50, 0, 0.985049, 

133, 51, 0, 0.985049, 

133, 52, 0, 0.985049, 

133, 53, 0, 0.98505, 

133, 54, 0, 0.985051, 

133, 55, 0, 0.985052, 

133, 56, 0, 0.985053, 

133, 57, 0, 0.985053, 

133, 58, 0, 0.985054, 

133, 59, 0, 0.985053, 

133, 60, 0, 0.985052, 

133, 61, 0, 0.985049, 

133, 62, 0, 0.985046, 

133, 63, 0, 0.985041, 

133, 64, 0, 0.985036, 

133, 65, 0, 0.98503, 

133, 66, 0, 0.985024, 

133, 67, 0, 0.985017, 

133, 68, 0, 0.98501, 

133, 69, 0, 0.985004, 

133, 70, 0, 0.984998, 

133, 71, 0, 0.984993, 

133, 72, 0, 0.98499, 

133, 73, 0, 0.984987, 

133, 74, 0, 0.984987, 

133, 75, 0, 0.984987, 

133, 76, 0, 0.984989, 

133, 77, 0, 0.984993, 

133, 78, 0, 0.984997, 

133, 79, 0, 0.985002, 

133, 80, 0, 0.985007, 

133, 81, 0, 0.985013, 

133, 82, 0, 0.985019, 

133, 83, 0, 0.985024, 

133, 84, 0, 0.985029, 

133, 85, 0, 0.985033, 

133, 86, 0, 0.985037, 

133, 87, 0, 0.98504, 

133, 88, 0, 0.985043, 

133, 89, 0, 0.985045, 

133, 90, 0, 0.985047, 

133, 91, 0, 0.985048, 

133, 92, 0, 0.985049, 

133, 93, 0, 0.98505, 

133, 94, 0, 0.985051, 

133, 95, 0, 0.985051, 

133, 96, 0, 0.985051, 

133, 97, 0, 0.985051, 

133, 98, 0, 0.985051, 

133, 99, 0, 0.985051, 

133, 100, 0, 0.98505, 

133, 101, 0, 0.98505, 

133, 102, 0, 0.98505, 

133, 103, 0, 0.98505, 

133, 104, 0, 0.98505, 

133, 105, 0, 0.98505, 

133, 106, 0, 0.985051, 

133, 107, 0, 0.985052, 

133, 108, 0, 0.985054, 

133, 109, 0, 0.985056, 

133, 110, 0, 0.985058, 

133, 111, 0, 0.985061, 

133, 112, 0, 0.985063, 

133, 113, 0, 0.985066, 

133, 114, 0, 0.985069, 

133, 115, 0, 0.985072, 

133, 116, 0, 0.985074, 

133, 117, 0, 0.985076, 

133, 118, 0, 0.985077, 

133, 119, 0, 0.985077, 

134, 0, 0, 0.981326, 

134, 1, 0, 0.981326, 

134, 2, 0, 0.981326, 

134, 3, 0, 0.981326, 

134, 4, 0, 0.981326, 

134, 5, 0, 0.981326, 

134, 6, 0, 0.981326, 

134, 7, 0, 0.981326, 

134, 8, 0, 0.981326, 

134, 9, 0, 0.981326, 

134, 10, 0, 0.981325, 

134, 11, 0, 0.981325, 

134, 12, 0, 0.981325, 

134, 13, 0, 0.981325, 

134, 14, 0, 0.981324, 

134, 15, 0, 0.981324, 

134, 16, 0, 0.981324, 

134, 17, 0, 0.981323, 

134, 18, 0, 0.981323, 

134, 19, 0, 0.981322, 

134, 20, 0, 0.981322, 

134, 21, 0, 0.981322, 

134, 22, 0, 0.981321, 

134, 23, 0, 0.981321, 

134, 24, 0, 0.981321, 

134, 25, 0, 0.981321, 

134, 26, 0, 0.98132, 

134, 27, 0, 0.98132, 

134, 28, 0, 0.98132, 

134, 29, 0, 0.98132, 

134, 30, 0, 0.98132, 

134, 31, 0, 0.98132, 

134, 32, 0, 0.98132, 

134, 33, 0, 0.98132, 

134, 34, 0, 0.98132, 

134, 35, 0, 0.98132, 

134, 36, 0, 0.981319, 

134, 37, 0, 0.981318, 

134, 38, 0, 0.981318, 

134, 39, 0, 0.981316, 

134, 40, 0, 0.981315, 

134, 41, 0, 0.981314, 

134, 42, 0, 0.981312, 

134, 43, 0, 0.981311, 

134, 44, 0, 0.981309, 

134, 45, 0, 0.981307, 

134, 46, 0, 0.981306, 

134, 47, 0, 0.981305, 

134, 48, 0, 0.981304, 

134, 49, 0, 0.981303, 

134, 50, 0, 0.981303, 

134, 51, 0, 0.981303, 

134, 52, 0, 0.981303, 

134, 53, 0, 0.981304, 

134, 54, 0, 0.981304, 

134, 55, 0, 0.981305, 

134, 56, 0, 0.981305, 

134, 57, 0, 0.981306, 

134, 58, 0, 0.981306, 

134, 59, 0, 0.981305, 

134, 60, 0, 0.981304, 

134, 61, 0, 0.981303, 

134, 62, 0, 0.981301, 

134, 63, 0, 0.981299, 

134, 64, 0, 0.981296, 

134, 65, 0, 0.981292, 

134, 66, 0, 0.981288, 

134, 67, 0, 0.981285, 

134, 68, 0, 0.981281, 

134, 69, 0, 0.981277, 

134, 70, 0, 0.981274, 

134, 71, 0, 0.981271, 

134, 72, 0, 0.981269, 

134, 73, 0, 0.981268, 

134, 74, 0, 0.981267, 

134, 75, 0, 0.981268, 

134, 76, 0, 0.981269, 

134, 77, 0, 0.981271, 

134, 78, 0, 0.981273, 

134, 79, 0, 0.981276, 

134, 80, 0, 0.981279, 

134, 81, 0, 0.981283, 

134, 82, 0, 0.981286, 

134, 83, 0, 0.981289, 

134, 84, 0, 0.981292, 

134, 85, 0, 0.981294, 

134, 86, 0, 0.981297, 

134, 87, 0, 0.981298, 

134, 88, 0, 0.9813, 

134, 89, 0, 0.981301, 

134, 90, 0, 0.981302, 

134, 91, 0, 0.981303, 

134, 92, 0, 0.981304, 

134, 93, 0, 0.981304, 

134, 94, 0, 0.981304, 

134, 95, 0, 0.981304, 

134, 96, 0, 0.981305, 

134, 97, 0, 0.981305, 

134, 98, 0, 0.981304, 

134, 99, 0, 0.981304, 

134, 100, 0, 0.981304, 

134, 101, 0, 0.981304, 

134, 102, 0, 0.981304, 

134, 103, 0, 0.981304, 

134, 104, 0, 0.981304, 

134, 105, 0, 0.981304, 

134, 106, 0, 0.981305, 

134, 107, 0, 0.981305, 

134, 108, 0, 0.981306, 

134, 109, 0, 0.981307, 

134, 110, 0, 0.981309, 

134, 111, 0, 0.98131, 

134, 112, 0, 0.981311, 

134, 113, 0, 0.981313, 

134, 114, 0, 0.981315, 

134, 115, 0, 0.981316, 

134, 116, 0, 0.981317, 

134, 117, 0, 0.981319, 

134, 118, 0, 0.981319, 

134, 119, 0, 0.981319, 

135, 0, 0, 0.976759, 

135, 1, 0, 0.976759, 

135, 2, 0, 0.976759, 

135, 3, 0, 0.976759, 

135, 4, 0, 0.976759, 

135, 5, 0, 0.976759, 

135, 6, 0, 0.976758, 

135, 7, 0, 0.976758, 

135, 8, 0, 0.976758, 

135, 9, 0, 0.976758, 

135, 10, 0, 0.976758, 

135, 11, 0, 0.976758, 

135, 12, 0, 0.976758, 

135, 13, 0, 0.976758, 

135, 14, 0, 0.976758, 

135, 15, 0, 0.976758, 

135, 16, 0, 0.976757, 

135, 17, 0, 0.976757, 

135, 18, 0, 0.976757, 

135, 19, 0, 0.976757, 

135, 20, 0, 0.976757, 

135, 21, 0, 0.976756, 

135, 22, 0, 0.976756, 

135, 23, 0, 0.976756, 

135, 24, 0, 0.976756, 

135, 25, 0, 0.976756, 

135, 26, 0, 0.976756, 

135, 27, 0, 0.976756, 

135, 28, 0, 0.976756, 

135, 29, 0, 0.976756, 

135, 30, 0, 0.976756, 

135, 31, 0, 0.976756, 

135, 32, 0, 0.976756, 

135, 33, 0, 0.976756, 

135, 34, 0, 0.976755, 

135, 35, 0, 0.976755, 

135, 36, 0, 0.976755, 

135, 37, 0, 0.976755, 

135, 38, 0, 0.976754, 

135, 39, 0, 0.976753, 

135, 40, 0, 0.976753, 

135, 41, 0, 0.976752, 

135, 42, 0, 0.976751, 

135, 43, 0, 0.97675, 

135, 44, 0, 0.976749, 

135, 45, 0, 0.976748, 

135, 46, 0, 0.976748, 

135, 47, 0, 0.976747, 

135, 48, 0, 0.976746, 

135, 49, 0, 0.976746, 

135, 50, 0, 0.976746, 

135, 51, 0, 0.976746, 

135, 52, 0, 0.976746, 

135, 53, 0, 0.976746, 

135, 54, 0, 0.976747, 

135, 55, 0, 0.976747, 

135, 56, 0, 0.976747, 

135, 57, 0, 0.976747, 

135, 58, 0, 0.976747, 

135, 59, 0, 0.976747, 

135, 60, 0, 0.976747, 

135, 61, 0, 0.976746, 

135, 62, 0, 0.976745, 

135, 63, 0, 0.976743, 

135, 64, 0, 0.976742, 

135, 65, 0, 0.97674, 

135, 66, 0, 0.976738, 

135, 67, 0, 0.976735, 

135, 68, 0, 0.976733, 

135, 69, 0, 0.976731, 

135, 70, 0, 0.976729, 

135, 71, 0, 0.976728, 

135, 72, 0, 0.976727, 

135, 73, 0, 0.976726, 

135, 74, 0, 0.976726, 

135, 75, 0, 0.976726, 

135, 76, 0, 0.976726, 

135, 77, 0, 0.976728, 

135, 78, 0, 0.976729, 

135, 79, 0, 0.976731, 

135, 80, 0, 0.976732, 

135, 81, 0, 0.976734, 

135, 82, 0, 0.976736, 

135, 83, 0, 0.976738, 

135, 84, 0, 0.97674, 

135, 85, 0, 0.976741, 

135, 86, 0, 0.976742, 

135, 87, 0, 0.976743, 

135, 88, 0, 0.976744, 

135, 89, 0, 0.976745, 

135, 90, 0, 0.976746, 

135, 91, 0, 0.976746, 

135, 92, 0, 0.976746, 

135, 93, 0, 0.976747, 

135, 94, 0, 0.976747, 

135, 95, 0, 0.976747, 

135, 96, 0, 0.976747, 

135, 97, 0, 0.976747, 

135, 98, 0, 0.976747, 

135, 99, 0, 0.976747, 

135, 100, 0, 0.976747, 

135, 101, 0, 0.976747, 

135, 102, 0, 0.976747, 

135, 103, 0, 0.976747, 

135, 104, 0, 0.976747, 

135, 105, 0, 0.976747, 

135, 106, 0, 0.976747, 

135, 107, 0, 0.976747, 

135, 108, 0, 0.976748, 

135, 109, 0, 0.976748, 

135, 110, 0, 0.976749, 

135, 111, 0, 0.97675, 

135, 112, 0, 0.976751, 

135, 113, 0, 0.976752, 

135, 114, 0, 0.976752, 

135, 115, 0, 0.976753, 

135, 116, 0, 0.976754, 

135, 117, 0, 0.976755, 

135, 118, 0, 0.976755, 

135, 119, 0, 0.976755, 

136, 0, 0, 0.971253, 

136, 1, 0, 0.971253, 

136, 2, 0, 0.971253, 

136, 3, 0, 0.971253, 

136, 4, 0, 0.971253, 

136, 5, 0, 0.971253, 

136, 6, 0, 0.971253, 

136, 7, 0, 0.971253, 

136, 8, 0, 0.971253, 

136, 9, 0, 0.971253, 

136, 10, 0, 0.971253, 

136, 11, 0, 0.971253, 

136, 12, 0, 0.971253, 

136, 13, 0, 0.971253, 

136, 14, 0, 0.971253, 

136, 15, 0, 0.971253, 

136, 16, 0, 0.971253, 

136, 17, 0, 0.971253, 

136, 18, 0, 0.971253, 

136, 19, 0, 0.971252, 

136, 20, 0, 0.971252, 

136, 21, 0, 0.971252, 

136, 22, 0, 0.971252, 

136, 23, 0, 0.971252, 

136, 24, 0, 0.971252, 

136, 25, 0, 0.971252, 

136, 26, 0, 0.971252, 

136, 27, 0, 0.971252, 

136, 28, 0, 0.971252, 

136, 29, 0, 0.971252, 

136, 30, 0, 0.971252, 

136, 31, 0, 0.971252, 

136, 32, 0, 0.971252, 

136, 33, 0, 0.971252, 

136, 34, 0, 0.971252, 

136, 35, 0, 0.971252, 

136, 36, 0, 0.971251, 

136, 37, 0, 0.971251, 

136, 38, 0, 0.971251, 

136, 39, 0, 0.971251, 

136, 40, 0, 0.97125, 

136, 41, 0, 0.97125, 

136, 42, 0, 0.971249, 

136, 43, 0, 0.971249, 

136, 44, 0, 0.971248, 

136, 45, 0, 0.971248, 

136, 46, 0, 0.971248, 

136, 47, 0, 0.971247, 

136, 48, 0, 0.971247, 

136, 49, 0, 0.971247, 

136, 50, 0, 0.971247, 

136, 51, 0, 0.971247, 

136, 52, 0, 0.971247, 

136, 53, 0, 0.971247, 

136, 54, 0, 0.971247, 

136, 55, 0, 0.971247, 

136, 56, 0, 0.971247, 

136, 57, 0, 0.971247, 

136, 58, 0, 0.971247, 

136, 59, 0, 0.971247, 

136, 60, 0, 0.971247, 

136, 61, 0, 0.971246, 

136, 62, 0, 0.971246, 

136, 63, 0, 0.971245, 

136, 64, 0, 0.971244, 

136, 65, 0, 0.971243, 

136, 66, 0, 0.971242, 

136, 67, 0, 0.971241, 

136, 68, 0, 0.971239, 

136, 69, 0, 0.971238, 

136, 70, 0, 0.971237, 

136, 71, 0, 0.971236, 

136, 72, 0, 0.971236, 

136, 73, 0, 0.971235, 

136, 74, 0, 0.971235, 

136, 75, 0, 0.971235, 

136, 76, 0, 0.971236, 

136, 77, 0, 0.971236, 

136, 78, 0, 0.971237, 

136, 79, 0, 0.971238, 

136, 80, 0, 0.971239, 

136, 81, 0, 0.97124, 

136, 82, 0, 0.971241, 

136, 83, 0, 0.971242, 

136, 84, 0, 0.971243, 

136, 85, 0, 0.971244, 

136, 86, 0, 0.971245, 

136, 87, 0, 0.971245, 

136, 88, 0, 0.971246, 

136, 89, 0, 0.971246, 

136, 90, 0, 0.971246, 

136, 91, 0, 0.971247, 

136, 92, 0, 0.971247, 

136, 93, 0, 0.971247, 

136, 94, 0, 0.971247, 

136, 95, 0, 0.971247, 

136, 96, 0, 0.971247, 

136, 97, 0, 0.971247, 

136, 98, 0, 0.971247, 

136, 99, 0, 0.971247, 

136, 100, 0, 0.971247, 

136, 101, 0, 0.971247, 

136, 102, 0, 0.971247, 

136, 103, 0, 0.971247, 

136, 104, 0, 0.971247, 

136, 105, 0, 0.971247, 

136, 106, 0, 0.971247, 

136, 107, 0, 0.971247, 

136, 108, 0, 0.971248, 

136, 109, 0, 0.971248, 

136, 110, 0, 0.971248, 

136, 111, 0, 0.971249, 

136, 112, 0, 0.971249, 

136, 113, 0, 0.97125, 

136, 114, 0, 0.97125, 

136, 115, 0, 0.971251, 

136, 116, 0, 0.971251, 

136, 117, 0, 0.971251, 

136, 118, 0, 0.971251, 

136, 119, 0, 0.971251, 

137, 0, 0, 0.964663, 

137, 1, 0, 0.964663, 

137, 2, 0, 0.964663, 

137, 3, 0, 0.964663, 

137, 4, 0, 0.964663, 

137, 5, 0, 0.964663, 

137, 6, 0, 0.964663, 

137, 7, 0, 0.964663, 

137, 8, 0, 0.964663, 

137, 9, 0, 0.964663, 

137, 10, 0, 0.964663, 

137, 11, 0, 0.964663, 

137, 12, 0, 0.964663, 

137, 13, 0, 0.964663, 

137, 14, 0, 0.964663, 

137, 15, 0, 0.964663, 

137, 16, 0, 0.964663, 

137, 17, 0, 0.964662, 

137, 18, 0, 0.964662, 

137, 19, 0, 0.964662, 

137, 20, 0, 0.964662, 

137, 21, 0, 0.964662, 

137, 22, 0, 0.964662, 

137, 23, 0, 0.964662, 

137, 24, 0, 0.964662, 

137, 25, 0, 0.964662, 

137, 26, 0, 0.964662, 

137, 27, 0, 0.964662, 

137, 28, 0, 0.964662, 

137, 29, 0, 0.964662, 

137, 30, 0, 0.964662, 

137, 31, 0, 0.964662, 

137, 32, 0, 0.964662, 

137, 33, 0, 0.964662, 

137, 34, 0, 0.964662, 

137, 35, 0, 0.964662, 

137, 36, 0, 0.964662, 

137, 37, 0, 0.964662, 

137, 38, 0, 0.964662, 

137, 39, 0, 0.964661, 

137, 40, 0, 0.964661, 

137, 41, 0, 0.964661, 

137, 42, 0, 0.964661, 

137, 43, 0, 0.96466, 

137, 44, 0, 0.96466, 

137, 45, 0, 0.96466, 

137, 46, 0, 0.96466, 

137, 47, 0, 0.96466, 

137, 48, 0, 0.964659, 

137, 49, 0, 0.964659, 

137, 50, 0, 0.964659, 

137, 51, 0, 0.964659, 

137, 52, 0, 0.964659, 

137, 53, 0, 0.964659, 

137, 54, 0, 0.964659, 

137, 55, 0, 0.964659, 

137, 56, 0, 0.96466, 

137, 57, 0, 0.96466, 

137, 58, 0, 0.96466, 

137, 59, 0, 0.96466, 

137, 60, 0, 0.964659, 

137, 61, 0, 0.964659, 

137, 62, 0, 0.964659, 

137, 63, 0, 0.964658, 

137, 64, 0, 0.964658, 

137, 65, 0, 0.964657, 

137, 66, 0, 0.964657, 

137, 67, 0, 0.964656, 

137, 68, 0, 0.964655, 

137, 69, 0, 0.964655, 

137, 70, 0, 0.964654, 

137, 71, 0, 0.964654, 

137, 72, 0, 0.964653, 

137, 73, 0, 0.964653, 

137, 74, 0, 0.964653, 

137, 75, 0, 0.964653, 

137, 76, 0, 0.964653, 

137, 77, 0, 0.964654, 

137, 78, 0, 0.964654, 

137, 79, 0, 0.964654, 

137, 80, 0, 0.964655, 

137, 81, 0, 0.964656, 

137, 82, 0, 0.964656, 

137, 83, 0, 0.964657, 

137, 84, 0, 0.964657, 

137, 85, 0, 0.964658, 

137, 86, 0, 0.964658, 

137, 87, 0, 0.964658, 

137, 88, 0, 0.964659, 

137, 89, 0, 0.964659, 

137, 90, 0, 0.964659, 

137, 91, 0, 0.964659, 

137, 92, 0, 0.964659, 

137, 93, 0, 0.964659, 

137, 94, 0, 0.96466, 

137, 95, 0, 0.96466, 

137, 96, 0, 0.96466, 

137, 97, 0, 0.96466, 

137, 98, 0, 0.96466, 

137, 99, 0, 0.96466, 

137, 100, 0, 0.96466, 

137, 101, 0, 0.964659, 

137, 102, 0, 0.964659, 

137, 103, 0, 0.964659, 

137, 104, 0, 0.964659, 

137, 105, 0, 0.96466, 

137, 106, 0, 0.96466, 

137, 107, 0, 0.96466, 

137, 108, 0, 0.96466, 

137, 109, 0, 0.96466, 

137, 110, 0, 0.96466, 

137, 111, 0, 0.96466, 

137, 112, 0, 0.964661, 

137, 113, 0, 0.964661, 

137, 114, 0, 0.964661, 

137, 115, 0, 0.964661, 

137, 116, 0, 0.964662, 

137, 117, 0, 0.964662, 

137, 118, 0, 0.964662, 

137, 119, 0, 0.964662, 

138, 0, 0, 0.956826, 

138, 1, 0, 0.956826, 

138, 2, 0, 0.956826, 

138, 3, 0, 0.956826, 

138, 4, 0, 0.956826, 

138, 5, 0, 0.956826, 

138, 6, 0, 0.956826, 

138, 7, 0, 0.956826, 

138, 8, 0, 0.956826, 

138, 9, 0, 0.956826, 

138, 10, 0, 0.956826, 

138, 11, 0, 0.956826, 

138, 12, 0, 0.956826, 

138, 13, 0, 0.956826, 

138, 14, 0, 0.956826, 

138, 15, 0, 0.956826, 

138, 16, 0, 0.956826, 

138, 17, 0, 0.956826, 

138, 18, 0, 0.956826, 

138, 19, 0, 0.956825, 

138, 20, 0, 0.956825, 

138, 21, 0, 0.956825, 

138, 22, 0, 0.956825, 

138, 23, 0, 0.956825, 

138, 24, 0, 0.956825, 

138, 25, 0, 0.956825, 

138, 26, 0, 0.956825, 

138, 27, 0, 0.956825, 

138, 28, 0, 0.956825, 

138, 29, 0, 0.956825, 

138, 30, 0, 0.956825, 

138, 31, 0, 0.956825, 

138, 32, 0, 0.956825, 

138, 33, 0, 0.956825, 

138, 34, 0, 0.956825, 

138, 35, 0, 0.956825, 

138, 36, 0, 0.956825, 

138, 37, 0, 0.956825, 

138, 38, 0, 0.956825, 

138, 39, 0, 0.956825, 

138, 40, 0, 0.956825, 

138, 41, 0, 0.956825, 

138, 42, 0, 0.956825, 

138, 43, 0, 0.956824, 

138, 44, 0, 0.956824, 

138, 45, 0, 0.956824, 

138, 46, 0, 0.956824, 

138, 47, 0, 0.956824, 

138, 48, 0, 0.956824, 

138, 49, 0, 0.956824, 

138, 50, 0, 0.956824, 

138, 51, 0, 0.956824, 

138, 52, 0, 0.956824, 

138, 53, 0, 0.956824, 

138, 54, 0, 0.956824, 

138, 55, 0, 0.956824, 

138, 56, 0, 0.956824, 

138, 57, 0, 0.956824, 

138, 58, 0, 0.956824, 

138, 59, 0, 0.956824, 

138, 60, 0, 0.956824, 

138, 61, 0, 0.956824, 

138, 62, 0, 0.956824, 

138, 63, 0, 0.956823, 

138, 64, 0, 0.956823, 

138, 65, 0, 0.956823, 

138, 66, 0, 0.956822, 

138, 67, 0, 0.956822, 

138, 68, 0, 0.956822, 

138, 69, 0, 0.956821, 

138, 70, 0, 0.956821, 

138, 71, 0, 0.956821, 

138, 72, 0, 0.956821, 

138, 73, 0, 0.95682, 

138, 74, 0, 0.95682, 

138, 75, 0, 0.95682, 

138, 76, 0, 0.956821, 

138, 77, 0, 0.956821, 

138, 78, 0, 0.956821, 

138, 79, 0, 0.956821, 

138, 80, 0, 0.956822, 

138, 81, 0, 0.956822, 

138, 82, 0, 0.956822, 

138, 83, 0, 0.956822, 

138, 84, 0, 0.956823, 

138, 85, 0, 0.956823, 

138, 86, 0, 0.956823, 

138, 87, 0, 0.956823, 

138, 88, 0, 0.956824, 

138, 89, 0, 0.956824, 

138, 90, 0, 0.956824, 

138, 91, 0, 0.956824, 

138, 92, 0, 0.956824, 

138, 93, 0, 0.956824, 

138, 94, 0, 0.956824, 

138, 95, 0, 0.956824, 

138, 96, 0, 0.956824, 

138, 97, 0, 0.956824, 

138, 98, 0, 0.956824, 

138, 99, 0, 0.956824, 

138, 100, 0, 0.956824, 

138, 101, 0, 0.956824, 

138, 102, 0, 0.956824, 

138, 103, 0, 0.956824, 

138, 104, 0, 0.956824, 

138, 105, 0, 0.956824, 

138, 106, 0, 0.956824, 

138, 107, 0, 0.956824, 

138, 108, 0, 0.956824, 

138, 109, 0, 0.956824, 

138, 110, 0, 0.956824, 

138, 111, 0, 0.956824, 

138, 112, 0, 0.956825, 

138, 113, 0, 0.956825, 

138, 114, 0, 0.956825, 

138, 115, 0, 0.956825, 

138, 116, 0, 0.956825, 

138, 117, 0, 0.956825, 

138, 118, 0, 0.956825, 

138, 119, 0, 0.956825, 

139, 0, 0, 0.947568, 

139, 1, 0, 0.947568, 

139, 2, 0, 0.947568, 

139, 3, 0, 0.947568, 

139, 4, 0, 0.947568, 

139, 5, 0, 0.947568, 

139, 6, 0, 0.947568, 

139, 7, 0, 0.947568, 

139, 8, 0, 0.947568, 

139, 9, 0, 0.947568, 

139, 10, 0, 0.947568, 

139, 11, 0, 0.947568, 

139, 12, 0, 0.947568, 

139, 13, 0, 0.947568, 

139, 14, 0, 0.947568, 

139, 15, 0, 0.947568, 

139, 16, 0, 0.947568, 

139, 17, 0, 0.947568, 

139, 18, 0, 0.947568, 

139, 19, 0, 0.947568, 

139, 20, 0, 0.947568, 

139, 21, 0, 0.947568, 

139, 22, 0, 0.947568, 

139, 23, 0, 0.947568, 

139, 24, 0, 0.947568, 

139, 25, 0, 0.947568, 

139, 26, 0, 0.947568, 

139, 27, 0, 0.947568, 

139, 28, 0, 0.947568, 

139, 29, 0, 0.947568, 

139, 30, 0, 0.947568, 

139, 31, 0, 0.947568, 

139, 32, 0, 0.947568, 

139, 33, 0, 0.947568, 

139, 34, 0, 0.947568, 

139, 35, 0, 0.947568, 

139, 36, 0, 0.947568, 

139, 37, 0, 0.947568, 

139, 38, 0, 0.947568, 

139, 39, 0, 0.947568, 

139, 40, 0, 0.947568, 

139, 41, 0, 0.947568, 

139, 42, 0, 0.947568, 

139, 43, 0, 0.947568, 

139, 44, 0, 0.947568, 

139, 45, 0, 0.947568, 

139, 46, 0, 0.947568, 

139, 47, 0, 0.947567, 

139, 48, 0, 0.947567, 

139, 49, 0, 0.947567, 

139, 50, 0, 0.947567, 

139, 51, 0, 0.947567, 

139, 52, 0, 0.947567, 

139, 53, 0, 0.947567, 

139, 54, 0, 0.947567, 

139, 55, 0, 0.947567, 

139, 56, 0, 0.947567, 

139, 57, 0, 0.947568, 

139, 58, 0, 0.947567, 

139, 59, 0, 0.947567, 

139, 60, 0, 0.947567, 

139, 61, 0, 0.947567, 

139, 62, 0, 0.947567, 

139, 63, 0, 0.947567, 

139, 64, 0, 0.947567, 

139, 65, 0, 0.947567, 

139, 66, 0, 0.947567, 

139, 67, 0, 0.947566, 

139, 68, 0, 0.947566, 

139, 69, 0, 0.947566, 

139, 70, 0, 0.947566, 

139, 71, 0, 0.947566, 

139, 72, 0, 0.947566, 

139, 73, 0, 0.947566, 

139, 74, 0, 0.947566, 

139, 75, 0, 0.947566, 

139, 76, 0, 0.947566, 

139, 77, 0, 0.947566, 

139, 78, 0, 0.947566, 

139, 79, 0, 0.947566, 

139, 80, 0, 0.947566, 

139, 81, 0, 0.947566, 

139, 82, 0, 0.947567, 

139, 83, 0, 0.947567, 

139, 84, 0, 0.947567, 

139, 85, 0, 0.947567, 

139, 86, 0, 0.947567, 

139, 87, 0, 0.947567, 

139, 88, 0, 0.947567, 

139, 89, 0, 0.947567, 

139, 90, 0, 0.947567, 

139, 91, 0, 0.947567, 

139, 92, 0, 0.947567, 

139, 93, 0, 0.947567, 

139, 94, 0, 0.947568, 

139, 95, 0, 0.947568, 

139, 96, 0, 0.947568, 

139, 97, 0, 0.947568, 

139, 98, 0, 0.947568, 

139, 99, 0, 0.947568, 

139, 100, 0, 0.947568, 

139, 101, 0, 0.947568, 

139, 102, 0, 0.947567, 

139, 103, 0, 0.947567, 

139, 104, 0, 0.947568, 

139, 105, 0, 0.947568, 

139, 106, 0, 0.947568, 

139, 107, 0, 0.947568, 

139, 108, 0, 0.947568, 

139, 109, 0, 0.947568, 

139, 110, 0, 0.947568, 

139, 111, 0, 0.947568, 

139, 112, 0, 0.947568, 

139, 113, 0, 0.947568, 

139, 114, 0, 0.947568, 

139, 115, 0, 0.947568, 

139, 116, 0, 0.947568, 

139, 117, 0, 0.947568, 

139, 118, 0, 0.947568, 

139, 119, 0, 0.947568, 

140, 0, 0, 0.936706, 

140, 1, 0, 0.936706, 

140, 2, 0, 0.936706, 

140, 3, 0, 0.936706, 

140, 4, 0, 0.936706, 

140, 5, 0, 0.936706, 

140, 6, 0, 0.936706, 

140, 7, 0, 0.936706, 

140, 8, 0, 0.936706, 

140, 9, 0, 0.936706, 

140, 10, 0, 0.936706, 

140, 11, 0, 0.936706, 

140, 12, 0, 0.936706, 

140, 13, 0, 0.936706, 

140, 14, 0, 0.936706, 

140, 15, 0, 0.936706, 

140, 16, 0, 0.936706, 

140, 17, 0, 0.936706, 

140, 18, 0, 0.936706, 

140, 19, 0, 0.936706, 

140, 20, 0, 0.936706, 

140, 21, 0, 0.936706, 

140, 22, 0, 0.936706, 

140, 23, 0, 0.936706, 

140, 24, 0, 0.936706, 

140, 25, 0, 0.936706, 

140, 26, 0, 0.936706, 

140, 27, 0, 0.936706, 

140, 28, 0, 0.936706, 

140, 29, 0, 0.936706, 

140, 30, 0, 0.936706, 

140, 31, 0, 0.936706, 

140, 32, 0, 0.936706, 

140, 33, 0, 0.936706, 

140, 34, 0, 0.936706, 

140, 35, 0, 0.936706, 

140, 36, 0, 0.936706, 

140, 37, 0, 0.936706, 

140, 38, 0, 0.936706, 

140, 39, 0, 0.936706, 

140, 40, 0, 0.936706, 

140, 41, 0, 0.936706, 

140, 42, 0, 0.936706, 

140, 43, 0, 0.936706, 

140, 44, 0, 0.936706, 

140, 45, 0, 0.936705, 

140, 46, 0, 0.936705, 

140, 47, 0, 0.936705, 

140, 48, 0, 0.936705, 

140, 49, 0, 0.936705, 

140, 50, 0, 0.936705, 

140, 51, 0, 0.936705, 

140, 52, 0, 0.936705, 

140, 53, 0, 0.936705, 

140, 54, 0, 0.936705, 

140, 55, 0, 0.936705, 

140, 56, 0, 0.936705, 

140, 57, 0, 0.936705, 

140, 58, 0, 0.936705, 

140, 59, 0, 0.936705, 

140, 60, 0, 0.936705, 

140, 61, 0, 0.936705, 

140, 62, 0, 0.936705, 

140, 63, 0, 0.936705, 

140, 64, 0, 0.936705, 

140, 65, 0, 0.936705, 

140, 66, 0, 0.936705, 

140, 67, 0, 0.936705, 

140, 68, 0, 0.936705, 

140, 69, 0, 0.936705, 

140, 70, 0, 0.936705, 

140, 71, 0, 0.936705, 

140, 72, 0, 0.936704, 

140, 73, 0, 0.936704, 

140, 74, 0, 0.936704, 

140, 75, 0, 0.936704, 

140, 76, 0, 0.936704, 

140, 77, 0, 0.936705, 

140, 78, 0, 0.936705, 

140, 79, 0, 0.936705, 

140, 80, 0, 0.936705, 

140, 81, 0, 0.936705, 

140, 82, 0, 0.936705, 

140, 83, 0, 0.936705, 

140, 84, 0, 0.936705, 

140, 85, 0, 0.936705, 

140, 86, 0, 0.936705, 

140, 87, 0, 0.936705, 

140, 88, 0, 0.936705, 

140, 89, 0, 0.936705, 

140, 90, 0, 0.936705, 

140, 91, 0, 0.936705, 

140, 92, 0, 0.936705, 

140, 93, 0, 0.936705, 

140, 94, 0, 0.936705, 

140, 95, 0, 0.936705, 

140, 96, 0, 0.936705, 

140, 97, 0, 0.936705, 

140, 98, 0, 0.936705, 

140, 99, 0, 0.936705, 

140, 100, 0, 0.936705, 

140, 101, 0, 0.936705, 

140, 102, 0, 0.936705, 

140, 103, 0, 0.936705, 

140, 104, 0, 0.936705, 

140, 105, 0, 0.936705, 

140, 106, 0, 0.936705, 

140, 107, 0, 0.936705, 

140, 108, 0, 0.936705, 

140, 109, 0, 0.936705, 

140, 110, 0, 0.936706, 

140, 111, 0, 0.936706, 

140, 112, 0, 0.936706, 

140, 113, 0, 0.936706, 

140, 114, 0, 0.936706, 

140, 115, 0, 0.936706, 

140, 116, 0, 0.936706, 

140, 117, 0, 0.936706, 

140, 118, 0, 0.936706, 

140, 119, 0, 0.936706, 

141, 0, 0, 0.924044, 

141, 1, 0, 0.924044, 

141, 2, 0, 0.924044, 

141, 3, 0, 0.924044, 

141, 4, 0, 0.924044, 

141, 5, 0, 0.924044, 

141, 6, 0, 0.924044, 

141, 7, 0, 0.924044, 

141, 8, 0, 0.924044, 

141, 9, 0, 0.924044, 

141, 10, 0, 0.924044, 

141, 11, 0, 0.924044, 

141, 12, 0, 0.924044, 

141, 13, 0, 0.924044, 

141, 14, 0, 0.924044, 

141, 15, 0, 0.924044, 

141, 16, 0, 0.924044, 

141, 17, 0, 0.924044, 

141, 18, 0, 0.924044, 

141, 19, 0, 0.924044, 

141, 20, 0, 0.924044, 

141, 21, 0, 0.924044, 

141, 22, 0, 0.924044, 

141, 23, 0, 0.924044, 

141, 24, 0, 0.924044, 

141, 25, 0, 0.924044, 

141, 26, 0, 0.924044, 

141, 27, 0, 0.924044, 

141, 28, 0, 0.924044, 

141, 29, 0, 0.924044, 

141, 30, 0, 0.924044, 

141, 31, 0, 0.924044, 

141, 32, 0, 0.924044, 

141, 33, 0, 0.924044, 

141, 34, 0, 0.924044, 

141, 35, 0, 0.924044, 

141, 36, 0, 0.924044, 

141, 37, 0, 0.924044, 

141, 38, 0, 0.924044, 

141, 39, 0, 0.924044, 

141, 40, 0, 0.924044, 

141, 41, 0, 0.924044, 

141, 42, 0, 0.924043, 

141, 43, 0, 0.924043, 

141, 44, 0, 0.924043, 

141, 45, 0, 0.924043, 

141, 46, 0, 0.924043, 

141, 47, 0, 0.924043, 

141, 48, 0, 0.924043, 

141, 49, 0, 0.924043, 

141, 50, 0, 0.924043, 

141, 51, 0, 0.924043, 

141, 52, 0, 0.924043, 

141, 53, 0, 0.924043, 

141, 54, 0, 0.924043, 

141, 55, 0, 0.924043, 

141, 56, 0, 0.924043, 

141, 57, 0, 0.924043, 

141, 58, 0, 0.924043, 

141, 59, 0, 0.924043, 

141, 60, 0, 0.924043, 

141, 61, 0, 0.924043, 

141, 62, 0, 0.924043, 

141, 63, 0, 0.924043, 

141, 64, 0, 0.924043, 

141, 65, 0, 0.924043, 

141, 66, 0, 0.924043, 

141, 67, 0, 0.924043, 

141, 68, 0, 0.924043, 

141, 69, 0, 0.924043, 

141, 70, 0, 0.924043, 

141, 71, 0, 0.924043, 

141, 72, 0, 0.924043, 

141, 73, 0, 0.924043, 

141, 74, 0, 0.924043, 

141, 75, 0, 0.924043, 

141, 76, 0, 0.924043, 

141, 77, 0, 0.924043, 

141, 78, 0, 0.924043, 

141, 79, 0, 0.924043, 

141, 80, 0, 0.924043, 

141, 81, 0, 0.924043, 

141, 82, 0, 0.924043, 

141, 83, 0, 0.924043, 

141, 84, 0, 0.924043, 

141, 85, 0, 0.924043, 

141, 86, 0, 0.924043, 

141, 87, 0, 0.924043, 

141, 88, 0, 0.924043, 

141, 89, 0, 0.924043, 

141, 90, 0, 0.924043, 

141, 91, 0, 0.924043, 

141, 92, 0, 0.924043, 

141, 93, 0, 0.924043, 

141, 94, 0, 0.924043, 

141, 95, 0, 0.924043, 

141, 96, 0, 0.924043, 

141, 97, 0, 0.924043, 

141, 98, 0, 0.924043, 

141, 99, 0, 0.924043, 

141, 100, 0, 0.924043, 

141, 101, 0, 0.924043, 

141, 102, 0, 0.924043, 

141, 103, 0, 0.924043, 

141, 104, 0, 0.924043, 

141, 105, 0, 0.924043, 

141, 106, 0, 0.924043, 

141, 107, 0, 0.924043, 

141, 108, 0, 0.924043, 

141, 109, 0, 0.924043, 

141, 110, 0, 0.924043, 

141, 111, 0, 0.924043, 

141, 112, 0, 0.924043, 

141, 113, 0, 0.924044, 

141, 114, 0, 0.924044, 

141, 115, 0, 0.924044, 

141, 116, 0, 0.924044, 

141, 117, 0, 0.924044, 

141, 118, 0, 0.924044, 

141, 119, 0, 0.924044, 

142, 0, 0, 0.90938, 

142, 1, 0, 0.90938, 

142, 2, 0, 0.90938, 

142, 3, 0, 0.90938, 

142, 4, 0, 0.90938, 

142, 5, 0, 0.90938, 

142, 6, 0, 0.90938, 

142, 7, 0, 0.90938, 

142, 8, 0, 0.90938, 

142, 9, 0, 0.90938, 

142, 10, 0, 0.90938, 

142, 11, 0, 0.90938, 

142, 12, 0, 0.90938, 

142, 13, 0, 0.90938, 

142, 14, 0, 0.90938, 

142, 15, 0, 0.90938, 

142, 16, 0, 0.90938, 

142, 17, 0, 0.90938, 

142, 18, 0, 0.90938, 

142, 19, 0, 0.90938, 

142, 20, 0, 0.90938, 

142, 21, 0, 0.90938, 

142, 22, 0, 0.90938, 

142, 23, 0, 0.90938, 

142, 24, 0, 0.90938, 

142, 25, 0, 0.90938, 

142, 26, 0, 0.90938, 

142, 27, 0, 0.90938, 

142, 28, 0, 0.90938, 

142, 29, 0, 0.90938, 

142, 30, 0, 0.90938, 

142, 31, 0, 0.90938, 

142, 32, 0, 0.90938, 

142, 33, 0, 0.90938, 

142, 34, 0, 0.90938, 

142, 35, 0, 0.90938, 

142, 36, 0, 0.90938, 

142, 37, 0, 0.90938, 

142, 38, 0, 0.90938, 

142, 39, 0, 0.90938, 

142, 40, 0, 0.90938, 

142, 41, 0, 0.90938, 

142, 42, 0, 0.90938, 

142, 43, 0, 0.90938, 

142, 44, 0, 0.90938, 

142, 45, 0, 0.90938, 

142, 46, 0, 0.90938, 

142, 47, 0, 0.90938, 

142, 48, 0, 0.90938, 

142, 49, 0, 0.90938, 

142, 50, 0, 0.90938, 

142, 51, 0, 0.90938, 

142, 52, 0, 0.90938, 

142, 53, 0, 0.90938, 

142, 54, 0, 0.90938, 

142, 55, 0, 0.90938, 

142, 56, 0, 0.90938, 

142, 57, 0, 0.90938, 

142, 58, 0, 0.90938, 

142, 59, 0, 0.90938, 

142, 60, 0, 0.90938, 

142, 61, 0, 0.90938, 

142, 62, 0, 0.90938, 

142, 63, 0, 0.90938, 

142, 64, 0, 0.90938, 

142, 65, 0, 0.90938, 

142, 66, 0, 0.90938, 

142, 67, 0, 0.90938, 

142, 68, 0, 0.909379, 

142, 69, 0, 0.909379, 

142, 70, 0, 0.909379, 

142, 71, 0, 0.909379, 

142, 72, 0, 0.909379, 

142, 73, 0, 0.909379, 

142, 74, 0, 0.909379, 

142, 75, 0, 0.909379, 

142, 76, 0, 0.909379, 

142, 77, 0, 0.909379, 

142, 78, 0, 0.909379, 

142, 79, 0, 0.909379, 

142, 80, 0, 0.909379, 

142, 81, 0, 0.90938, 

142, 82, 0, 0.90938, 

142, 83, 0, 0.90938, 

142, 84, 0, 0.90938, 

142, 85, 0, 0.90938, 

142, 86, 0, 0.90938, 

142, 87, 0, 0.90938, 

142, 88, 0, 0.90938, 

142, 89, 0, 0.90938, 

142, 90, 0, 0.90938, 

142, 91, 0, 0.90938, 

142, 92, 0, 0.90938, 

142, 93, 0, 0.90938, 

142, 94, 0, 0.90938, 

142, 95, 0, 0.90938, 

142, 96, 0, 0.90938, 

142, 97, 0, 0.90938, 

142, 98, 0, 0.90938, 

142, 99, 0, 0.90938, 

142, 100, 0, 0.90938, 

142, 101, 0, 0.90938, 

142, 102, 0, 0.90938, 

142, 103, 0, 0.90938, 

142, 104, 0, 0.90938, 

142, 105, 0, 0.90938, 

142, 106, 0, 0.90938, 

142, 107, 0, 0.90938, 

142, 108, 0, 0.90938, 

142, 109, 0, 0.90938, 

142, 110, 0, 0.90938, 

142, 111, 0, 0.90938, 

142, 112, 0, 0.90938, 

142, 113, 0, 0.90938, 

142, 114, 0, 0.90938, 

142, 115, 0, 0.90938, 

142, 116, 0, 0.90938, 

142, 117, 0, 0.90938, 

142, 118, 0, 0.90938, 

142, 119, 0, 0.90938, 

143, 0, 0, 0.892508, 

143, 1, 0, 0.892508, 

143, 2, 0, 0.892508, 

143, 3, 0, 0.892508, 

143, 4, 0, 0.892508, 

143, 5, 0, 0.892508, 

143, 6, 0, 0.892508, 

143, 7, 0, 0.892508, 

143, 8, 0, 0.892508, 

143, 9, 0, 0.892508, 

143, 10, 0, 0.892508, 

143, 11, 0, 0.892508, 

143, 12, 0, 0.892508, 

143, 13, 0, 0.892508, 

143, 14, 0, 0.892508, 

143, 15, 0, 0.892508, 

143, 16, 0, 0.892508, 

143, 17, 0, 0.892508, 

143, 18, 0, 0.892508, 

143, 19, 0, 0.892508, 

143, 20, 0, 0.892508, 

143, 21, 0, 0.892508, 

143, 22, 0, 0.892508, 

143, 23, 0, 0.892508, 

143, 24, 0, 0.892508, 

143, 25, 0, 0.892508, 

143, 26, 0, 0.892508, 

143, 27, 0, 0.892508, 

143, 28, 0, 0.892508, 

143, 29, 0, 0.892508, 

143, 30, 0, 0.892508, 

143, 31, 0, 0.892508, 

143, 32, 0, 0.892508, 

143, 33, 0, 0.892508, 

143, 34, 0, 0.892508, 

143, 35, 0, 0.892508, 

143, 36, 0, 0.892508, 

143, 37, 0, 0.892508, 

143, 38, 0, 0.892508, 

143, 39, 0, 0.892508, 

143, 40, 0, 0.892508, 

143, 41, 0, 0.892508, 

143, 42, 0, 0.892508, 

143, 43, 0, 0.892508, 

143, 44, 0, 0.892508, 

143, 45, 0, 0.892508, 

143, 46, 0, 0.892508, 

143, 47, 0, 0.892508, 

143, 48, 0, 0.892508, 

143, 49, 0, 0.892508, 

143, 50, 0, 0.892508, 

143, 51, 0, 0.892508, 

143, 52, 0, 0.892508, 

143, 53, 0, 0.892508, 

143, 54, 0, 0.892508, 

143, 55, 0, 0.892508, 

143, 56, 0, 0.892508, 

143, 57, 0, 0.892508, 

143, 58, 0, 0.892508, 

143, 59, 0, 0.892508, 

143, 60, 0, 0.892508, 

143, 61, 0, 0.892508, 

143, 62, 0, 0.892508, 

143, 63, 0, 0.892508, 

143, 64, 0, 0.892508, 

143, 65, 0, 0.892508, 

143, 66, 0, 0.892508, 

143, 67, 0, 0.892508, 

143, 68, 0, 0.892508, 

143, 69, 0, 0.892508, 

143, 70, 0, 0.892508, 

143, 71, 0, 0.892508, 

143, 72, 0, 0.892508, 

143, 73, 0, 0.892508, 

143, 74, 0, 0.892508, 

143, 75, 0, 0.892508, 

143, 76, 0, 0.892508, 

143, 77, 0, 0.892508, 

143, 78, 0, 0.892508, 

143, 79, 0, 0.892508, 

143, 80, 0, 0.892508, 

143, 81, 0, 0.892508, 

143, 82, 0, 0.892508, 

143, 83, 0, 0.892508, 

143, 84, 0, 0.892508, 

143, 85, 0, 0.892508, 

143, 86, 0, 0.892508, 

143, 87, 0, 0.892508, 

143, 88, 0, 0.892508, 

143, 89, 0, 0.892508, 

143, 90, 0, 0.892508, 

143, 91, 0, 0.892508, 

143, 92, 0, 0.892508, 

143, 93, 0, 0.892508, 

143, 94, 0, 0.892508, 

143, 95, 0, 0.892508, 

143, 96, 0, 0.892508, 

143, 97, 0, 0.892508, 

143, 98, 0, 0.892508, 

143, 99, 0, 0.892508, 

143, 100, 0, 0.892508, 

143, 101, 0, 0.892508, 

143, 102, 0, 0.892508, 

143, 103, 0, 0.892508, 

143, 104, 0, 0.892508, 

143, 105, 0, 0.892508, 

143, 106, 0, 0.892508, 

143, 107, 0, 0.892508, 

143, 108, 0, 0.892508, 

143, 109, 0, 0.892508, 

143, 110, 0, 0.892508, 

143, 111, 0, 0.892508, 

143, 112, 0, 0.892508, 

143, 113, 0, 0.892508, 

143, 114, 0, 0.892508, 

143, 115, 0, 0.892508, 

143, 116, 0, 0.892508, 

143, 117, 0, 0.892508, 

143, 118, 0, 0.892508, 

143, 119, 0, 0.892508, 

144, 0, 0, 0.87322, 

144, 1, 0, 0.87322, 

144, 2, 0, 0.87322, 

144, 3, 0, 0.87322, 

144, 4, 0, 0.87322, 

144, 5, 0, 0.87322, 

144, 6, 0, 0.87322, 

144, 7, 0, 0.87322, 

144, 8, 0, 0.87322, 

144, 9, 0, 0.87322, 

144, 10, 0, 0.87322, 

144, 11, 0, 0.87322, 

144, 12, 0, 0.87322, 

144, 13, 0, 0.87322, 

144, 14, 0, 0.87322, 

144, 15, 0, 0.87322, 

144, 16, 0, 0.87322, 

144, 17, 0, 0.87322, 

144, 18, 0, 0.87322, 

144, 19, 0, 0.87322, 

144, 20, 0, 0.87322, 

144, 21, 0, 0.87322, 

144, 22, 0, 0.87322, 

144, 23, 0, 0.87322, 

144, 24, 0, 0.87322, 

144, 25, 0, 0.87322, 

144, 26, 0, 0.87322, 

144, 27, 0, 0.87322, 

144, 28, 0, 0.87322, 

144, 29, 0, 0.87322, 

144, 30, 0, 0.87322, 

144, 31, 0, 0.87322, 

144, 32, 0, 0.87322, 

144, 33, 0, 0.87322, 

144, 34, 0, 0.87322, 

144, 35, 0, 0.87322, 

144, 36, 0, 0.87322, 

144, 37, 0, 0.87322, 

144, 38, 0, 0.87322, 

144, 39, 0, 0.87322, 

144, 40, 0, 0.87322, 

144, 41, 0, 0.87322, 

144, 42, 0, 0.87322, 

144, 43, 0, 0.87322, 

144, 44, 0, 0.87322, 

144, 45, 0, 0.87322, 

144, 46, 0, 0.87322, 

144, 47, 0, 0.87322, 

144, 48, 0, 0.87322, 

144, 49, 0, 0.87322, 

144, 50, 0, 0.87322, 

144, 51, 0, 0.87322, 

144, 52, 0, 0.87322, 

144, 53, 0, 0.87322, 

144, 54, 0, 0.87322, 

144, 55, 0, 0.87322, 

144, 56, 0, 0.87322, 

144, 57, 0, 0.87322, 

144, 58, 0, 0.87322, 

144, 59, 0, 0.87322, 

144, 60, 0, 0.87322, 

144, 61, 0, 0.87322, 

144, 62, 0, 0.87322, 

144, 63, 0, 0.87322, 

144, 64, 0, 0.87322, 

144, 65, 0, 0.87322, 

144, 66, 0, 0.87322, 

144, 67, 0, 0.87322, 

144, 68, 0, 0.87322, 

144, 69, 0, 0.87322, 

144, 70, 0, 0.87322, 

144, 71, 0, 0.87322, 

144, 72, 0, 0.87322, 

144, 73, 0, 0.87322, 

144, 74, 0, 0.87322, 

144, 75, 0, 0.87322, 

144, 76, 0, 0.87322, 

144, 77, 0, 0.87322, 

144, 78, 0, 0.87322, 

144, 79, 0, 0.87322, 

144, 80, 0, 0.87322, 

144, 81, 0, 0.87322, 

144, 82, 0, 0.87322, 

144, 83, 0, 0.87322, 

144, 84, 0, 0.87322, 

144, 85, 0, 0.87322, 

144, 86, 0, 0.87322, 

144, 87, 0, 0.87322, 

144, 88, 0, 0.87322, 

144, 89, 0, 0.87322, 

144, 90, 0, 0.87322, 

144, 91, 0, 0.87322, 

144, 92, 0, 0.87322, 

144, 93, 0, 0.87322, 

144, 94, 0, 0.87322, 

144, 95, 0, 0.87322, 

144, 96, 0, 0.87322, 

144, 97, 0, 0.87322, 

144, 98, 0, 0.87322, 

144, 99, 0, 0.87322, 

144, 100, 0, 0.87322, 

144, 101, 0, 0.87322, 

144, 102, 0, 0.87322, 

144, 103, 0, 0.87322, 

144, 104, 0, 0.87322, 

144, 105, 0, 0.87322, 

144, 106, 0, 0.87322, 

144, 107, 0, 0.87322, 

144, 108, 0, 0.87322, 

144, 109, 0, 0.87322, 

144, 110, 0, 0.87322, 

144, 111, 0, 0.87322, 

144, 112, 0, 0.87322, 

144, 113, 0, 0.87322, 

144, 114, 0, 0.87322, 

144, 115, 0, 0.87322, 

144, 116, 0, 0.87322, 

144, 117, 0, 0.87322, 

144, 118, 0, 0.87322, 

144, 119, 0, 0.87322, 

145, 0, 0, 0.85131, 

145, 1, 0, 0.85131, 

145, 2, 0, 0.85131, 

145, 3, 0, 0.85131, 

145, 4, 0, 0.85131, 

145, 5, 0, 0.85131, 

145, 6, 0, 0.85131, 

145, 7, 0, 0.85131, 

145, 8, 0, 0.85131, 

145, 9, 0, 0.85131, 

145, 10, 0, 0.85131, 

145, 11, 0, 0.85131, 

145, 12, 0, 0.85131, 

145, 13, 0, 0.85131, 

145, 14, 0, 0.85131, 

145, 15, 0, 0.85131, 

145, 16, 0, 0.85131, 

145, 17, 0, 0.85131, 

145, 18, 0, 0.85131, 

145, 19, 0, 0.85131, 

145, 20, 0, 0.85131, 

145, 21, 0, 0.85131, 

145, 22, 0, 0.85131, 

145, 23, 0, 0.85131, 

145, 24, 0, 0.85131, 

145, 25, 0, 0.85131, 

145, 26, 0, 0.85131, 

145, 27, 0, 0.85131, 

145, 28, 0, 0.85131, 

145, 29, 0, 0.85131, 

145, 30, 0, 0.85131, 

145, 31, 0, 0.85131, 

145, 32, 0, 0.85131, 

145, 33, 0, 0.85131, 

145, 34, 0, 0.85131, 

145, 35, 0, 0.85131, 

145, 36, 0, 0.85131, 

145, 37, 0, 0.85131, 

145, 38, 0, 0.85131, 

145, 39, 0, 0.85131, 

145, 40, 0, 0.85131, 

145, 41, 0, 0.85131, 

145, 42, 0, 0.85131, 

145, 43, 0, 0.85131, 

145, 44, 0, 0.85131, 

145, 45, 0, 0.85131, 

145, 46, 0, 0.85131, 

145, 47, 0, 0.85131, 

145, 48, 0, 0.85131, 

145, 49, 0, 0.85131, 

145, 50, 0, 0.85131, 

145, 51, 0, 0.85131, 

145, 52, 0, 0.85131, 

145, 53, 0, 0.85131, 

145, 54, 0, 0.85131, 

145, 55, 0, 0.85131, 

145, 56, 0, 0.85131, 

145, 57, 0, 0.85131, 

145, 58, 0, 0.85131, 

145, 59, 0, 0.85131, 

145, 60, 0, 0.85131, 

145, 61, 0, 0.85131, 

145, 62, 0, 0.85131, 

145, 63, 0, 0.85131, 

145, 64, 0, 0.85131, 

145, 65, 0, 0.85131, 

145, 66, 0, 0.85131, 

145, 67, 0, 0.85131, 

145, 68, 0, 0.85131, 

145, 69, 0, 0.85131, 

145, 70, 0, 0.85131, 

145, 71, 0, 0.85131, 

145, 72, 0, 0.85131, 

145, 73, 0, 0.85131, 

145, 74, 0, 0.85131, 

145, 75, 0, 0.85131, 

145, 76, 0, 0.85131, 

145, 77, 0, 0.85131, 

145, 78, 0, 0.85131, 

145, 79, 0, 0.85131, 

145, 80, 0, 0.85131, 

145, 81, 0, 0.85131, 

145, 82, 0, 0.85131, 

145, 83, 0, 0.85131, 

145, 84, 0, 0.85131, 

145, 85, 0, 0.85131, 

145, 86, 0, 0.85131, 

145, 87, 0, 0.85131, 

145, 88, 0, 0.85131, 

145, 89, 0, 0.85131, 

145, 90, 0, 0.85131, 

145, 91, 0, 0.85131, 

145, 92, 0, 0.85131, 

145, 93, 0, 0.85131, 

145, 94, 0, 0.85131, 

145, 95, 0, 0.85131, 

145, 96, 0, 0.85131, 

145, 97, 0, 0.85131, 

145, 98, 0, 0.85131, 

145, 99, 0, 0.85131, 

145, 100, 0, 0.85131, 

145, 101, 0, 0.85131, 

145, 102, 0, 0.85131, 

145, 103, 0, 0.85131, 

145, 104, 0, 0.85131, 

145, 105, 0, 0.85131, 

145, 106, 0, 0.85131, 

145, 107, 0, 0.85131, 

145, 108, 0, 0.85131, 

145, 109, 0, 0.85131, 

145, 110, 0, 0.85131, 

145, 111, 0, 0.85131, 

145, 112, 0, 0.85131, 

145, 113, 0, 0.85131, 

145, 114, 0, 0.85131, 

145, 115, 0, 0.85131, 

145, 116, 0, 0.85131, 

145, 117, 0, 0.85131, 

145, 118, 0, 0.85131, 

145, 119, 0, 0.85131, 

146, 0, 0, 0.82658, 

146, 1, 0, 0.82658, 

146, 2, 0, 0.82658, 

146, 3, 0, 0.82658, 

146, 4, 0, 0.82658, 

146, 5, 0, 0.82658, 

146, 6, 0, 0.82658, 

146, 7, 0, 0.82658, 

146, 8, 0, 0.82658, 

146, 9, 0, 0.82658, 

146, 10, 0, 0.82658, 

146, 11, 0, 0.82658, 

146, 12, 0, 0.82658, 

146, 13, 0, 0.82658, 

146, 14, 0, 0.82658, 

146, 15, 0, 0.82658, 

146, 16, 0, 0.82658, 

146, 17, 0, 0.82658, 

146, 18, 0, 0.82658, 

146, 19, 0, 0.82658, 

146, 20, 0, 0.82658, 

146, 21, 0, 0.82658, 

146, 22, 0, 0.82658, 

146, 23, 0, 0.82658, 

146, 24, 0, 0.82658, 

146, 25, 0, 0.82658, 

146, 26, 0, 0.82658, 

146, 27, 0, 0.82658, 

146, 28, 0, 0.82658, 

146, 29, 0, 0.82658, 

146, 30, 0, 0.82658, 

146, 31, 0, 0.82658, 

146, 32, 0, 0.82658, 

146, 33, 0, 0.82658, 

146, 34, 0, 0.82658, 

146, 35, 0, 0.82658, 

146, 36, 0, 0.82658, 

146, 37, 0, 0.82658, 

146, 38, 0, 0.82658, 

146, 39, 0, 0.82658, 

146, 40, 0, 0.82658, 

146, 41, 0, 0.82658, 

146, 42, 0, 0.82658, 

146, 43, 0, 0.82658, 

146, 44, 0, 0.82658, 

146, 45, 0, 0.82658, 

146, 46, 0, 0.82658, 

146, 47, 0, 0.82658, 

146, 48, 0, 0.82658, 

146, 49, 0, 0.82658, 

146, 50, 0, 0.82658, 

146, 51, 0, 0.82658, 

146, 52, 0, 0.82658, 

146, 53, 0, 0.82658, 

146, 54, 0, 0.82658, 

146, 55, 0, 0.82658, 

146, 56, 0, 0.82658, 

146, 57, 0, 0.82658, 

146, 58, 0, 0.82658, 

146, 59, 0, 0.82658, 

146, 60, 0, 0.82658, 

146, 61, 0, 0.82658, 

146, 62, 0, 0.82658, 

146, 63, 0, 0.82658, 

146, 64, 0, 0.82658, 

146, 65, 0, 0.82658, 

146, 66, 0, 0.82658, 

146, 67, 0, 0.82658, 

146, 68, 0, 0.82658, 

146, 69, 0, 0.82658, 

146, 70, 0, 0.82658, 

146, 71, 0, 0.82658, 

146, 72, 0, 0.82658, 

146, 73, 0, 0.82658, 

146, 74, 0, 0.82658, 

146, 75, 0, 0.82658, 

146, 76, 0, 0.82658, 

146, 77, 0, 0.82658, 

146, 78, 0, 0.82658, 

146, 79, 0, 0.82658, 

146, 80, 0, 0.82658, 

146, 81, 0, 0.82658, 

146, 82, 0, 0.82658, 

146, 83, 0, 0.82658, 

146, 84, 0, 0.82658, 

146, 85, 0, 0.82658, 

146, 86, 0, 0.82658, 

146, 87, 0, 0.82658, 

146, 88, 0, 0.82658, 

146, 89, 0, 0.82658, 

146, 90, 0, 0.82658, 

146, 91, 0, 0.82658, 

146, 92, 0, 0.82658, 

146, 93, 0, 0.82658, 

146, 94, 0, 0.82658, 

146, 95, 0, 0.82658, 

146, 96, 0, 0.82658, 

146, 97, 0, 0.82658, 

146, 98, 0, 0.82658, 

146, 99, 0, 0.82658, 

146, 100, 0, 0.82658, 

146, 101, 0, 0.82658, 

146, 102, 0, 0.82658, 

146, 103, 0, 0.82658, 

146, 104, 0, 0.82658, 

146, 105, 0, 0.82658, 

146, 106, 0, 0.82658, 

146, 107, 0, 0.82658, 

146, 108, 0, 0.82658, 

146, 109, 0, 0.82658, 

146, 110, 0, 0.82658, 

146, 111, 0, 0.82658, 

146, 112, 0, 0.82658, 

146, 113, 0, 0.82658, 

146, 114, 0, 0.82658, 

146, 115, 0, 0.82658, 

146, 116, 0, 0.82658, 

146, 117, 0, 0.82658, 

146, 118, 0, 0.82658, 

146, 119, 0, 0.82658, 

147, 0, 0, 0.79884, 

147, 1, 0, 0.79884, 

147, 2, 0, 0.79884, 

147, 3, 0, 0.79884, 

147, 4, 0, 0.79884, 

147, 5, 0, 0.79884, 

147, 6, 0, 0.79884, 

147, 7, 0, 0.79884, 

147, 8, 0, 0.79884, 

147, 9, 0, 0.79884, 

147, 10, 0, 0.79884, 

147, 11, 0, 0.79884, 

147, 12, 0, 0.79884, 

147, 13, 0, 0.79884, 

147, 14, 0, 0.79884, 

147, 15, 0, 0.79884, 

147, 16, 0, 0.79884, 

147, 17, 0, 0.79884, 

147, 18, 0, 0.79884, 

147, 19, 0, 0.79884, 

147, 20, 0, 0.79884, 

147, 21, 0, 0.79884, 

147, 22, 0, 0.79884, 

147, 23, 0, 0.79884, 

147, 24, 0, 0.79884, 

147, 25, 0, 0.79884, 

147, 26, 0, 0.79884, 

147, 27, 0, 0.79884, 

147, 28, 0, 0.79884, 

147, 29, 0, 0.79884, 

147, 30, 0, 0.79884, 

147, 31, 0, 0.79884, 

147, 32, 0, 0.79884, 

147, 33, 0, 0.79884, 

147, 34, 0, 0.79884, 

147, 35, 0, 0.79884, 

147, 36, 0, 0.79884, 

147, 37, 0, 0.79884, 

147, 38, 0, 0.79884, 

147, 39, 0, 0.79884, 

147, 40, 0, 0.79884, 

147, 41, 0, 0.79884, 

147, 42, 0, 0.79884, 

147, 43, 0, 0.79884, 

147, 44, 0, 0.79884, 

147, 45, 0, 0.79884, 

147, 46, 0, 0.79884, 

147, 47, 0, 0.79884, 

147, 48, 0, 0.79884, 

147, 49, 0, 0.79884, 

147, 50, 0, 0.79884, 

147, 51, 0, 0.79884, 

147, 52, 0, 0.79884, 

147, 53, 0, 0.79884, 

147, 54, 0, 0.79884, 

147, 55, 0, 0.79884, 

147, 56, 0, 0.79884, 

147, 57, 0, 0.79884, 

147, 58, 0, 0.79884, 

147, 59, 0, 0.79884, 

147, 60, 0, 0.79884, 

147, 61, 0, 0.79884, 

147, 62, 0, 0.79884, 

147, 63, 0, 0.79884, 

147, 64, 0, 0.79884, 

147, 65, 0, 0.79884, 

147, 66, 0, 0.79884, 

147, 67, 0, 0.79884, 

147, 68, 0, 0.79884, 

147, 69, 0, 0.79884, 

147, 70, 0, 0.79884, 

147, 71, 0, 0.79884, 

147, 72, 0, 0.79884, 

147, 73, 0, 0.79884, 

147, 74, 0, 0.79884, 

147, 75, 0, 0.79884, 

147, 76, 0, 0.79884, 

147, 77, 0, 0.79884, 

147, 78, 0, 0.79884, 

147, 79, 0, 0.79884, 

147, 80, 0, 0.79884, 

147, 81, 0, 0.79884, 

147, 82, 0, 0.79884, 

147, 83, 0, 0.79884, 

147, 84, 0, 0.79884, 

147, 85, 0, 0.79884, 

147, 86, 0, 0.79884, 

147, 87, 0, 0.79884, 

147, 88, 0, 0.79884, 

147, 89, 0, 0.79884, 

147, 90, 0, 0.79884, 

147, 91, 0, 0.79884, 

147, 92, 0, 0.79884, 

147, 93, 0, 0.79884, 

147, 94, 0, 0.79884, 

147, 95, 0, 0.79884, 

147, 96, 0, 0.79884, 

147, 97, 0, 0.79884, 

147, 98, 0, 0.79884, 

147, 99, 0, 0.79884, 

147, 100, 0, 0.79884, 

147, 101, 0, 0.79884, 

147, 102, 0, 0.79884, 

147, 103, 0, 0.79884, 

147, 104, 0, 0.79884, 

147, 105, 0, 0.79884, 

147, 106, 0, 0.79884, 

147, 107, 0, 0.79884, 

147, 108, 0, 0.79884, 

147, 109, 0, 0.79884, 

147, 110, 0, 0.79884, 

147, 111, 0, 0.79884, 

147, 112, 0, 0.79884, 

147, 113, 0, 0.79884, 

147, 114, 0, 0.79884, 

147, 115, 0, 0.79884, 

147, 116, 0, 0.79884, 

147, 117, 0, 0.79884, 

147, 118, 0, 0.79884, 

147, 119, 0, 0.79884, 

148, 0, 0, 0.767917, 

148, 1, 0, 0.767917, 

148, 2, 0, 0.767917, 

148, 3, 0, 0.767917, 

148, 4, 0, 0.767917, 

148, 5, 0, 0.767917, 

148, 6, 0, 0.767917, 

148, 7, 0, 0.767917, 

148, 8, 0, 0.767917, 

148, 9, 0, 0.767917, 

148, 10, 0, 0.767917, 

148, 11, 0, 0.767917, 

148, 12, 0, 0.767917, 

148, 13, 0, 0.767917, 

148, 14, 0, 0.767917, 

148, 15, 0, 0.767917, 

148, 16, 0, 0.767917, 

148, 17, 0, 0.767917, 

148, 18, 0, 0.767917, 

148, 19, 0, 0.767917, 

148, 20, 0, 0.767917, 

148, 21, 0, 0.767917, 

148, 22, 0, 0.767917, 

148, 23, 0, 0.767917, 

148, 24, 0, 0.767917, 

148, 25, 0, 0.767917, 

148, 26, 0, 0.767917, 

148, 27, 0, 0.767917, 

148, 28, 0, 0.767917, 

148, 29, 0, 0.767917, 

148, 30, 0, 0.767917, 

148, 31, 0, 0.767917, 

148, 32, 0, 0.767917, 

148, 33, 0, 0.767917, 

148, 34, 0, 0.767917, 

148, 35, 0, 0.767917, 

148, 36, 0, 0.767917, 

148, 37, 0, 0.767917, 

148, 38, 0, 0.767917, 

148, 39, 0, 0.767917, 

148, 40, 0, 0.767917, 

148, 41, 0, 0.767917, 

148, 42, 0, 0.767917, 

148, 43, 0, 0.767917, 

148, 44, 0, 0.767917, 

148, 45, 0, 0.767917, 

148, 46, 0, 0.767917, 

148, 47, 0, 0.767917, 

148, 48, 0, 0.767917, 

148, 49, 0, 0.767917, 

148, 50, 0, 0.767917, 

148, 51, 0, 0.767917, 

148, 52, 0, 0.767917, 

148, 53, 0, 0.767917, 

148, 54, 0, 0.767917, 

148, 55, 0, 0.767917, 

148, 56, 0, 0.767917, 

148, 57, 0, 0.767917, 

148, 58, 0, 0.767917, 

148, 59, 0, 0.767917, 

148, 60, 0, 0.767917, 

148, 61, 0, 0.767917, 

148, 62, 0, 0.767917, 

148, 63, 0, 0.767917, 

148, 64, 0, 0.767917, 

148, 65, 0, 0.767917, 

148, 66, 0, 0.767917, 

148, 67, 0, 0.767917, 

148, 68, 0, 0.767917, 

148, 69, 0, 0.767917, 

148, 70, 0, 0.767917, 

148, 71, 0, 0.767917, 

148, 72, 0, 0.767917, 

148, 73, 0, 0.767917, 

148, 74, 0, 0.767917, 

148, 75, 0, 0.767917, 

148, 76, 0, 0.767917, 

148, 77, 0, 0.767917, 

148, 78, 0, 0.767917, 

148, 79, 0, 0.767917, 

148, 80, 0, 0.767917, 

148, 81, 0, 0.767917, 

148, 82, 0, 0.767917, 

148, 83, 0, 0.767917, 

148, 84, 0, 0.767917, 

148, 85, 0, 0.767917, 

148, 86, 0, 0.767917, 

148, 87, 0, 0.767917, 

148, 88, 0, 0.767917, 

148, 89, 0, 0.767917, 

148, 90, 0, 0.767917, 

148, 91, 0, 0.767917, 

148, 92, 0, 0.767917, 

148, 93, 0, 0.767917, 

148, 94, 0, 0.767917, 

148, 95, 0, 0.767917, 

148, 96, 0, 0.767917, 

148, 97, 0, 0.767917, 

148, 98, 0, 0.767917, 

148, 99, 0, 0.767917, 

148, 100, 0, 0.767917, 

148, 101, 0, 0.767917, 

148, 102, 0, 0.767917, 

148, 103, 0, 0.767917, 

148, 104, 0, 0.767917, 

148, 105, 0, 0.767917, 

148, 106, 0, 0.767917, 

148, 107, 0, 0.767917, 

148, 108, 0, 0.767917, 

148, 109, 0, 0.767917, 

148, 110, 0, 0.767917, 

148, 111, 0, 0.767917, 

148, 112, 0, 0.767917, 

148, 113, 0, 0.767917, 

148, 114, 0, 0.767917, 

148, 115, 0, 0.767917, 

148, 116, 0, 0.767917, 

148, 117, 0, 0.767917, 

148, 118, 0, 0.767917, 

148, 119, 0, 0.767917, 

149, 0, 0, 0.733656, 

149, 1, 0, 0.733656, 

149, 2, 0, 0.733656, 

149, 3, 0, 0.733656, 

149, 4, 0, 0.733656, 

149, 5, 0, 0.733656, 

149, 6, 0, 0.733656, 

149, 7, 0, 0.733656, 

149, 8, 0, 0.733656, 

149, 9, 0, 0.733656, 

149, 10, 0, 0.733656, 

149, 11, 0, 0.733656, 

149, 12, 0, 0.733656, 

149, 13, 0, 0.733656, 

149, 14, 0, 0.733656, 

149, 15, 0, 0.733656, 

149, 16, 0, 0.733656, 

149, 17, 0, 0.733656, 

149, 18, 0, 0.733656, 

149, 19, 0, 0.733656, 

149, 20, 0, 0.733656, 

149, 21, 0, 0.733656, 

149, 22, 0, 0.733656, 

149, 23, 0, 0.733656, 

149, 24, 0, 0.733656, 

149, 25, 0, 0.733656, 

149, 26, 0, 0.733656, 

149, 27, 0, 0.733656, 

149, 28, 0, 0.733656, 

149, 29, 0, 0.733656, 

149, 30, 0, 0.733656, 

149, 31, 0, 0.733656, 

149, 32, 0, 0.733656, 

149, 33, 0, 0.733656, 

149, 34, 0, 0.733656, 

149, 35, 0, 0.733656, 

149, 36, 0, 0.733656, 

149, 37, 0, 0.733656, 

149, 38, 0, 0.733656, 

149, 39, 0, 0.733656, 

149, 40, 0, 0.733656, 

149, 41, 0, 0.733656, 

149, 42, 0, 0.733656, 

149, 43, 0, 0.733656, 

149, 44, 0, 0.733656, 

149, 45, 0, 0.733656, 

149, 46, 0, 0.733656, 

149, 47, 0, 0.733656, 

149, 48, 0, 0.733656, 

149, 49, 0, 0.733656, 

149, 50, 0, 0.733656, 

149, 51, 0, 0.733656, 

149, 52, 0, 0.733656, 

149, 53, 0, 0.733656, 

149, 54, 0, 0.733656, 

149, 55, 0, 0.733656, 

149, 56, 0, 0.733656, 

149, 57, 0, 0.733656, 

149, 58, 0, 0.733656, 

149, 59, 0, 0.733656, 

149, 60, 0, 0.733656, 

149, 61, 0, 0.733656, 

149, 62, 0, 0.733656, 

149, 63, 0, 0.733656, 

149, 64, 0, 0.733656, 

149, 65, 0, 0.733656, 

149, 66, 0, 0.733656, 

149, 67, 0, 0.733656, 

149, 68, 0, 0.733656, 

149, 69, 0, 0.733656, 

149, 70, 0, 0.733656, 

149, 71, 0, 0.733656, 

149, 72, 0, 0.733656, 

149, 73, 0, 0.733656, 

149, 74, 0, 0.733656, 

149, 75, 0, 0.733656, 

149, 76, 0, 0.733656, 

149, 77, 0, 0.733656, 

149, 78, 0, 0.733656, 

149, 79, 0, 0.733656, 

149, 80, 0, 0.733656, 

149, 81, 0, 0.733656, 

149, 82, 0, 0.733656, 

149, 83, 0, 0.733656, 

149, 84, 0, 0.733656, 

149, 85, 0, 0.733656, 

149, 86, 0, 0.733656, 

149, 87, 0, 0.733656, 

149, 88, 0, 0.733656, 

149, 89, 0, 0.733656, 

149, 90, 0, 0.733656, 

149, 91, 0, 0.733656, 

149, 92, 0, 0.733656, 

149, 93, 0, 0.733656, 

149, 94, 0, 0.733656, 

149, 95, 0, 0.733656, 

149, 96, 0, 0.733656, 

149, 97, 0, 0.733656, 

149, 98, 0, 0.733656, 

149, 99, 0, 0.733656, 

149, 100, 0, 0.733656, 

149, 101, 0, 0.733656, 

149, 102, 0, 0.733656, 

149, 103, 0, 0.733656, 

149, 104, 0, 0.733656, 

149, 105, 0, 0.733656, 

149, 106, 0, 0.733656, 

149, 107, 0, 0.733656, 

149, 108, 0, 0.733656, 

149, 109, 0, 0.733656, 

149, 110, 0, 0.733656, 

149, 111, 0, 0.733656, 

149, 112, 0, 0.733656, 

149, 113, 0, 0.733656, 

149, 114, 0, 0.733656, 

149, 115, 0, 0.733656, 

149, 116, 0, 0.733656, 

149, 117, 0, 0.733656, 

149, 118, 0, 0.733656, 

149, 119, 0, 0.733656, 

151.158, 0, 0, 0.682091, 

151.158, 1, 0, 0.682091, 

151.158, 2, 0, 0.682091, 

151.158, 3, 0, 0.682091, 

151.158, 4, 0, 0.682091, 

151.158, 5, 0, 0.682091, 

151.158, 6, 0, 0.682091, 

151.158, 7, 0, 0.682091, 

151.158, 8, 0, 0.682091, 

151.158, 9, 0, 0.682091, 

151.158, 10, 0, 0.682091, 

151.158, 11, 0, 0.682091, 

151.158, 12, 0, 0.682091, 

151.158, 13, 0, 0.682091, 

151.158, 14, 0, 0.682091, 

151.158, 15, 0, 0.682091, 

151.158, 16, 0, 0.682091, 

151.158, 17, 0, 0.682091, 

151.158, 18, 0, 0.682091, 

151.158, 19, 0, 0.682091, 

151.158, 20, 0, 0.682091, 

151.158, 21, 0, 0.682091, 

151.158, 22, 0, 0.682091, 

151.158, 23, 0, 0.682091, 

151.158, 24, 0, 0.682091, 

151.158, 25, 0, 0.682091, 

151.158, 26, 0, 0.682091, 

151.158, 27, 0, 0.682091, 

151.158, 28, 0, 0.682091, 

151.158, 29, 0, 0.682091, 

151.158, 30, 0, 0.682091, 

151.158, 31, 0, 0.682091, 

151.158, 32, 0, 0.682091, 

151.158, 33, 0, 0.682091, 

151.158, 34, 0, 0.682091, 

151.158, 35, 0, 0.682091, 

151.158, 36, 0, 0.682091, 

151.158, 37, 0, 0.682091, 

151.158, 38, 0, 0.682091, 

151.158, 39, 0, 0.682091, 

151.158, 40, 0, 0.682091, 

151.158, 41, 0, 0.682091, 

151.158, 42, 0, 0.682091, 

151.158, 43, 0, 0.682091, 

151.158, 44, 0, 0.682091, 

151.158, 45, 0, 0.682091, 

151.158, 46, 0, 0.682091, 

151.158, 47, 0, 0.682091, 

151.158, 48, 0, 0.682091, 

151.158, 49, 0, 0.682091, 

151.158, 50, 0, 0.682091, 

151.158, 51, 0, 0.682091, 

151.158, 52, 0, 0.682091, 

151.158, 53, 0, 0.682091, 

151.158, 54, 0, 0.682091, 

151.158, 55, 0, 0.682091, 

151.158, 56, 0, 0.682091, 

151.158, 57, 0, 0.682091, 

151.158, 58, 0, 0.682091, 

151.158, 59, 0, 0.682091, 

151.158, 60, 0, 0.682091, 

151.158, 61, 0, 0.682091, 

151.158, 62, 0, 0.682091, 

151.158, 63, 0, 0.682091, 

151.158, 64, 0, 0.682091, 

151.158, 65, 0, 0.682091, 

151.158, 66, 0, 0.682091, 

151.158, 67, 0, 0.682091, 

151.158, 68, 0, 0.682091, 

151.158, 69, 0, 0.682091, 

151.158, 70, 0, 0.682091, 

151.158, 71, 0, 0.682091, 

151.158, 72, 0, 0.682091, 

151.158, 73, 0, 0.682091, 

151.158, 74, 0, 0.682091, 

151.158, 75, 0, 0.682091, 

151.158, 76, 0, 0.682091, 

151.158, 77, 0, 0.682091, 

151.158, 78, 0, 0.682091, 

151.158, 79, 0, 0.682091, 

151.158, 80, 0, 0.682091, 

151.158, 81, 0, 0.682091, 

151.158, 82, 0, 0.682091, 

151.158, 83, 0, 0.682091, 

151.158, 84, 0, 0.682091, 

151.158, 85, 0, 0.682091, 

151.158, 86, 0, 0.682091, 

151.158, 87, 0, 0.682091, 

151.158, 88, 0, 0.682091, 

151.158, 89, 0, 0.682091, 

151.158, 90, 0, 0.682091, 

151.158, 91, 0, 0.682091, 

151.158, 92, 0, 0.682091, 

151.158, 93, 0, 0.682091, 

151.158, 94, 0, 0.682091, 

151.158, 95, 0, 0.682091, 

151.158, 96, 0, 0.682091, 

151.158, 97, 0, 0.682091, 

151.158, 98, 0, 0.682091, 

151.158, 99, 0, 0.682091, 

151.158, 100, 0, 0.682091, 

151.158, 101, 0, 0.682091, 

151.158, 102, 0, 0.682091, 

151.158, 103, 0, 0.682091, 

151.158, 104, 0, 0.682091, 

151.158, 105, 0, 0.682091, 

151.158, 106, 0, 0.682091, 

151.158, 107, 0, 0.682091, 

151.158, 108, 0, 0.682091, 

151.158, 109, 0, 0.682091, 

151.158, 110, 0, 0.682091, 

151.158, 111, 0, 0.682091, 

151.158, 112, 0, 0.682091, 

151.158, 113, 0, 0.682091, 

151.158, 114, 0, 0.682091, 

151.158, 115, 0, 0.682091, 

151.158, 116, 0, 0.682091, 

151.158, 117, 0, 0.682091, 

151.158, 118, 0, 0.682091, 

151.158, 119, 0, 0.682091, 

153.316, 0, 0, 0.623618, 

153.316, 1, 0, 0.623618, 

153.316, 2, 0, 0.623618, 

153.316, 3, 0, 0.623618, 

153.316, 4, 0, 0.623618, 

153.316, 5, 0, 0.623618, 

153.316, 6, 0, 0.623618, 

153.316, 7, 0, 0.623618, 

153.316, 8, 0, 0.623618, 

153.316, 9, 0, 0.623618, 

153.316, 10, 0, 0.623618, 

153.316, 11, 0, 0.623618, 

153.316, 12, 0, 0.623618, 

153.316, 13, 0, 0.623618, 

153.316, 14, 0, 0.623618, 

153.316, 15, 0, 0.623618, 

153.316, 16, 0, 0.623618, 

153.316, 17, 0, 0.623618, 

153.316, 18, 0, 0.623618, 

153.316, 19, 0, 0.623618, 

153.316, 20, 0, 0.623618, 

153.316, 21, 0, 0.623618, 

153.316, 22, 0, 0.623618, 

153.316, 23, 0, 0.623618, 

153.316, 24, 0, 0.623618, 

153.316, 25, 0, 0.623618, 

153.316, 26, 0, 0.623618, 

153.316, 27, 0, 0.623618, 

153.316, 28, 0, 0.623618, 

153.316, 29, 0, 0.623618, 

153.316, 30, 0, 0.623618, 

153.316, 31, 0, 0.623618, 

153.316, 32, 0, 0.623618, 

153.316, 33, 0, 0.623618, 

153.316, 34, 0, 0.623618, 

153.316, 35, 0, 0.623618, 

153.316, 36, 0, 0.623618, 

153.316, 37, 0, 0.623618, 

153.316, 38, 0, 0.623618, 

153.316, 39, 0, 0.623618, 

153.316, 40, 0, 0.623618, 

153.316, 41, 0, 0.623618, 

153.316, 42, 0, 0.623618, 

153.316, 43, 0, 0.623618, 

153.316, 44, 0, 0.623618, 

153.316, 45, 0, 0.623618, 

153.316, 46, 0, 0.623618, 

153.316, 47, 0, 0.623618, 

153.316, 48, 0, 0.623618, 

153.316, 49, 0, 0.623618, 

153.316, 50, 0, 0.623618, 

153.316, 51, 0, 0.623618, 

153.316, 52, 0, 0.623618, 

153.316, 53, 0, 0.623618, 

153.316, 54, 0, 0.623618, 

153.316, 55, 0, 0.623618, 

153.316, 56, 0, 0.623618, 

153.316, 57, 0, 0.623618, 

153.316, 58, 0, 0.623618, 

153.316, 59, 0, 0.623618, 

153.316, 60, 0, 0.623618, 

153.316, 61, 0, 0.623618, 

153.316, 62, 0, 0.623618, 

153.316, 63, 0, 0.623618, 

153.316, 64, 0, 0.623618, 

153.316, 65, 0, 0.623618, 

153.316, 66, 0, 0.623618, 

153.316, 67, 0, 0.623618, 

153.316, 68, 0, 0.623618, 

153.316, 69, 0, 0.623618, 

153.316, 70, 0, 0.623618, 

153.316, 71, 0, 0.623618, 

153.316, 72, 0, 0.623618, 

153.316, 73, 0, 0.623618, 

153.316, 74, 0, 0.623618, 

153.316, 75, 0, 0.623618, 

153.316, 76, 0, 0.623618, 

153.316, 77, 0, 0.623618, 

153.316, 78, 0, 0.623618, 

153.316, 79, 0, 0.623618, 

153.316, 80, 0, 0.623618, 

153.316, 81, 0, 0.623618, 

153.316, 82, 0, 0.623618, 

153.316, 83, 0, 0.623618, 

153.316, 84, 0, 0.623618, 

153.316, 85, 0, 0.623618, 

153.316, 86, 0, 0.623618, 

153.316, 87, 0, 0.623618, 

153.316, 88, 0, 0.623618, 

153.316, 89, 0, 0.623618, 

153.316, 90, 0, 0.623618, 

153.316, 91, 0, 0.623618, 

153.316, 92, 0, 0.623618, 

153.316, 93, 0, 0.623618, 

153.316, 94, 0, 0.623618, 

153.316, 95, 0, 0.623618, 

153.316, 96, 0, 0.623618, 

153.316, 97, 0, 0.623618, 

153.316, 98, 0, 0.623618, 

153.316, 99, 0, 0.623618, 

153.316, 100, 0, 0.623618, 

153.316, 101, 0, 0.623618, 

153.316, 102, 0, 0.623618, 

153.316, 103, 0, 0.623618, 

153.316, 104, 0, 0.623618, 

153.316, 105, 0, 0.623618, 

153.316, 106, 0, 0.623618, 

153.316, 107, 0, 0.623618, 

153.316, 108, 0, 0.623618, 

153.316, 109, 0, 0.623618, 

153.316, 110, 0, 0.623618, 

153.316, 111, 0, 0.623618, 

153.316, 112, 0, 0.623618, 

153.316, 113, 0, 0.623618, 

153.316, 114, 0, 0.623618, 

153.316, 115, 0, 0.623618, 

153.316, 116, 0, 0.623618, 

153.316, 117, 0, 0.623618, 

153.316, 118, 0, 0.623618, 

153.316, 119, 0, 0.623618, 

155.473, 0, 0, 0.581131, 

155.473, 1, 0, 0.581131, 

155.473, 2, 0, 0.581131, 

155.473, 3, 0, 0.581131, 

155.473, 4, 0, 0.581131, 

155.473, 5, 0, 0.581131, 

155.473, 6, 0, 0.581131, 

155.473, 7, 0, 0.581131, 

155.473, 8, 0, 0.581131, 

155.473, 9, 0, 0.581131, 

155.473, 10, 0, 0.581131, 

155.473, 11, 0, 0.581131, 

155.473, 12, 0, 0.581131, 

155.473, 13, 0, 0.581131, 

155.473, 14, 0, 0.581131, 

155.473, 15, 0, 0.581131, 

155.473, 16, 0, 0.581131, 

155.473, 17, 0, 0.581131, 

155.473, 18, 0, 0.581131, 

155.473, 19, 0, 0.581131, 

155.473, 20, 0, 0.581131, 

155.473, 21, 0, 0.581131, 

155.473, 22, 0, 0.581131, 

155.473, 23, 0, 0.581131, 

155.473, 24, 0, 0.581131, 

155.473, 25, 0, 0.581131, 

155.473, 26, 0, 0.581131, 

155.473, 27, 0, 0.581131, 

155.473, 28, 0, 0.581131, 

155.473, 29, 0, 0.581131, 

155.473, 30, 0, 0.581131, 

155.473, 31, 0, 0.581131, 

155.473, 32, 0, 0.581131, 

155.473, 33, 0, 0.581131, 

155.473, 34, 0, 0.581131, 

155.473, 35, 0, 0.581131, 

155.473, 36, 0, 0.581131, 

155.473, 37, 0, 0.581131, 

155.473, 38, 0, 0.581131, 

155.473, 39, 0, 0.581131, 

155.473, 40, 0, 0.581131, 

155.473, 41, 0, 0.581131, 

155.473, 42, 0, 0.581131, 

155.473, 43, 0, 0.581131, 

155.473, 44, 0, 0.581131, 

155.473, 45, 0, 0.581131, 

155.473, 46, 0, 0.581131, 

155.473, 47, 0, 0.581131, 

155.473, 48, 0, 0.581131, 

155.473, 49, 0, 0.581131, 

155.473, 50, 0, 0.581131, 

155.473, 51, 0, 0.581131, 

155.473, 52, 0, 0.581131, 

155.473, 53, 0, 0.581131, 

155.473, 54, 0, 0.581131, 

155.473, 55, 0, 0.581131, 

155.473, 56, 0, 0.581131, 

155.473, 57, 0, 0.581131, 

155.473, 58, 0, 0.581131, 

155.473, 59, 0, 0.581131, 

155.473, 60, 0, 0.581131, 

155.473, 61, 0, 0.581131, 

155.473, 62, 0, 0.581131, 

155.473, 63, 0, 0.581131, 

155.473, 64, 0, 0.581131, 

155.473, 65, 0, 0.581131, 

155.473, 66, 0, 0.581131, 

155.473, 67, 0, 0.581131, 

155.473, 68, 0, 0.581131, 

155.473, 69, 0, 0.581131, 

155.473, 70, 0, 0.581131, 

155.473, 71, 0, 0.581131, 

155.473, 72, 0, 0.581131, 

155.473, 73, 0, 0.581131, 

155.473, 74, 0, 0.581131, 

155.473, 75, 0, 0.581131, 

155.473, 76, 0, 0.581131, 

155.473, 77, 0, 0.581131, 

155.473, 78, 0, 0.581131, 

155.473, 79, 0, 0.581131, 

155.473, 80, 0, 0.581131, 

155.473, 81, 0, 0.581131, 

155.473, 82, 0, 0.581131, 

155.473, 83, 0, 0.581131, 

155.473, 84, 0, 0.581131, 

155.473, 85, 0, 0.581131, 

155.473, 86, 0, 0.581131, 

155.473, 87, 0, 0.581131, 

155.473, 88, 0, 0.581131, 

155.473, 89, 0, 0.581131, 

155.473, 90, 0, 0.581131, 

155.473, 91, 0, 0.581131, 

155.473, 92, 0, 0.581131, 

155.473, 93, 0, 0.581131, 

155.473, 94, 0, 0.581131, 

155.473, 95, 0, 0.581131, 

155.473, 96, 0, 0.581131, 

155.473, 97, 0, 0.581131, 

155.473, 98, 0, 0.581131, 

155.473, 99, 0, 0.581131, 

155.473, 100, 0, 0.581131, 

155.473, 101, 0, 0.581131, 

155.473, 102, 0, 0.581131, 

155.473, 103, 0, 0.581131, 

155.473, 104, 0, 0.581131, 

155.473, 105, 0, 0.581131, 

155.473, 106, 0, 0.581131, 

155.473, 107, 0, 0.581131, 

155.473, 108, 0, 0.581131, 

155.473, 109, 0, 0.581131, 

155.473, 110, 0, 0.581131, 

155.473, 111, 0, 0.581131, 

155.473, 112, 0, 0.581131, 

155.473, 113, 0, 0.581131, 

155.473, 114, 0, 0.581131, 

155.473, 115, 0, 0.581131, 

155.473, 116, 0, 0.581131, 

155.473, 117, 0, 0.581131, 

155.473, 118, 0, 0.581131, 

155.473, 119, 0, 0.581131, 

157.631, 0, 0, 0.549989, 

157.631, 1, 0, 0.549989, 

157.631, 2, 0, 0.549989, 

157.631, 3, 0, 0.549989, 

157.631, 4, 0, 0.549989, 

157.631, 5, 0, 0.549989, 

157.631, 6, 0, 0.549989, 

157.631, 7, 0, 0.549989, 

157.631, 8, 0, 0.549989, 

157.631, 9, 0, 0.549989, 

157.631, 10, 0, 0.549989, 

157.631, 11, 0, 0.549989, 

157.631, 12, 0, 0.549989, 

157.631, 13, 0, 0.549989, 

157.631, 14, 0, 0.549989, 

157.631, 15, 0, 0.549989, 

157.631, 16, 0, 0.549989, 

157.631, 17, 0, 0.549989, 

157.631, 18, 0, 0.549989, 

157.631, 19, 0, 0.549989, 

157.631, 20, 0, 0.549989, 

157.631, 21, 0, 0.549989, 

157.631, 22, 0, 0.549989, 

157.631, 23, 0, 0.549989, 

157.631, 24, 0, 0.549989, 

157.631, 25, 0, 0.549989, 

157.631, 26, 0, 0.549989, 

157.631, 27, 0, 0.549989, 

157.631, 28, 0, 0.549989, 

157.631, 29, 0, 0.549989, 

157.631, 30, 0, 0.549989, 

157.631, 31, 0, 0.549989, 

157.631, 32, 0, 0.549989, 

157.631, 33, 0, 0.549989, 

157.631, 34, 0, 0.549989, 

157.631, 35, 0, 0.549989, 

157.631, 36, 0, 0.549989, 

157.631, 37, 0, 0.549989, 

157.631, 38, 0, 0.549989, 

157.631, 39, 0, 0.549989, 

157.631, 40, 0, 0.549989, 

157.631, 41, 0, 0.549989, 

157.631, 42, 0, 0.549989, 

157.631, 43, 0, 0.549989, 

157.631, 44, 0, 0.549989, 

157.631, 45, 0, 0.549989, 

157.631, 46, 0, 0.549989, 

157.631, 47, 0, 0.549989, 

157.631, 48, 0, 0.549989, 

157.631, 49, 0, 0.549989, 

157.631, 50, 0, 0.549989, 

157.631, 51, 0, 0.549989, 

157.631, 52, 0, 0.549989, 

157.631, 53, 0, 0.549989, 

157.631, 54, 0, 0.549989, 

157.631, 55, 0, 0.549989, 

157.631, 56, 0, 0.549989, 

157.631, 57, 0, 0.549989, 

157.631, 58, 0, 0.549989, 

157.631, 59, 0, 0.549989, 

157.631, 60, 0, 0.549989, 

157.631, 61, 0, 0.549989, 

157.631, 62, 0, 0.549989, 

157.631, 63, 0, 0.549989, 

157.631, 64, 0, 0.549989, 

157.631, 65, 0, 0.549989, 

157.631, 66, 0, 0.549989, 

157.631, 67, 0, 0.549989, 

157.631, 68, 0, 0.549989, 

157.631, 69, 0, 0.549989, 

157.631, 70, 0, 0.549989, 

157.631, 71, 0, 0.549989, 

157.631, 72, 0, 0.549989, 

157.631, 73, 0, 0.549989, 

157.631, 74, 0, 0.549989, 

157.631, 75, 0, 0.549989, 

157.631, 76, 0, 0.549989, 

157.631, 77, 0, 0.549989, 

157.631, 78, 0, 0.549989, 

157.631, 79, 0, 0.549989, 

157.631, 80, 0, 0.549989, 

157.631, 81, 0, 0.549989, 

157.631, 82, 0, 0.549989, 

157.631, 83, 0, 0.549989, 

157.631, 84, 0, 0.549989, 

157.631, 85, 0, 0.549989, 

157.631, 86, 0, 0.549989, 

157.631, 87, 0, 0.549989, 

157.631, 88, 0, 0.549989, 

157.631, 89, 0, 0.549989, 

157.631, 90, 0, 0.549989, 

157.631, 91, 0, 0.549989, 

157.631, 92, 0, 0.549989, 

157.631, 93, 0, 0.549989, 

157.631, 94, 0, 0.549989, 

157.631, 95, 0, 0.549989, 

157.631, 96, 0, 0.549989, 

157.631, 97, 0, 0.549989, 

157.631, 98, 0, 0.549989, 

157.631, 99, 0, 0.549989, 

157.631, 100, 0, 0.549989, 

157.631, 101, 0, 0.549989, 

157.631, 102, 0, 0.549989, 

157.631, 103, 0, 0.549989, 

157.631, 104, 0, 0.549989, 

157.631, 105, 0, 0.549989, 

157.631, 106, 0, 0.549989, 

157.631, 107, 0, 0.549989, 

157.631, 108, 0, 0.549989, 

157.631, 109, 0, 0.549989, 

157.631, 110, 0, 0.549989, 

157.631, 111, 0, 0.549989, 

157.631, 112, 0, 0.549989, 

157.631, 113, 0, 0.549989, 

157.631, 114, 0, 0.549989, 

157.631, 115, 0, 0.549989, 

157.631, 116, 0, 0.549989, 

157.631, 117, 0, 0.549989, 

157.631, 118, 0, 0.549989, 

157.631, 119, 0, 0.549989, 

159.789, 0, 0, 0.52703, 

159.789, 1, 0, 0.52703, 

159.789, 2, 0, 0.52703, 

159.789, 3, 0, 0.52703, 

159.789, 4, 0, 0.52703, 

159.789, 5, 0, 0.52703, 

159.789, 6, 0, 0.52703, 

159.789, 7, 0, 0.52703, 

159.789, 8, 0, 0.52703, 

159.789, 9, 0, 0.52703, 

159.789, 10, 0, 0.52703, 

159.789, 11, 0, 0.52703, 

159.789, 12, 0, 0.52703, 

159.789, 13, 0, 0.52703, 

159.789, 14, 0, 0.52703, 

159.789, 15, 0, 0.52703, 

159.789, 16, 0, 0.52703, 

159.789, 17, 0, 0.52703, 

159.789, 18, 0, 0.52703, 

159.789, 19, 0, 0.52703, 

159.789, 20, 0, 0.52703, 

159.789, 21, 0, 0.52703, 

159.789, 22, 0, 0.52703, 

159.789, 23, 0, 0.52703, 

159.789, 24, 0, 0.52703, 

159.789, 25, 0, 0.52703, 

159.789, 26, 0, 0.52703, 

159.789, 27, 0, 0.52703, 

159.789, 28, 0, 0.52703, 

159.789, 29, 0, 0.52703, 

159.789, 30, 0, 0.52703, 

159.789, 31, 0, 0.52703, 

159.789, 32, 0, 0.52703, 

159.789, 33, 0, 0.52703, 

159.789, 34, 0, 0.52703, 

159.789, 35, 0, 0.52703, 

159.789, 36, 0, 0.52703, 

159.789, 37, 0, 0.52703, 

159.789, 38, 0, 0.52703, 

159.789, 39, 0, 0.52703, 

159.789, 40, 0, 0.52703, 

159.789, 41, 0, 0.52703, 

159.789, 42, 0, 0.52703, 

159.789, 43, 0, 0.52703, 

159.789, 44, 0, 0.52703, 

159.789, 45, 0, 0.52703, 

159.789, 46, 0, 0.52703, 

159.789, 47, 0, 0.52703, 

159.789, 48, 0, 0.52703, 

159.789, 49, 0, 0.52703, 

159.789, 50, 0, 0.52703, 

159.789, 51, 0, 0.52703, 

159.789, 52, 0, 0.52703, 

159.789, 53, 0, 0.52703, 

159.789, 54, 0, 0.52703, 

159.789, 55, 0, 0.52703, 

159.789, 56, 0, 0.52703, 

159.789, 57, 0, 0.52703, 

159.789, 58, 0, 0.52703, 

159.789, 59, 0, 0.52703, 

159.789, 60, 0, 0.52703, 

159.789, 61, 0, 0.52703, 

159.789, 62, 0, 0.52703, 

159.789, 63, 0, 0.52703, 

159.789, 64, 0, 0.52703, 

159.789, 65, 0, 0.52703, 

159.789, 66, 0, 0.52703, 

159.789, 67, 0, 0.52703, 

159.789, 68, 0, 0.52703, 

159.789, 69, 0, 0.52703, 

159.789, 70, 0, 0.52703, 

159.789, 71, 0, 0.52703, 

159.789, 72, 0, 0.52703, 

159.789, 73, 0, 0.52703, 

159.789, 74, 0, 0.52703, 

159.789, 75, 0, 0.52703, 

159.789, 76, 0, 0.52703, 

159.789, 77, 0, 0.52703, 

159.789, 78, 0, 0.52703, 

159.789, 79, 0, 0.52703, 

159.789, 80, 0, 0.52703, 

159.789, 81, 0, 0.52703, 

159.789, 82, 0, 0.52703, 

159.789, 83, 0, 0.52703, 

159.789, 84, 0, 0.52703, 

159.789, 85, 0, 0.52703, 

159.789, 86, 0, 0.52703, 

159.789, 87, 0, 0.52703, 

159.789, 88, 0, 0.52703, 

159.789, 89, 0, 0.52703, 

159.789, 90, 0, 0.52703, 

159.789, 91, 0, 0.52703, 

159.789, 92, 0, 0.52703, 

159.789, 93, 0, 0.52703, 

159.789, 94, 0, 0.52703, 

159.789, 95, 0, 0.52703, 

159.789, 96, 0, 0.52703, 

159.789, 97, 0, 0.52703, 

159.789, 98, 0, 0.52703, 

159.789, 99, 0, 0.52703, 

159.789, 100, 0, 0.52703, 

159.789, 101, 0, 0.52703, 

159.789, 102, 0, 0.52703, 

159.789, 103, 0, 0.52703, 

159.789, 104, 0, 0.52703, 

159.789, 105, 0, 0.52703, 

159.789, 106, 0, 0.52703, 

159.789, 107, 0, 0.52703, 

159.789, 108, 0, 0.52703, 

159.789, 109, 0, 0.52703, 

159.789, 110, 0, 0.52703, 

159.789, 111, 0, 0.52703, 

159.789, 112, 0, 0.52703, 

159.789, 113, 0, 0.52703, 

159.789, 114, 0, 0.52703, 

159.789, 115, 0, 0.52703, 

159.789, 116, 0, 0.52703, 

159.789, 117, 0, 0.52703, 

159.789, 118, 0, 0.52703, 

159.789, 119, 0, 0.52703, 

161.947, 0, 0, 0.510045, 

161.947, 1, 0, 0.510045, 

161.947, 2, 0, 0.510045, 

161.947, 3, 0, 0.510045, 

161.947, 4, 0, 0.510045, 

161.947, 5, 0, 0.510045, 

161.947, 6, 0, 0.510045, 

161.947, 7, 0, 0.510045, 

161.947, 8, 0, 0.510045, 

161.947, 9, 0, 0.510045, 

161.947, 10, 0, 0.510045, 

161.947, 11, 0, 0.510045, 

161.947, 12, 0, 0.510045, 

161.947, 13, 0, 0.510045, 

161.947, 14, 0, 0.510045, 

161.947, 15, 0, 0.510045, 

161.947, 16, 0, 0.510045, 

161.947, 17, 0, 0.510045, 

161.947, 18, 0, 0.510045, 

161.947, 19, 0, 0.510045, 

161.947, 20, 0, 0.510045, 

161.947, 21, 0, 0.510045, 

161.947, 22, 0, 0.510045, 

161.947, 23, 0, 0.510045, 

161.947, 24, 0, 0.510045, 

161.947, 25, 0, 0.510045, 

161.947, 26, 0, 0.510045, 

161.947, 27, 0, 0.510045, 

161.947, 28, 0, 0.510045, 

161.947, 29, 0, 0.510045, 

161.947, 30, 0, 0.510045, 

161.947, 31, 0, 0.510045, 

161.947, 32, 0, 0.510045, 

161.947, 33, 0, 0.510045, 

161.947, 34, 0, 0.510045, 

161.947, 35, 0, 0.510045, 

161.947, 36, 0, 0.510045, 

161.947, 37, 0, 0.510045, 

161.947, 38, 0, 0.510045, 

161.947, 39, 0, 0.510045, 

161.947, 40, 0, 0.510045, 

161.947, 41, 0, 0.510045, 

161.947, 42, 0, 0.510045, 

161.947, 43, 0, 0.510045, 

161.947, 44, 0, 0.510045, 

161.947, 45, 0, 0.510045, 

161.947, 46, 0, 0.510045, 

161.947, 47, 0, 0.510045, 

161.947, 48, 0, 0.510045, 

161.947, 49, 0, 0.510045, 

161.947, 50, 0, 0.510045, 

161.947, 51, 0, 0.510045, 

161.947, 52, 0, 0.510045, 

161.947, 53, 0, 0.510045, 

161.947, 54, 0, 0.510045, 

161.947, 55, 0, 0.510045, 

161.947, 56, 0, 0.510045, 

161.947, 57, 0, 0.510045, 

161.947, 58, 0, 0.510045, 

161.947, 59, 0, 0.510045, 

161.947, 60, 0, 0.510045, 

161.947, 61, 0, 0.510045, 

161.947, 62, 0, 0.510045, 

161.947, 63, 0, 0.510045, 

161.947, 64, 0, 0.510045, 

161.947, 65, 0, 0.510045, 

161.947, 66, 0, 0.510045, 

161.947, 67, 0, 0.510045, 

161.947, 68, 0, 0.510045, 

161.947, 69, 0, 0.510045, 

161.947, 70, 0, 0.510045, 

161.947, 71, 0, 0.510045, 

161.947, 72, 0, 0.510045, 

161.947, 73, 0, 0.510045, 

161.947, 74, 0, 0.510045, 

161.947, 75, 0, 0.510045, 

161.947, 76, 0, 0.510045, 

161.947, 77, 0, 0.510045, 

161.947, 78, 0, 0.510045, 

161.947, 79, 0, 0.510045, 

161.947, 80, 0, 0.510045, 

161.947, 81, 0, 0.510045, 

161.947, 82, 0, 0.510045, 

161.947, 83, 0, 0.510045, 

161.947, 84, 0, 0.510045, 

161.947, 85, 0, 0.510045, 

161.947, 86, 0, 0.510045, 

161.947, 87, 0, 0.510045, 

161.947, 88, 0, 0.510045, 

161.947, 89, 0, 0.510045, 

161.947, 90, 0, 0.510045, 

161.947, 91, 0, 0.510045, 

161.947, 92, 0, 0.510045, 

161.947, 93, 0, 0.510045, 

161.947, 94, 0, 0.510045, 

161.947, 95, 0, 0.510045, 

161.947, 96, 0, 0.510045, 

161.947, 97, 0, 0.510045, 

161.947, 98, 0, 0.510045, 

161.947, 99, 0, 0.510045, 

161.947, 100, 0, 0.510045, 

161.947, 101, 0, 0.510045, 

161.947, 102, 0, 0.510045, 

161.947, 103, 0, 0.510045, 

161.947, 104, 0, 0.510045, 

161.947, 105, 0, 0.510045, 

161.947, 106, 0, 0.510045, 

161.947, 107, 0, 0.510045, 

161.947, 108, 0, 0.510045, 

161.947, 109, 0, 0.510045, 

161.947, 110, 0, 0.510045, 

161.947, 111, 0, 0.510045, 

161.947, 112, 0, 0.510045, 

161.947, 113, 0, 0.510045, 

161.947, 114, 0, 0.510045, 

161.947, 115, 0, 0.510045, 

161.947, 116, 0, 0.510045, 

161.947, 117, 0, 0.510045, 

161.947, 118, 0, 0.510045, 

161.947, 119, 0, 0.510045, 

164.105, 0, 0, 0.497467, 

164.105, 1, 0, 0.497467, 

164.105, 2, 0, 0.497467, 

164.105, 3, 0, 0.497467, 

164.105, 4, 0, 0.497467, 

164.105, 5, 0, 0.497467, 

164.105, 6, 0, 0.497467, 

164.105, 7, 0, 0.497467, 

164.105, 8, 0, 0.497467, 

164.105, 9, 0, 0.497467, 

164.105, 10, 0, 0.497467, 

164.105, 11, 0, 0.497467, 

164.105, 12, 0, 0.497467, 

164.105, 13, 0, 0.497467, 

164.105, 14, 0, 0.497467, 

164.105, 15, 0, 0.497467, 

164.105, 16, 0, 0.497467, 

164.105, 17, 0, 0.497467, 

164.105, 18, 0, 0.497467, 

164.105, 19, 0, 0.497467, 

164.105, 20, 0, 0.497467, 

164.105, 21, 0, 0.497467, 

164.105, 22, 0, 0.497467, 

164.105, 23, 0, 0.497467, 

164.105, 24, 0, 0.497467, 

164.105, 25, 0, 0.497467, 

164.105, 26, 0, 0.497467, 

164.105, 27, 0, 0.497467, 

164.105, 28, 0, 0.497467, 

164.105, 29, 0, 0.497467, 

164.105, 30, 0, 0.497467, 

164.105, 31, 0, 0.497467, 

164.105, 32, 0, 0.497467, 

164.105, 33, 0, 0.497467, 

164.105, 34, 0, 0.497467, 

164.105, 35, 0, 0.497467, 

164.105, 36, 0, 0.497467, 

164.105, 37, 0, 0.497467, 

164.105, 38, 0, 0.497467, 

164.105, 39, 0, 0.497467, 

164.105, 40, 0, 0.497467, 

164.105, 41, 0, 0.497467, 

164.105, 42, 0, 0.497467, 

164.105, 43, 0, 0.497467, 

164.105, 44, 0, 0.497467, 

164.105, 45, 0, 0.497467, 

164.105, 46, 0, 0.497467, 

164.105, 47, 0, 0.497467, 

164.105, 48, 0, 0.497467, 

164.105, 49, 0, 0.497467, 

164.105, 50, 0, 0.497467, 

164.105, 51, 0, 0.497467, 

164.105, 52, 0, 0.497467, 

164.105, 53, 0, 0.497467, 

164.105, 54, 0, 0.497467, 

164.105, 55, 0, 0.497467, 

164.105, 56, 0, 0.497467, 

164.105, 57, 0, 0.497467, 

164.105, 58, 0, 0.497467, 

164.105, 59, 0, 0.497467, 

164.105, 60, 0, 0.497467, 

164.105, 61, 0, 0.497467, 

164.105, 62, 0, 0.497467, 

164.105, 63, 0, 0.497467, 

164.105, 64, 0, 0.497467, 

164.105, 65, 0, 0.497467, 

164.105, 66, 0, 0.497467, 

164.105, 67, 0, 0.497467, 

164.105, 68, 0, 0.497467, 

164.105, 69, 0, 0.497467, 

164.105, 70, 0, 0.497467, 

164.105, 71, 0, 0.497467, 

164.105, 72, 0, 0.497467, 

164.105, 73, 0, 0.497467, 

164.105, 74, 0, 0.497467, 

164.105, 75, 0, 0.497467, 

164.105, 76, 0, 0.497467, 

164.105, 77, 0, 0.497467, 

164.105, 78, 0, 0.497467, 

164.105, 79, 0, 0.497467, 

164.105, 80, 0, 0.497467, 

164.105, 81, 0, 0.497467, 

164.105, 82, 0, 0.497467, 

164.105, 83, 0, 0.497467, 

164.105, 84, 0, 0.497467, 

164.105, 85, 0, 0.497467, 

164.105, 86, 0, 0.497467, 

164.105, 87, 0, 0.497467, 

164.105, 88, 0, 0.497467, 

164.105, 89, 0, 0.497467, 

164.105, 90, 0, 0.497467, 

164.105, 91, 0, 0.497467, 

164.105, 92, 0, 0.497467, 

164.105, 93, 0, 0.497467, 

164.105, 94, 0, 0.497467, 

164.105, 95, 0, 0.497467, 

164.105, 96, 0, 0.497467, 

164.105, 97, 0, 0.497467, 

164.105, 98, 0, 0.497467, 

164.105, 99, 0, 0.497467, 

164.105, 100, 0, 0.497467, 

164.105, 101, 0, 0.497467, 

164.105, 102, 0, 0.497467, 

164.105, 103, 0, 0.497467, 

164.105, 104, 0, 0.497467, 

164.105, 105, 0, 0.497467, 

164.105, 106, 0, 0.497467, 

164.105, 107, 0, 0.497467, 

164.105, 108, 0, 0.497467, 

164.105, 109, 0, 0.497467, 

164.105, 110, 0, 0.497467, 

164.105, 111, 0, 0.497467, 

164.105, 112, 0, 0.497467, 

164.105, 113, 0, 0.497467, 

164.105, 114, 0, 0.497467, 

164.105, 115, 0, 0.497467, 

164.105, 116, 0, 0.497467, 

164.105, 117, 0, 0.497467, 

164.105, 118, 0, 0.497467, 

164.105, 119, 0, 0.497467, 

166.262, 0, 0, 0.488159, 

166.262, 1, 0, 0.488159, 

166.262, 2, 0, 0.488159, 

166.262, 3, 0, 0.488159, 

166.262, 4, 0, 0.488159, 

166.262, 5, 0, 0.488159, 

166.262, 6, 0, 0.488159, 

166.262, 7, 0, 0.488159, 

166.262, 8, 0, 0.488159, 

166.262, 9, 0, 0.488159, 

166.262, 10, 0, 0.488159, 

166.262, 11, 0, 0.488159, 

166.262, 12, 0, 0.488159, 

166.262, 13, 0, 0.488159, 

166.262, 14, 0, 0.488159, 

166.262, 15, 0, 0.488159, 

166.262, 16, 0, 0.488159, 

166.262, 17, 0, 0.488159, 

166.262, 18, 0, 0.488159, 

166.262, 19, 0, 0.488159, 

166.262, 20, 0, 0.488159, 

166.262, 21, 0, 0.488159, 

166.262, 22, 0, 0.488159, 

166.262, 23, 0, 0.488159, 

166.262, 24, 0, 0.488159, 

166.262, 25, 0, 0.488159, 

166.262, 26, 0, 0.488159, 

166.262, 27, 0, 0.488159, 

166.262, 28, 0, 0.488159, 

166.262, 29, 0, 0.488159, 

166.262, 30, 0, 0.488159, 

166.262, 31, 0, 0.488159, 

166.262, 32, 0, 0.488159, 

166.262, 33, 0, 0.488159, 

166.262, 34, 0, 0.488159, 

166.262, 35, 0, 0.488159, 

166.262, 36, 0, 0.488159, 

166.262, 37, 0, 0.488159, 

166.262, 38, 0, 0.488159, 

166.262, 39, 0, 0.488159, 

166.262, 40, 0, 0.488159, 

166.262, 41, 0, 0.488159, 

166.262, 42, 0, 0.488159, 

166.262, 43, 0, 0.488159, 

166.262, 44, 0, 0.488159, 

166.262, 45, 0, 0.488159, 

166.262, 46, 0, 0.488159, 

166.262, 47, 0, 0.488159, 

166.262, 48, 0, 0.488159, 

166.262, 49, 0, 0.488159, 

166.262, 50, 0, 0.488159, 

166.262, 51, 0, 0.488159, 

166.262, 52, 0, 0.488159, 

166.262, 53, 0, 0.488159, 

166.262, 54, 0, 0.488159, 

166.262, 55, 0, 0.488159, 

166.262, 56, 0, 0.488159, 

166.262, 57, 0, 0.488159, 

166.262, 58, 0, 0.488159, 

166.262, 59, 0, 0.488159, 

166.262, 60, 0, 0.488159, 

166.262, 61, 0, 0.488159, 

166.262, 62, 0, 0.488159, 

166.262, 63, 0, 0.488159, 

166.262, 64, 0, 0.488159, 

166.262, 65, 0, 0.488159, 

166.262, 66, 0, 0.488159, 

166.262, 67, 0, 0.488159, 

166.262, 68, 0, 0.488159, 

166.262, 69, 0, 0.488159, 

166.262, 70, 0, 0.488159, 

166.262, 71, 0, 0.488159, 

166.262, 72, 0, 0.488159, 

166.262, 73, 0, 0.488159, 

166.262, 74, 0, 0.488159, 

166.262, 75, 0, 0.488159, 

166.262, 76, 0, 0.488159, 

166.262, 77, 0, 0.488159, 

166.262, 78, 0, 0.488159, 

166.262, 79, 0, 0.488159, 

166.262, 80, 0, 0.488159, 

166.262, 81, 0, 0.488159, 

166.262, 82, 0, 0.488159, 

166.262, 83, 0, 0.488159, 

166.262, 84, 0, 0.488159, 

166.262, 85, 0, 0.488159, 

166.262, 86, 0, 0.488159, 

166.262, 87, 0, 0.488159, 

166.262, 88, 0, 0.488159, 

166.262, 89, 0, 0.488159, 

166.262, 90, 0, 0.488159, 

166.262, 91, 0, 0.488159, 

166.262, 92, 0, 0.488159, 

166.262, 93, 0, 0.488159, 

166.262, 94, 0, 0.488159, 

166.262, 95, 0, 0.488159, 

166.262, 96, 0, 0.488159, 

166.262, 97, 0, 0.488159, 

166.262, 98, 0, 0.488159, 

166.262, 99, 0, 0.488159, 

166.262, 100, 0, 0.488159, 

166.262, 101, 0, 0.488159, 

166.262, 102, 0, 0.488159, 

166.262, 103, 0, 0.488159, 

166.262, 104, 0, 0.488159, 

166.262, 105, 0, 0.488159, 

166.262, 106, 0, 0.488159, 

166.262, 107, 0, 0.488159, 

166.262, 108, 0, 0.488159, 

166.262, 109, 0, 0.488159, 

166.262, 110, 0, 0.488159, 

166.262, 111, 0, 0.488159, 

166.262, 112, 0, 0.488159, 

166.262, 113, 0, 0.488159, 

166.262, 114, 0, 0.488159, 

166.262, 115, 0, 0.488159, 

166.262, 116, 0, 0.488159, 

166.262, 117, 0, 0.488159, 

166.262, 118, 0, 0.488159, 

166.262, 119, 0, 0.488159, 

168.42, 0, 0, 0.481288, 

168.42, 1, 0, 0.481288, 

168.42, 2, 0, 0.481288, 

168.42, 3, 0, 0.481288, 

168.42, 4, 0, 0.481288, 

168.42, 5, 0, 0.481288, 

168.42, 6, 0, 0.481288, 

168.42, 7, 0, 0.481288, 

168.42, 8, 0, 0.481288, 

168.42, 9, 0, 0.481288, 

168.42, 10, 0, 0.481288, 

168.42, 11, 0, 0.481288, 

168.42, 12, 0, 0.481288, 

168.42, 13, 0, 0.481288, 

168.42, 14, 0, 0.481288, 

168.42, 15, 0, 0.481288, 

168.42, 16, 0, 0.481288, 

168.42, 17, 0, 0.481288, 

168.42, 18, 0, 0.481288, 

168.42, 19, 0, 0.481288, 

168.42, 20, 0, 0.481288, 

168.42, 21, 0, 0.481288, 

168.42, 22, 0, 0.481288, 

168.42, 23, 0, 0.481288, 

168.42, 24, 0, 0.481288, 

168.42, 25, 0, 0.481288, 

168.42, 26, 0, 0.481288, 

168.42, 27, 0, 0.481288, 

168.42, 28, 0, 0.481288, 

168.42, 29, 0, 0.481288, 

168.42, 30, 0, 0.481288, 

168.42, 31, 0, 0.481288, 

168.42, 32, 0, 0.481288, 

168.42, 33, 0, 0.481288, 

168.42, 34, 0, 0.481288, 

168.42, 35, 0, 0.481288, 

168.42, 36, 0, 0.481288, 

168.42, 37, 0, 0.481288, 

168.42, 38, 0, 0.481288, 

168.42, 39, 0, 0.481288, 

168.42, 40, 0, 0.481288, 

168.42, 41, 0, 0.481288, 

168.42, 42, 0, 0.481288, 

168.42, 43, 0, 0.481288, 

168.42, 44, 0, 0.481288, 

168.42, 45, 0, 0.481288, 

168.42, 46, 0, 0.481288, 

168.42, 47, 0, 0.481288, 

168.42, 48, 0, 0.481288, 

168.42, 49, 0, 0.481288, 

168.42, 50, 0, 0.481288, 

168.42, 51, 0, 0.481288, 

168.42, 52, 0, 0.481288, 

168.42, 53, 0, 0.481288, 

168.42, 54, 0, 0.481288, 

168.42, 55, 0, 0.481288, 

168.42, 56, 0, 0.481288, 

168.42, 57, 0, 0.481288, 

168.42, 58, 0, 0.481288, 

168.42, 59, 0, 0.481288, 

168.42, 60, 0, 0.481288, 

168.42, 61, 0, 0.481288, 

168.42, 62, 0, 0.481288, 

168.42, 63, 0, 0.481288, 

168.42, 64, 0, 0.481288, 

168.42, 65, 0, 0.481288, 

168.42, 66, 0, 0.481288, 

168.42, 67, 0, 0.481288, 

168.42, 68, 0, 0.481288, 

168.42, 69, 0, 0.481288, 

168.42, 70, 0, 0.481288, 

168.42, 71, 0, 0.481288, 

168.42, 72, 0, 0.481288, 

168.42, 73, 0, 0.481288, 

168.42, 74, 0, 0.481288, 

168.42, 75, 0, 0.481288, 

168.42, 76, 0, 0.481288, 

168.42, 77, 0, 0.481288, 

168.42, 78, 0, 0.481288, 

168.42, 79, 0, 0.481288, 

168.42, 80, 0, 0.481288, 

168.42, 81, 0, 0.481288, 

168.42, 82, 0, 0.481288, 

168.42, 83, 0, 0.481288, 

168.42, 84, 0, 0.481288, 

168.42, 85, 0, 0.481288, 

168.42, 86, 0, 0.481288, 

168.42, 87, 0, 0.481288, 

168.42, 88, 0, 0.481288, 

168.42, 89, 0, 0.481288, 

168.42, 90, 0, 0.481288, 

168.42, 91, 0, 0.481288, 

168.42, 92, 0, 0.481288, 

168.42, 93, 0, 0.481288, 

168.42, 94, 0, 0.481288, 

168.42, 95, 0, 0.481288, 

168.42, 96, 0, 0.481288, 

168.42, 97, 0, 0.481288, 

168.42, 98, 0, 0.481288, 

168.42, 99, 0, 0.481288, 

168.42, 100, 0, 0.481288, 

168.42, 101, 0, 0.481288, 

168.42, 102, 0, 0.481288, 

168.42, 103, 0, 0.481288, 

168.42, 104, 0, 0.481288, 

168.42, 105, 0, 0.481288, 

168.42, 106, 0, 0.481288, 

168.42, 107, 0, 0.481288, 

168.42, 108, 0, 0.481288, 

168.42, 109, 0, 0.481288, 

168.42, 110, 0, 0.481288, 

168.42, 111, 0, 0.481288, 

168.42, 112, 0, 0.481288, 

168.42, 113, 0, 0.481288, 

168.42, 114, 0, 0.481288, 

168.42, 115, 0, 0.481288, 

168.42, 116, 0, 0.481288, 

168.42, 117, 0, 0.481288, 

168.42, 118, 0, 0.481288, 

168.42, 119, 0, 0.481288, 

170.578, 0, 0, 0.476237, 

170.578, 1, 0, 0.476237, 

170.578, 2, 0, 0.476237, 

170.578, 3, 0, 0.476237, 

170.578, 4, 0, 0.476237, 

170.578, 5, 0, 0.476237, 

170.578, 6, 0, 0.476237, 

170.578, 7, 0, 0.476237, 

170.578, 8, 0, 0.476237, 

170.578, 9, 0, 0.476237, 

170.578, 10, 0, 0.476237, 

170.578, 11, 0, 0.476237, 

170.578, 12, 0, 0.476237, 

170.578, 13, 0, 0.476237, 

170.578, 14, 0, 0.476237, 

170.578, 15, 0, 0.476237, 

170.578, 16, 0, 0.476237, 

170.578, 17, 0, 0.476237, 

170.578, 18, 0, 0.476237, 

170.578, 19, 0, 0.476237, 

170.578, 20, 0, 0.476237, 

170.578, 21, 0, 0.476237, 

170.578, 22, 0, 0.476237, 

170.578, 23, 0, 0.476237, 

170.578, 24, 0, 0.476237, 

170.578, 25, 0, 0.476237, 

170.578, 26, 0, 0.476237, 

170.578, 27, 0, 0.476237, 

170.578, 28, 0, 0.476237, 

170.578, 29, 0, 0.476237, 

170.578, 30, 0, 0.476237, 

170.578, 31, 0, 0.476237, 

170.578, 32, 0, 0.476237, 

170.578, 33, 0, 0.476237, 

170.578, 34, 0, 0.476237, 

170.578, 35, 0, 0.476237, 

170.578, 36, 0, 0.476237, 

170.578, 37, 0, 0.476237, 

170.578, 38, 0, 0.476237, 

170.578, 39, 0, 0.476237, 

170.578, 40, 0, 0.476237, 

170.578, 41, 0, 0.476237, 

170.578, 42, 0, 0.476237, 

170.578, 43, 0, 0.476237, 

170.578, 44, 0, 0.476237, 

170.578, 45, 0, 0.476237, 

170.578, 46, 0, 0.476237, 

170.578, 47, 0, 0.476237, 

170.578, 48, 0, 0.476237, 

170.578, 49, 0, 0.476237, 

170.578, 50, 0, 0.476237, 

170.578, 51, 0, 0.476237, 

170.578, 52, 0, 0.476237, 

170.578, 53, 0, 0.476237, 

170.578, 54, 0, 0.476237, 

170.578, 55, 0, 0.476237, 

170.578, 56, 0, 0.476237, 

170.578, 57, 0, 0.476237, 

170.578, 58, 0, 0.476237, 

170.578, 59, 0, 0.476237, 

170.578, 60, 0, 0.476237, 

170.578, 61, 0, 0.476237, 

170.578, 62, 0, 0.476237, 

170.578, 63, 0, 0.476237, 

170.578, 64, 0, 0.476237, 

170.578, 65, 0, 0.476237, 

170.578, 66, 0, 0.476237, 

170.578, 67, 0, 0.476237, 

170.578, 68, 0, 0.476237, 

170.578, 69, 0, 0.476237, 

170.578, 70, 0, 0.476237, 

170.578, 71, 0, 0.476237, 

170.578, 72, 0, 0.476237, 

170.578, 73, 0, 0.476237, 

170.578, 74, 0, 0.476237, 

170.578, 75, 0, 0.476237, 

170.578, 76, 0, 0.476237, 

170.578, 77, 0, 0.476237, 

170.578, 78, 0, 0.476237, 

170.578, 79, 0, 0.476237, 

170.578, 80, 0, 0.476237, 

170.578, 81, 0, 0.476237, 

170.578, 82, 0, 0.476237, 

170.578, 83, 0, 0.476237, 

170.578, 84, 0, 0.476237, 

170.578, 85, 0, 0.476237, 

170.578, 86, 0, 0.476237, 

170.578, 87, 0, 0.476237, 

170.578, 88, 0, 0.476237, 

170.578, 89, 0, 0.476237, 

170.578, 90, 0, 0.476237, 

170.578, 91, 0, 0.476237, 

170.578, 92, 0, 0.476237, 

170.578, 93, 0, 0.476237, 

170.578, 94, 0, 0.476237, 

170.578, 95, 0, 0.476237, 

170.578, 96, 0, 0.476237, 

170.578, 97, 0, 0.476237, 

170.578, 98, 0, 0.476237, 

170.578, 99, 0, 0.476237, 

170.578, 100, 0, 0.476237, 

170.578, 101, 0, 0.476237, 

170.578, 102, 0, 0.476237, 

170.578, 103, 0, 0.476237, 

170.578, 104, 0, 0.476237, 

170.578, 105, 0, 0.476237, 

170.578, 106, 0, 0.476237, 

170.578, 107, 0, 0.476237, 

170.578, 108, 0, 0.476237, 

170.578, 109, 0, 0.476237, 

170.578, 110, 0, 0.476237, 

170.578, 111, 0, 0.476237, 

170.578, 112, 0, 0.476237, 

170.578, 113, 0, 0.476237, 

170.578, 114, 0, 0.476237, 

170.578, 115, 0, 0.476237, 

170.578, 116, 0, 0.476237, 

170.578, 117, 0, 0.476237, 

170.578, 118, 0, 0.476237, 

170.578, 119, 0, 0.476237, 

172.736, 0, 0, 0.472542, 

172.736, 1, 0, 0.472542, 

172.736, 2, 0, 0.472542, 

172.736, 3, 0, 0.472542, 

172.736, 4, 0, 0.472542, 

172.736, 5, 0, 0.472542, 

172.736, 6, 0, 0.472542, 

172.736, 7, 0, 0.472542, 

172.736, 8, 0, 0.472542, 

172.736, 9, 0, 0.472542, 

172.736, 10, 0, 0.472542, 

172.736, 11, 0, 0.472542, 

172.736, 12, 0, 0.472542, 

172.736, 13, 0, 0.472542, 

172.736, 14, 0, 0.472542, 

172.736, 15, 0, 0.472542, 

172.736, 16, 0, 0.472542, 

172.736, 17, 0, 0.472542, 

172.736, 18, 0, 0.472542, 

172.736, 19, 0, 0.472542, 

172.736, 20, 0, 0.472542, 

172.736, 21, 0, 0.472542, 

172.736, 22, 0, 0.472542, 

172.736, 23, 0, 0.472542, 

172.736, 24, 0, 0.472542, 

172.736, 25, 0, 0.472542, 

172.736, 26, 0, 0.472542, 

172.736, 27, 0, 0.472542, 

172.736, 28, 0, 0.472542, 

172.736, 29, 0, 0.472542, 

172.736, 30, 0, 0.472542, 

172.736, 31, 0, 0.472542, 

172.736, 32, 0, 0.472542, 

172.736, 33, 0, 0.472542, 

172.736, 34, 0, 0.472542, 

172.736, 35, 0, 0.472542, 

172.736, 36, 0, 0.472542, 

172.736, 37, 0, 0.472542, 

172.736, 38, 0, 0.472542, 

172.736, 39, 0, 0.472542, 

172.736, 40, 0, 0.472542, 

172.736, 41, 0, 0.472542, 

172.736, 42, 0, 0.472542, 

172.736, 43, 0, 0.472542, 

172.736, 44, 0, 0.472542, 

172.736, 45, 0, 0.472542, 

172.736, 46, 0, 0.472542, 

172.736, 47, 0, 0.472542, 

172.736, 48, 0, 0.472542, 

172.736, 49, 0, 0.472542, 

172.736, 50, 0, 0.472542, 

172.736, 51, 0, 0.472542, 

172.736, 52, 0, 0.472542, 

172.736, 53, 0, 0.472542, 

172.736, 54, 0, 0.472542, 

172.736, 55, 0, 0.472542, 

172.736, 56, 0, 0.472542, 

172.736, 57, 0, 0.472542, 

172.736, 58, 0, 0.472542, 

172.736, 59, 0, 0.472542, 

172.736, 60, 0, 0.472542, 

172.736, 61, 0, 0.472542, 

172.736, 62, 0, 0.472542, 

172.736, 63, 0, 0.472542, 

172.736, 64, 0, 0.472542, 

172.736, 65, 0, 0.472542, 

172.736, 66, 0, 0.472542, 

172.736, 67, 0, 0.472542, 

172.736, 68, 0, 0.472542, 

172.736, 69, 0, 0.472542, 

172.736, 70, 0, 0.472542, 

172.736, 71, 0, 0.472542, 

172.736, 72, 0, 0.472542, 

172.736, 73, 0, 0.472542, 

172.736, 74, 0, 0.472542, 

172.736, 75, 0, 0.472542, 

172.736, 76, 0, 0.472542, 

172.736, 77, 0, 0.472542, 

172.736, 78, 0, 0.472542, 

172.736, 79, 0, 0.472542, 

172.736, 80, 0, 0.472542, 

172.736, 81, 0, 0.472542, 

172.736, 82, 0, 0.472542, 

172.736, 83, 0, 0.472542, 

172.736, 84, 0, 0.472542, 

172.736, 85, 0, 0.472542, 

172.736, 86, 0, 0.472542, 

172.736, 87, 0, 0.472542, 

172.736, 88, 0, 0.472542, 

172.736, 89, 0, 0.472542, 

172.736, 90, 0, 0.472542, 

172.736, 91, 0, 0.472542, 

172.736, 92, 0, 0.472542, 

172.736, 93, 0, 0.472542, 

172.736, 94, 0, 0.472542, 

172.736, 95, 0, 0.472542, 

172.736, 96, 0, 0.472542, 

172.736, 97, 0, 0.472542, 

172.736, 98, 0, 0.472542, 

172.736, 99, 0, 0.472542, 

172.736, 100, 0, 0.472542, 

172.736, 101, 0, 0.472542, 

172.736, 102, 0, 0.472542, 

172.736, 103, 0, 0.472542, 

172.736, 104, 0, 0.472542, 

172.736, 105, 0, 0.472542, 

172.736, 106, 0, 0.472542, 

172.736, 107, 0, 0.472542, 

172.736, 108, 0, 0.472542, 

172.736, 109, 0, 0.472542, 

172.736, 110, 0, 0.472542, 

172.736, 111, 0, 0.472542, 

172.736, 112, 0, 0.472542, 

172.736, 113, 0, 0.472542, 

172.736, 114, 0, 0.472542, 

172.736, 115, 0, 0.472542, 

172.736, 116, 0, 0.472542, 

172.736, 117, 0, 0.472542, 

172.736, 118, 0, 0.472542, 

172.736, 119, 0, 0.472542, 

174.894, 0, 0, 0.469857, 

174.894, 1, 0, 0.469857, 

174.894, 2, 0, 0.469857, 

174.894, 3, 0, 0.469857, 

174.894, 4, 0, 0.469857, 

174.894, 5, 0, 0.469857, 

174.894, 6, 0, 0.469857, 

174.894, 7, 0, 0.469857, 

174.894, 8, 0, 0.469857, 

174.894, 9, 0, 0.469857, 

174.894, 10, 0, 0.469857, 

174.894, 11, 0, 0.469857, 

174.894, 12, 0, 0.469857, 

174.894, 13, 0, 0.469857, 

174.894, 14, 0, 0.469857, 

174.894, 15, 0, 0.469857, 

174.894, 16, 0, 0.469857, 

174.894, 17, 0, 0.469857, 

174.894, 18, 0, 0.469857, 

174.894, 19, 0, 0.469857, 

174.894, 20, 0, 0.469857, 

174.894, 21, 0, 0.469857, 

174.894, 22, 0, 0.469857, 

174.894, 23, 0, 0.469857, 

174.894, 24, 0, 0.469857, 

174.894, 25, 0, 0.469857, 

174.894, 26, 0, 0.469857, 

174.894, 27, 0, 0.469857, 

174.894, 28, 0, 0.469857, 

174.894, 29, 0, 0.469857, 

174.894, 30, 0, 0.469857, 

174.894, 31, 0, 0.469857, 

174.894, 32, 0, 0.469857, 

174.894, 33, 0, 0.469857, 

174.894, 34, 0, 0.469857, 

174.894, 35, 0, 0.469857, 

174.894, 36, 0, 0.469857, 

174.894, 37, 0, 0.469857, 

174.894, 38, 0, 0.469857, 

174.894, 39, 0, 0.469857, 

174.894, 40, 0, 0.469857, 

174.894, 41, 0, 0.469857, 

174.894, 42, 0, 0.469857, 

174.894, 43, 0, 0.469857, 

174.894, 44, 0, 0.469857, 

174.894, 45, 0, 0.469857, 

174.894, 46, 0, 0.469857, 

174.894, 47, 0, 0.469857, 

174.894, 48, 0, 0.469857, 

174.894, 49, 0, 0.469857, 

174.894, 50, 0, 0.469857, 

174.894, 51, 0, 0.469857, 

174.894, 52, 0, 0.469857, 

174.894, 53, 0, 0.469857, 

174.894, 54, 0, 0.469857, 

174.894, 55, 0, 0.469857, 

174.894, 56, 0, 0.469857, 

174.894, 57, 0, 0.469857, 

174.894, 58, 0, 0.469857, 

174.894, 59, 0, 0.469857, 

174.894, 60, 0, 0.469857, 

174.894, 61, 0, 0.469857, 

174.894, 62, 0, 0.469857, 

174.894, 63, 0, 0.469857, 

174.894, 64, 0, 0.469857, 

174.894, 65, 0, 0.469857, 

174.894, 66, 0, 0.469857, 

174.894, 67, 0, 0.469857, 

174.894, 68, 0, 0.469857, 

174.894, 69, 0, 0.469857, 

174.894, 70, 0, 0.469857, 

174.894, 71, 0, 0.469857, 

174.894, 72, 0, 0.469857, 

174.894, 73, 0, 0.469857, 

174.894, 74, 0, 0.469857, 

174.894, 75, 0, 0.469857, 

174.894, 76, 0, 0.469857, 

174.894, 77, 0, 0.469857, 

174.894, 78, 0, 0.469857, 

174.894, 79, 0, 0.469857, 

174.894, 80, 0, 0.469857, 

174.894, 81, 0, 0.469857, 

174.894, 82, 0, 0.469857, 

174.894, 83, 0, 0.469857, 

174.894, 84, 0, 0.469857, 

174.894, 85, 0, 0.469857, 

174.894, 86, 0, 0.469857, 

174.894, 87, 0, 0.469857, 

174.894, 88, 0, 0.469857, 

174.894, 89, 0, 0.469857, 

174.894, 90, 0, 0.469857, 

174.894, 91, 0, 0.469857, 

174.894, 92, 0, 0.469857, 

174.894, 93, 0, 0.469857, 

174.894, 94, 0, 0.469857, 

174.894, 95, 0, 0.469857, 

174.894, 96, 0, 0.469857, 

174.894, 97, 0, 0.469857, 

174.894, 98, 0, 0.469857, 

174.894, 99, 0, 0.469857, 

174.894, 100, 0, 0.469857, 

174.894, 101, 0, 0.469857, 

174.894, 102, 0, 0.469857, 

174.894, 103, 0, 0.469857, 

174.894, 104, 0, 0.469857, 

174.894, 105, 0, 0.469857, 

174.894, 106, 0, 0.469857, 

174.894, 107, 0, 0.469857, 

174.894, 108, 0, 0.469857, 

174.894, 109, 0, 0.469857, 

174.894, 110, 0, 0.469857, 

174.894, 111, 0, 0.469857, 

174.894, 112, 0, 0.469857, 

174.894, 113, 0, 0.469857, 

174.894, 114, 0, 0.469857, 

174.894, 115, 0, 0.469857, 

174.894, 116, 0, 0.469857, 

174.894, 117, 0, 0.469857, 

174.894, 118, 0, 0.469857, 

174.894, 119, 0, 0.469857, 

177.052, 0, 0, 0.46792, 

177.052, 1, 0, 0.46792, 

177.052, 2, 0, 0.46792, 

177.052, 3, 0, 0.46792, 

177.052, 4, 0, 0.46792, 

177.052, 5, 0, 0.46792, 

177.052, 6, 0, 0.46792, 

177.052, 7, 0, 0.46792, 

177.052, 8, 0, 0.46792, 

177.052, 9, 0, 0.46792, 

177.052, 10, 0, 0.46792, 

177.052, 11, 0, 0.46792, 

177.052, 12, 0, 0.46792, 

177.052, 13, 0, 0.46792, 

177.052, 14, 0, 0.46792, 

177.052, 15, 0, 0.46792, 

177.052, 16, 0, 0.46792, 

177.052, 17, 0, 0.46792, 

177.052, 18, 0, 0.46792, 

177.052, 19, 0, 0.46792, 

177.052, 20, 0, 0.46792, 

177.052, 21, 0, 0.46792, 

177.052, 22, 0, 0.46792, 

177.052, 23, 0, 0.46792, 

177.052, 24, 0, 0.46792, 

177.052, 25, 0, 0.46792, 

177.052, 26, 0, 0.46792, 

177.052, 27, 0, 0.46792, 

177.052, 28, 0, 0.46792, 

177.052, 29, 0, 0.46792, 

177.052, 30, 0, 0.46792, 

177.052, 31, 0, 0.46792, 

177.052, 32, 0, 0.46792, 

177.052, 33, 0, 0.46792, 

177.052, 34, 0, 0.46792, 

177.052, 35, 0, 0.46792, 

177.052, 36, 0, 0.46792, 

177.052, 37, 0, 0.46792, 

177.052, 38, 0, 0.46792, 

177.052, 39, 0, 0.46792, 

177.052, 40, 0, 0.46792, 

177.052, 41, 0, 0.46792, 

177.052, 42, 0, 0.46792, 

177.052, 43, 0, 0.46792, 

177.052, 44, 0, 0.46792, 

177.052, 45, 0, 0.46792, 

177.052, 46, 0, 0.46792, 

177.052, 47, 0, 0.46792, 

177.052, 48, 0, 0.46792, 

177.052, 49, 0, 0.46792, 

177.052, 50, 0, 0.46792, 

177.052, 51, 0, 0.46792, 

177.052, 52, 0, 0.46792, 

177.052, 53, 0, 0.46792, 

177.052, 54, 0, 0.46792, 

177.052, 55, 0, 0.46792, 

177.052, 56, 0, 0.46792, 

177.052, 57, 0, 0.46792, 

177.052, 58, 0, 0.46792, 

177.052, 59, 0, 0.46792, 

177.052, 60, 0, 0.46792, 

177.052, 61, 0, 0.46792, 

177.052, 62, 0, 0.46792, 

177.052, 63, 0, 0.46792, 

177.052, 64, 0, 0.46792, 

177.052, 65, 0, 0.46792, 

177.052, 66, 0, 0.46792, 

177.052, 67, 0, 0.46792, 

177.052, 68, 0, 0.46792, 

177.052, 69, 0, 0.46792, 

177.052, 70, 0, 0.46792, 

177.052, 71, 0, 0.46792, 

177.052, 72, 0, 0.46792, 

177.052, 73, 0, 0.46792, 

177.052, 74, 0, 0.46792, 

177.052, 75, 0, 0.46792, 

177.052, 76, 0, 0.46792, 

177.052, 77, 0, 0.46792, 

177.052, 78, 0, 0.46792, 

177.052, 79, 0, 0.46792, 

177.052, 80, 0, 0.46792, 

177.052, 81, 0, 0.46792, 

177.052, 82, 0, 0.46792, 

177.052, 83, 0, 0.46792, 

177.052, 84, 0, 0.46792, 

177.052, 85, 0, 0.46792, 

177.052, 86, 0, 0.46792, 

177.052, 87, 0, 0.46792, 

177.052, 88, 0, 0.46792, 

177.052, 89, 0, 0.46792, 

177.052, 90, 0, 0.46792, 

177.052, 91, 0, 0.46792, 

177.052, 92, 0, 0.46792, 

177.052, 93, 0, 0.46792, 

177.052, 94, 0, 0.46792, 

177.052, 95, 0, 0.46792, 

177.052, 96, 0, 0.46792, 

177.052, 97, 0, 0.46792, 

177.052, 98, 0, 0.46792, 

177.052, 99, 0, 0.46792, 

177.052, 100, 0, 0.46792, 

177.052, 101, 0, 0.46792, 

177.052, 102, 0, 0.46792, 

177.052, 103, 0, 0.46792, 

177.052, 104, 0, 0.46792, 

177.052, 105, 0, 0.46792, 

177.052, 106, 0, 0.46792, 

177.052, 107, 0, 0.46792, 

177.052, 108, 0, 0.46792, 

177.052, 109, 0, 0.46792, 

177.052, 110, 0, 0.46792, 

177.052, 111, 0, 0.46792, 

177.052, 112, 0, 0.46792, 

177.052, 113, 0, 0.46792, 

177.052, 114, 0, 0.46792, 

177.052, 115, 0, 0.46792, 

177.052, 116, 0, 0.46792, 

177.052, 117, 0, 0.46792, 

177.052, 118, 0, 0.46792, 

177.052, 119, 0, 0.46792, 

179.209, 0, 0, 0.466534, 

179.209, 1, 0, 0.466534, 

179.209, 2, 0, 0.466534, 

179.209, 3, 0, 0.466534, 

179.209, 4, 0, 0.466534, 

179.209, 5, 0, 0.466534, 

179.209, 6, 0, 0.466534, 

179.209, 7, 0, 0.466534, 

179.209, 8, 0, 0.466534, 

179.209, 9, 0, 0.466534, 

179.209, 10, 0, 0.466534, 

179.209, 11, 0, 0.466534, 

179.209, 12, 0, 0.466534, 

179.209, 13, 0, 0.466534, 

179.209, 14, 0, 0.466534, 

179.209, 15, 0, 0.466534, 

179.209, 16, 0, 0.466534, 

179.209, 17, 0, 0.466534, 

179.209, 18, 0, 0.466534, 

179.209, 19, 0, 0.466534, 

179.209, 20, 0, 0.466534, 

179.209, 21, 0, 0.466534, 

179.209, 22, 0, 0.466534, 

179.209, 23, 0, 0.466534, 

179.209, 24, 0, 0.466534, 

179.209, 25, 0, 0.466534, 

179.209, 26, 0, 0.466534, 

179.209, 27, 0, 0.466534, 

179.209, 28, 0, 0.466534, 

179.209, 29, 0, 0.466534, 

179.209, 30, 0, 0.466534, 

179.209, 31, 0, 0.466534, 

179.209, 32, 0, 0.466534, 

179.209, 33, 0, 0.466534, 

179.209, 34, 0, 0.466534, 

179.209, 35, 0, 0.466534, 

179.209, 36, 0, 0.466534, 

179.209, 37, 0, 0.466534, 

179.209, 38, 0, 0.466534, 

179.209, 39, 0, 0.466534, 

179.209, 40, 0, 0.466534, 

179.209, 41, 0, 0.466534, 

179.209, 42, 0, 0.466534, 

179.209, 43, 0, 0.466534, 

179.209, 44, 0, 0.466534, 

179.209, 45, 0, 0.466534, 

179.209, 46, 0, 0.466534, 

179.209, 47, 0, 0.466534, 

179.209, 48, 0, 0.466534, 

179.209, 49, 0, 0.466534, 

179.209, 50, 0, 0.466534, 

179.209, 51, 0, 0.466534, 

179.209, 52, 0, 0.466534, 

179.209, 53, 0, 0.466534, 

179.209, 54, 0, 0.466534, 

179.209, 55, 0, 0.466534, 

179.209, 56, 0, 0.466534, 

179.209, 57, 0, 0.466534, 

179.209, 58, 0, 0.466534, 

179.209, 59, 0, 0.466534, 

179.209, 60, 0, 0.466534, 

179.209, 61, 0, 0.466534, 

179.209, 62, 0, 0.466534, 

179.209, 63, 0, 0.466534, 

179.209, 64, 0, 0.466534, 

179.209, 65, 0, 0.466534, 

179.209, 66, 0, 0.466534, 

179.209, 67, 0, 0.466534, 

179.209, 68, 0, 0.466534, 

179.209, 69, 0, 0.466534, 

179.209, 70, 0, 0.466534, 

179.209, 71, 0, 0.466534, 

179.209, 72, 0, 0.466534, 

179.209, 73, 0, 0.466534, 

179.209, 74, 0, 0.466534, 

179.209, 75, 0, 0.466534, 

179.209, 76, 0, 0.466534, 

179.209, 77, 0, 0.466534, 

179.209, 78, 0, 0.466534, 

179.209, 79, 0, 0.466534, 

179.209, 80, 0, 0.466534, 

179.209, 81, 0, 0.466534, 

179.209, 82, 0, 0.466534, 

179.209, 83, 0, 0.466534, 

179.209, 84, 0, 0.466534, 

179.209, 85, 0, 0.466534, 

179.209, 86, 0, 0.466534, 

179.209, 87, 0, 0.466534, 

179.209, 88, 0, 0.466534, 

179.209, 89, 0, 0.466534, 

179.209, 90, 0, 0.466534, 

179.209, 91, 0, 0.466534, 

179.209, 92, 0, 0.466534, 

179.209, 93, 0, 0.466534, 

179.209, 94, 0, 0.466534, 

179.209, 95, 0, 0.466534, 

179.209, 96, 0, 0.466534, 

179.209, 97, 0, 0.466534, 

179.209, 98, 0, 0.466534, 

179.209, 99, 0, 0.466534, 

179.209, 100, 0, 0.466534, 

179.209, 101, 0, 0.466534, 

179.209, 102, 0, 0.466534, 

179.209, 103, 0, 0.466534, 

179.209, 104, 0, 0.466534, 

179.209, 105, 0, 0.466534, 

179.209, 106, 0, 0.466534, 

179.209, 107, 0, 0.466534, 

179.209, 108, 0, 0.466534, 

179.209, 109, 0, 0.466534, 

179.209, 110, 0, 0.466534, 

179.209, 111, 0, 0.466534, 

179.209, 112, 0, 0.466534, 

179.209, 113, 0, 0.466534, 

179.209, 114, 0, 0.466534, 

179.209, 115, 0, 0.466534, 

179.209, 116, 0, 0.466534, 

179.209, 117, 0, 0.466534, 

179.209, 118, 0, 0.466534, 

179.209, 119, 0, 0.466534, 

181.367, 0, 0, 0.465551, 

181.367, 1, 0, 0.465551, 

181.367, 2, 0, 0.465551, 

181.367, 3, 0, 0.465551, 

181.367, 4, 0, 0.465551, 

181.367, 5, 0, 0.465551, 

181.367, 6, 0, 0.465551, 

181.367, 7, 0, 0.465551, 

181.367, 8, 0, 0.465551, 

181.367, 9, 0, 0.465551, 

181.367, 10, 0, 0.465551, 

181.367, 11, 0, 0.465551, 

181.367, 12, 0, 0.465551, 

181.367, 13, 0, 0.465551, 

181.367, 14, 0, 0.465551, 

181.367, 15, 0, 0.465551, 

181.367, 16, 0, 0.465551, 

181.367, 17, 0, 0.465551, 

181.367, 18, 0, 0.465551, 

181.367, 19, 0, 0.465551, 

181.367, 20, 0, 0.465551, 

181.367, 21, 0, 0.465551, 

181.367, 22, 0, 0.465551, 

181.367, 23, 0, 0.465551, 

181.367, 24, 0, 0.465551, 

181.367, 25, 0, 0.465551, 

181.367, 26, 0, 0.465551, 

181.367, 27, 0, 0.465551, 

181.367, 28, 0, 0.465551, 

181.367, 29, 0, 0.465551, 

181.367, 30, 0, 0.465551, 

181.367, 31, 0, 0.465551, 

181.367, 32, 0, 0.465551, 

181.367, 33, 0, 0.465551, 

181.367, 34, 0, 0.465551, 

181.367, 35, 0, 0.465551, 

181.367, 36, 0, 0.465551, 

181.367, 37, 0, 0.465551, 

181.367, 38, 0, 0.465551, 

181.367, 39, 0, 0.465551, 

181.367, 40, 0, 0.465551, 

181.367, 41, 0, 0.465551, 

181.367, 42, 0, 0.465551, 

181.367, 43, 0, 0.465551, 

181.367, 44, 0, 0.465551, 

181.367, 45, 0, 0.465551, 

181.367, 46, 0, 0.465551, 

181.367, 47, 0, 0.465551, 

181.367, 48, 0, 0.465551, 

181.367, 49, 0, 0.465551, 

181.367, 50, 0, 0.465551, 

181.367, 51, 0, 0.465551, 

181.367, 52, 0, 0.465551, 

181.367, 53, 0, 0.465551, 

181.367, 54, 0, 0.465551, 

181.367, 55, 0, 0.465551, 

181.367, 56, 0, 0.465551, 

181.367, 57, 0, 0.465551, 

181.367, 58, 0, 0.465551, 

181.367, 59, 0, 0.465551, 

181.367, 60, 0, 0.465551, 

181.367, 61, 0, 0.465551, 

181.367, 62, 0, 0.465551, 

181.367, 63, 0, 0.465551, 

181.367, 64, 0, 0.465551, 

181.367, 65, 0, 0.465551, 

181.367, 66, 0, 0.465551, 

181.367, 67, 0, 0.465551, 

181.367, 68, 0, 0.465551, 

181.367, 69, 0, 0.465551, 

181.367, 70, 0, 0.465551, 

181.367, 71, 0, 0.465551, 

181.367, 72, 0, 0.465551, 

181.367, 73, 0, 0.465551, 

181.367, 74, 0, 0.465551, 

181.367, 75, 0, 0.465551, 

181.367, 76, 0, 0.465551, 

181.367, 77, 0, 0.465551, 

181.367, 78, 0, 0.465551, 

181.367, 79, 0, 0.465551, 

181.367, 80, 0, 0.465551, 

181.367, 81, 0, 0.465551, 

181.367, 82, 0, 0.465551, 

181.367, 83, 0, 0.465551, 

181.367, 84, 0, 0.465551, 

181.367, 85, 0, 0.465551, 

181.367, 86, 0, 0.465551, 

181.367, 87, 0, 0.465551, 

181.367, 88, 0, 0.465551, 

181.367, 89, 0, 0.465551, 

181.367, 90, 0, 0.465551, 

181.367, 91, 0, 0.465551, 

181.367, 92, 0, 0.465551, 

181.367, 93, 0, 0.465551, 

181.367, 94, 0, 0.465551, 

181.367, 95, 0, 0.465551, 

181.367, 96, 0, 0.465551, 

181.367, 97, 0, 0.465551, 

181.367, 98, 0, 0.465551, 

181.367, 99, 0, 0.465551, 

181.367, 100, 0, 0.465551, 

181.367, 101, 0, 0.465551, 

181.367, 102, 0, 0.465551, 

181.367, 103, 0, 0.465551, 

181.367, 104, 0, 0.465551, 

181.367, 105, 0, 0.465551, 

181.367, 106, 0, 0.465551, 

181.367, 107, 0, 0.465551, 

181.367, 108, 0, 0.465551, 

181.367, 109, 0, 0.465551, 

181.367, 110, 0, 0.465551, 

181.367, 111, 0, 0.465551, 

181.367, 112, 0, 0.465551, 

181.367, 113, 0, 0.465551, 

181.367, 114, 0, 0.465551, 

181.367, 115, 0, 0.465551, 

181.367, 116, 0, 0.465551, 

181.367, 117, 0, 0.465551, 

181.367, 118, 0, 0.465551, 

181.367, 119, 0, 0.465551, 

183.525, 0, 0, 0.46486, 

183.525, 1, 0, 0.46486, 

183.525, 2, 0, 0.46486, 

183.525, 3, 0, 0.46486, 

183.525, 4, 0, 0.46486, 

183.525, 5, 0, 0.46486, 

183.525, 6, 0, 0.46486, 

183.525, 7, 0, 0.46486, 

183.525, 8, 0, 0.46486, 

183.525, 9, 0, 0.46486, 

183.525, 10, 0, 0.46486, 

183.525, 11, 0, 0.46486, 

183.525, 12, 0, 0.46486, 

183.525, 13, 0, 0.46486, 

183.525, 14, 0, 0.46486, 

183.525, 15, 0, 0.46486, 

183.525, 16, 0, 0.46486, 

183.525, 17, 0, 0.46486, 

183.525, 18, 0, 0.46486, 

183.525, 19, 0, 0.46486, 

183.525, 20, 0, 0.46486, 

183.525, 21, 0, 0.46486, 

183.525, 22, 0, 0.46486, 

183.525, 23, 0, 0.46486, 

183.525, 24, 0, 0.46486, 

183.525, 25, 0, 0.46486, 

183.525, 26, 0, 0.46486, 

183.525, 27, 0, 0.46486, 

183.525, 28, 0, 0.46486, 

183.525, 29, 0, 0.46486, 

183.525, 30, 0, 0.46486, 

183.525, 31, 0, 0.46486, 

183.525, 32, 0, 0.46486, 

183.525, 33, 0, 0.46486, 

183.525, 34, 0, 0.46486, 

183.525, 35, 0, 0.46486, 

183.525, 36, 0, 0.46486, 

183.525, 37, 0, 0.46486, 

183.525, 38, 0, 0.46486, 

183.525, 39, 0, 0.46486, 

183.525, 40, 0, 0.46486, 

183.525, 41, 0, 0.46486, 

183.525, 42, 0, 0.46486, 

183.525, 43, 0, 0.46486, 

183.525, 44, 0, 0.46486, 

183.525, 45, 0, 0.46486, 

183.525, 46, 0, 0.46486, 

183.525, 47, 0, 0.46486, 

183.525, 48, 0, 0.46486, 

183.525, 49, 0, 0.46486, 

183.525, 50, 0, 0.46486, 

183.525, 51, 0, 0.46486, 

183.525, 52, 0, 0.46486, 

183.525, 53, 0, 0.46486, 

183.525, 54, 0, 0.46486, 

183.525, 55, 0, 0.46486, 

183.525, 56, 0, 0.46486, 

183.525, 57, 0, 0.46486, 

183.525, 58, 0, 0.46486, 

183.525, 59, 0, 0.46486, 

183.525, 60, 0, 0.46486, 

183.525, 61, 0, 0.46486, 

183.525, 62, 0, 0.46486, 

183.525, 63, 0, 0.46486, 

183.525, 64, 0, 0.46486, 

183.525, 65, 0, 0.46486, 

183.525, 66, 0, 0.46486, 

183.525, 67, 0, 0.46486, 

183.525, 68, 0, 0.46486, 

183.525, 69, 0, 0.46486, 

183.525, 70, 0, 0.46486, 

183.525, 71, 0, 0.46486, 

183.525, 72, 0, 0.46486, 

183.525, 73, 0, 0.46486, 

183.525, 74, 0, 0.46486, 

183.525, 75, 0, 0.46486, 

183.525, 76, 0, 0.46486, 

183.525, 77, 0, 0.46486, 

183.525, 78, 0, 0.46486, 

183.525, 79, 0, 0.46486, 

183.525, 80, 0, 0.46486, 

183.525, 81, 0, 0.46486, 

183.525, 82, 0, 0.46486, 

183.525, 83, 0, 0.46486, 

183.525, 84, 0, 0.46486, 

183.525, 85, 0, 0.46486, 

183.525, 86, 0, 0.46486, 

183.525, 87, 0, 0.46486, 

183.525, 88, 0, 0.46486, 

183.525, 89, 0, 0.46486, 

183.525, 90, 0, 0.46486, 

183.525, 91, 0, 0.46486, 

183.525, 92, 0, 0.46486, 

183.525, 93, 0, 0.46486, 

183.525, 94, 0, 0.46486, 

183.525, 95, 0, 0.46486, 

183.525, 96, 0, 0.46486, 

183.525, 97, 0, 0.46486, 

183.525, 98, 0, 0.46486, 

183.525, 99, 0, 0.46486, 

183.525, 100, 0, 0.46486, 

183.525, 101, 0, 0.46486, 

183.525, 102, 0, 0.46486, 

183.525, 103, 0, 0.46486, 

183.525, 104, 0, 0.46486, 

183.525, 105, 0, 0.46486, 

183.525, 106, 0, 0.46486, 

183.525, 107, 0, 0.46486, 

183.525, 108, 0, 0.46486, 

183.525, 109, 0, 0.46486, 

183.525, 110, 0, 0.46486, 

183.525, 111, 0, 0.46486, 

183.525, 112, 0, 0.46486, 

183.525, 113, 0, 0.46486, 

183.525, 114, 0, 0.46486, 

183.525, 115, 0, 0.46486, 

183.525, 116, 0, 0.46486, 

183.525, 117, 0, 0.46486, 

183.525, 118, 0, 0.46486, 

183.525, 119, 0, 0.46486, 

185.683, 0, 0, 0.464379, 

185.683, 1, 0, 0.464379, 

185.683, 2, 0, 0.464379, 

185.683, 3, 0, 0.464379, 

185.683, 4, 0, 0.464379, 

185.683, 5, 0, 0.464379, 

185.683, 6, 0, 0.464379, 

185.683, 7, 0, 0.464379, 

185.683, 8, 0, 0.464379, 

185.683, 9, 0, 0.464379, 

185.683, 10, 0, 0.464379, 

185.683, 11, 0, 0.464379, 

185.683, 12, 0, 0.464379, 

185.683, 13, 0, 0.464379, 

185.683, 14, 0, 0.464379, 

185.683, 15, 0, 0.464379, 

185.683, 16, 0, 0.464379, 

185.683, 17, 0, 0.464379, 

185.683, 18, 0, 0.464379, 

185.683, 19, 0, 0.464379, 

185.683, 20, 0, 0.464379, 

185.683, 21, 0, 0.464379, 

185.683, 22, 0, 0.464379, 

185.683, 23, 0, 0.464379, 

185.683, 24, 0, 0.464379, 

185.683, 25, 0, 0.464379, 

185.683, 26, 0, 0.464379, 

185.683, 27, 0, 0.464379, 

185.683, 28, 0, 0.464379, 

185.683, 29, 0, 0.464379, 

185.683, 30, 0, 0.464379, 

185.683, 31, 0, 0.464379, 

185.683, 32, 0, 0.464379, 

185.683, 33, 0, 0.464379, 

185.683, 34, 0, 0.464379, 

185.683, 35, 0, 0.464379, 

185.683, 36, 0, 0.464379, 

185.683, 37, 0, 0.464379, 

185.683, 38, 0, 0.464379, 

185.683, 39, 0, 0.464379, 

185.683, 40, 0, 0.464379, 

185.683, 41, 0, 0.464379, 

185.683, 42, 0, 0.464379, 

185.683, 43, 0, 0.464379, 

185.683, 44, 0, 0.464379, 

185.683, 45, 0, 0.464379, 

185.683, 46, 0, 0.464379, 

185.683, 47, 0, 0.464379, 

185.683, 48, 0, 0.464379, 

185.683, 49, 0, 0.464379, 

185.683, 50, 0, 0.464379, 

185.683, 51, 0, 0.464379, 

185.683, 52, 0, 0.464379, 

185.683, 53, 0, 0.464379, 

185.683, 54, 0, 0.464379, 

185.683, 55, 0, 0.464379, 

185.683, 56, 0, 0.464379, 

185.683, 57, 0, 0.464379, 

185.683, 58, 0, 0.464379, 

185.683, 59, 0, 0.464379, 

185.683, 60, 0, 0.464379, 

185.683, 61, 0, 0.464379, 

185.683, 62, 0, 0.464379, 

185.683, 63, 0, 0.464379, 

185.683, 64, 0, 0.464379, 

185.683, 65, 0, 0.464379, 

185.683, 66, 0, 0.464379, 

185.683, 67, 0, 0.464379, 

185.683, 68, 0, 0.464379, 

185.683, 69, 0, 0.464379, 

185.683, 70, 0, 0.464379, 

185.683, 71, 0, 0.464379, 

185.683, 72, 0, 0.464379, 

185.683, 73, 0, 0.464379, 

185.683, 74, 0, 0.464379, 

185.683, 75, 0, 0.464379, 

185.683, 76, 0, 0.464379, 

185.683, 77, 0, 0.464379, 

185.683, 78, 0, 0.464379, 

185.683, 79, 0, 0.464379, 

185.683, 80, 0, 0.464379, 

185.683, 81, 0, 0.464379, 

185.683, 82, 0, 0.464379, 

185.683, 83, 0, 0.464379, 

185.683, 84, 0, 0.464379, 

185.683, 85, 0, 0.464379, 

185.683, 86, 0, 0.464379, 

185.683, 87, 0, 0.464379, 

185.683, 88, 0, 0.464379, 

185.683, 89, 0, 0.464379, 

185.683, 90, 0, 0.464379, 

185.683, 91, 0, 0.464379, 

185.683, 92, 0, 0.464379, 

185.683, 93, 0, 0.464379, 

185.683, 94, 0, 0.464379, 

185.683, 95, 0, 0.464379, 

185.683, 96, 0, 0.464379, 

185.683, 97, 0, 0.464379, 

185.683, 98, 0, 0.464379, 

185.683, 99, 0, 0.464379, 

185.683, 100, 0, 0.464379, 

185.683, 101, 0, 0.464379, 

185.683, 102, 0, 0.464379, 

185.683, 103, 0, 0.464379, 

185.683, 104, 0, 0.464379, 

185.683, 105, 0, 0.464379, 

185.683, 106, 0, 0.464379, 

185.683, 107, 0, 0.464379, 

185.683, 108, 0, 0.464379, 

185.683, 109, 0, 0.464379, 

185.683, 110, 0, 0.464379, 

185.683, 111, 0, 0.464379, 

185.683, 112, 0, 0.464379, 

185.683, 113, 0, 0.464379, 

185.683, 114, 0, 0.464379, 

185.683, 115, 0, 0.464379, 

185.683, 116, 0, 0.464379, 

185.683, 117, 0, 0.464379, 

185.683, 118, 0, 0.464379, 

185.683, 119, 0, 0.464379, 

187.841, 0, 0, 0.464048, 

187.841, 1, 0, 0.464048, 

187.841, 2, 0, 0.464048, 

187.841, 3, 0, 0.464048, 

187.841, 4, 0, 0.464048, 

187.841, 5, 0, 0.464048, 

187.841, 6, 0, 0.464048, 

187.841, 7, 0, 0.464048, 

187.841, 8, 0, 0.464048, 

187.841, 9, 0, 0.464048, 

187.841, 10, 0, 0.464048, 

187.841, 11, 0, 0.464048, 

187.841, 12, 0, 0.464048, 

187.841, 13, 0, 0.464048, 

187.841, 14, 0, 0.464048, 

187.841, 15, 0, 0.464048, 

187.841, 16, 0, 0.464048, 

187.841, 17, 0, 0.464048, 

187.841, 18, 0, 0.464048, 

187.841, 19, 0, 0.464048, 

187.841, 20, 0, 0.464048, 

187.841, 21, 0, 0.464048, 

187.841, 22, 0, 0.464048, 

187.841, 23, 0, 0.464048, 

187.841, 24, 0, 0.464048, 

187.841, 25, 0, 0.464048, 

187.841, 26, 0, 0.464048, 

187.841, 27, 0, 0.464048, 

187.841, 28, 0, 0.464048, 

187.841, 29, 0, 0.464048, 

187.841, 30, 0, 0.464048, 

187.841, 31, 0, 0.464048, 

187.841, 32, 0, 0.464048, 

187.841, 33, 0, 0.464048, 

187.841, 34, 0, 0.464048, 

187.841, 35, 0, 0.464048, 

187.841, 36, 0, 0.464048, 

187.841, 37, 0, 0.464048, 

187.841, 38, 0, 0.464048, 

187.841, 39, 0, 0.464048, 

187.841, 40, 0, 0.464048, 

187.841, 41, 0, 0.464048, 

187.841, 42, 0, 0.464048, 

187.841, 43, 0, 0.464048, 

187.841, 44, 0, 0.464048, 

187.841, 45, 0, 0.464048, 

187.841, 46, 0, 0.464048, 

187.841, 47, 0, 0.464048, 

187.841, 48, 0, 0.464048, 

187.841, 49, 0, 0.464048, 

187.841, 50, 0, 0.464048, 

187.841, 51, 0, 0.464048, 

187.841, 52, 0, 0.464048, 

187.841, 53, 0, 0.464048, 

187.841, 54, 0, 0.464048, 

187.841, 55, 0, 0.464048, 

187.841, 56, 0, 0.464048, 

187.841, 57, 0, 0.464048, 

187.841, 58, 0, 0.464048, 

187.841, 59, 0, 0.464048, 

187.841, 60, 0, 0.464048, 

187.841, 61, 0, 0.464048, 

187.841, 62, 0, 0.464048, 

187.841, 63, 0, 0.464048, 

187.841, 64, 0, 0.464048, 

187.841, 65, 0, 0.464048, 

187.841, 66, 0, 0.464048, 

187.841, 67, 0, 0.464048, 

187.841, 68, 0, 0.464048, 

187.841, 69, 0, 0.464048, 

187.841, 70, 0, 0.464048, 

187.841, 71, 0, 0.464048, 

187.841, 72, 0, 0.464048, 

187.841, 73, 0, 0.464048, 

187.841, 74, 0, 0.464048, 

187.841, 75, 0, 0.464048, 

187.841, 76, 0, 0.464048, 

187.841, 77, 0, 0.464048, 

187.841, 78, 0, 0.464048, 

187.841, 79, 0, 0.464048, 

187.841, 80, 0, 0.464048, 

187.841, 81, 0, 0.464048, 

187.841, 82, 0, 0.464048, 

187.841, 83, 0, 0.464048, 

187.841, 84, 0, 0.464048, 

187.841, 85, 0, 0.464048, 

187.841, 86, 0, 0.464048, 

187.841, 87, 0, 0.464048, 

187.841, 88, 0, 0.464048, 

187.841, 89, 0, 0.464048, 

187.841, 90, 0, 0.464048, 

187.841, 91, 0, 0.464048, 

187.841, 92, 0, 0.464048, 

187.841, 93, 0, 0.464048, 

187.841, 94, 0, 0.464048, 

187.841, 95, 0, 0.464048, 

187.841, 96, 0, 0.464048, 

187.841, 97, 0, 0.464048, 

187.841, 98, 0, 0.464048, 

187.841, 99, 0, 0.464048, 

187.841, 100, 0, 0.464048, 

187.841, 101, 0, 0.464048, 

187.841, 102, 0, 0.464048, 

187.841, 103, 0, 0.464048, 

187.841, 104, 0, 0.464048, 

187.841, 105, 0, 0.464048, 

187.841, 106, 0, 0.464048, 

187.841, 107, 0, 0.464048, 

187.841, 108, 0, 0.464048, 

187.841, 109, 0, 0.464048, 

187.841, 110, 0, 0.464048, 

187.841, 111, 0, 0.464048, 

187.841, 112, 0, 0.464048, 

187.841, 113, 0, 0.464048, 

187.841, 114, 0, 0.464048, 

187.841, 115, 0, 0.464048, 

187.841, 116, 0, 0.464048, 

187.841, 117, 0, 0.464048, 

187.841, 118, 0, 0.464048, 

187.841, 119, 0, 0.464048, 

189.998, 0, 0, 0.463823, 

189.998, 1, 0, 0.463823, 

189.998, 2, 0, 0.463823, 

189.998, 3, 0, 0.463823, 

189.998, 4, 0, 0.463823, 

189.998, 5, 0, 0.463823, 

189.998, 6, 0, 0.463823, 

189.998, 7, 0, 0.463823, 

189.998, 8, 0, 0.463823, 

189.998, 9, 0, 0.463823, 

189.998, 10, 0, 0.463823, 

189.998, 11, 0, 0.463823, 

189.998, 12, 0, 0.463823, 

189.998, 13, 0, 0.463823, 

189.998, 14, 0, 0.463823, 

189.998, 15, 0, 0.463823, 

189.998, 16, 0, 0.463823, 

189.998, 17, 0, 0.463823, 

189.998, 18, 0, 0.463823, 

189.998, 19, 0, 0.463823, 

189.998, 20, 0, 0.463823, 

189.998, 21, 0, 0.463823, 

189.998, 22, 0, 0.463823, 

189.998, 23, 0, 0.463823, 

189.998, 24, 0, 0.463823, 

189.998, 25, 0, 0.463823, 

189.998, 26, 0, 0.463823, 

189.998, 27, 0, 0.463823, 

189.998, 28, 0, 0.463823, 

189.998, 29, 0, 0.463823, 

189.998, 30, 0, 0.463823, 

189.998, 31, 0, 0.463823, 

189.998, 32, 0, 0.463823, 

189.998, 33, 0, 0.463823, 

189.998, 34, 0, 0.463823, 

189.998, 35, 0, 0.463823, 

189.998, 36, 0, 0.463823, 

189.998, 37, 0, 0.463823, 

189.998, 38, 0, 0.463823, 

189.998, 39, 0, 0.463823, 

189.998, 40, 0, 0.463823, 

189.998, 41, 0, 0.463823, 

189.998, 42, 0, 0.463823, 

189.998, 43, 0, 0.463823, 

189.998, 44, 0, 0.463823, 

189.998, 45, 0, 0.463823, 

189.998, 46, 0, 0.463823, 

189.998, 47, 0, 0.463823, 

189.998, 48, 0, 0.463823, 

189.998, 49, 0, 0.463823, 

189.998, 50, 0, 0.463823, 

189.998, 51, 0, 0.463823, 

189.998, 52, 0, 0.463823, 

189.998, 53, 0, 0.463823, 

189.998, 54, 0, 0.463823, 

189.998, 55, 0, 0.463823, 

189.998, 56, 0, 0.463823, 

189.998, 57, 0, 0.463823, 

189.998, 58, 0, 0.463823, 

189.998, 59, 0, 0.463823, 

189.998, 60, 0, 0.463823, 

189.998, 61, 0, 0.463823, 

189.998, 62, 0, 0.463823, 

189.998, 63, 0, 0.463823, 

189.998, 64, 0, 0.463823, 

189.998, 65, 0, 0.463823, 

189.998, 66, 0, 0.463823, 

189.998, 67, 0, 0.463823, 

189.998, 68, 0, 0.463823, 

189.998, 69, 0, 0.463823, 

189.998, 70, 0, 0.463823, 

189.998, 71, 0, 0.463823, 

189.998, 72, 0, 0.463823, 

189.998, 73, 0, 0.463823, 

189.998, 74, 0, 0.463823, 

189.998, 75, 0, 0.463823, 

189.998, 76, 0, 0.463823, 

189.998, 77, 0, 0.463823, 

189.998, 78, 0, 0.463823, 

189.998, 79, 0, 0.463823, 

189.998, 80, 0, 0.463823, 

189.998, 81, 0, 0.463823, 

189.998, 82, 0, 0.463823, 

189.998, 83, 0, 0.463823, 

189.998, 84, 0, 0.463823, 

189.998, 85, 0, 0.463823, 

189.998, 86, 0, 0.463823, 

189.998, 87, 0, 0.463823, 

189.998, 88, 0, 0.463823, 

189.998, 89, 0, 0.463823, 

189.998, 90, 0, 0.463823, 

189.998, 91, 0, 0.463823, 

189.998, 92, 0, 0.463823, 

189.998, 93, 0, 0.463823, 

189.998, 94, 0, 0.463823, 

189.998, 95, 0, 0.463823, 

189.998, 96, 0, 0.463823, 

189.998, 97, 0, 0.463823, 

189.998, 98, 0, 0.463823, 

189.998, 99, 0, 0.463823, 

189.998, 100, 0, 0.463823, 

189.998, 101, 0, 0.463823, 

189.998, 102, 0, 0.463823, 

189.998, 103, 0, 0.463823, 

189.998, 104, 0, 0.463823, 

189.998, 105, 0, 0.463823, 

189.998, 106, 0, 0.463823, 

189.998, 107, 0, 0.463823, 

189.998, 108, 0, 0.463823, 

189.998, 109, 0, 0.463823, 

189.998, 110, 0, 0.463823, 

189.998, 111, 0, 0.463823, 

189.998, 112, 0, 0.463823, 

189.998, 113, 0, 0.463823, 

189.998, 114, 0, 0.463823, 

189.998, 115, 0, 0.463823, 

189.998, 116, 0, 0.463823, 

189.998, 117, 0, 0.463823, 

189.998, 118, 0, 0.463823, 

189.998, 119, 0, 0.463823, 

192.156, 0, 0, 0.463671, 

192.156, 1, 0, 0.463671, 

192.156, 2, 0, 0.463671, 

192.156, 3, 0, 0.463671, 

192.156, 4, 0, 0.463671, 

192.156, 5, 0, 0.463671, 

192.156, 6, 0, 0.463671, 

192.156, 7, 0, 0.463671, 

192.156, 8, 0, 0.463671, 

192.156, 9, 0, 0.463671, 

192.156, 10, 0, 0.463671, 

192.156, 11, 0, 0.463671, 

192.156, 12, 0, 0.463671, 

192.156, 13, 0, 0.463671, 

192.156, 14, 0, 0.463671, 

192.156, 15, 0, 0.463671, 

192.156, 16, 0, 0.463671, 

192.156, 17, 0, 0.463671, 

192.156, 18, 0, 0.463671, 

192.156, 19, 0, 0.463671, 

192.156, 20, 0, 0.463671, 

192.156, 21, 0, 0.463671, 

192.156, 22, 0, 0.463671, 

192.156, 23, 0, 0.463671, 

192.156, 24, 0, 0.463671, 

192.156, 25, 0, 0.463671, 

192.156, 26, 0, 0.463671, 

192.156, 27, 0, 0.463671, 

192.156, 28, 0, 0.463671, 

192.156, 29, 0, 0.463671, 

192.156, 30, 0, 0.463671, 

192.156, 31, 0, 0.463671, 

192.156, 32, 0, 0.463671, 

192.156, 33, 0, 0.463671, 

192.156, 34, 0, 0.463671, 

192.156, 35, 0, 0.463671, 

192.156, 36, 0, 0.463671, 

192.156, 37, 0, 0.463671, 

192.156, 38, 0, 0.463671, 

192.156, 39, 0, 0.463671, 

192.156, 40, 0, 0.463671, 

192.156, 41, 0, 0.463671, 

192.156, 42, 0, 0.463671, 

192.156, 43, 0, 0.463671, 

192.156, 44, 0, 0.463671, 

192.156, 45, 0, 0.463671, 

192.156, 46, 0, 0.463671, 

192.156, 47, 0, 0.463671, 

192.156, 48, 0, 0.463671, 

192.156, 49, 0, 0.463671, 

192.156, 50, 0, 0.463671, 

192.156, 51, 0, 0.463671, 

192.156, 52, 0, 0.463671, 

192.156, 53, 0, 0.463671, 

192.156, 54, 0, 0.463671, 

192.156, 55, 0, 0.463671, 

192.156, 56, 0, 0.463671, 

192.156, 57, 0, 0.463671, 

192.156, 58, 0, 0.463671, 

192.156, 59, 0, 0.463671, 

192.156, 60, 0, 0.463671, 

192.156, 61, 0, 0.463671, 

192.156, 62, 0, 0.463671, 

192.156, 63, 0, 0.463671, 

192.156, 64, 0, 0.463671, 

192.156, 65, 0, 0.463671, 

192.156, 66, 0, 0.463671, 

192.156, 67, 0, 0.463671, 

192.156, 68, 0, 0.463671, 

192.156, 69, 0, 0.463671, 

192.156, 70, 0, 0.463671, 

192.156, 71, 0, 0.463671, 

192.156, 72, 0, 0.463671, 

192.156, 73, 0, 0.463671, 

192.156, 74, 0, 0.463671, 

192.156, 75, 0, 0.463671, 

192.156, 76, 0, 0.463671, 

192.156, 77, 0, 0.463671, 

192.156, 78, 0, 0.463671, 

192.156, 79, 0, 0.463671, 

192.156, 80, 0, 0.463671, 

192.156, 81, 0, 0.463671, 

192.156, 82, 0, 0.463671, 

192.156, 83, 0, 0.463671, 

192.156, 84, 0, 0.463671, 

192.156, 85, 0, 0.463671, 

192.156, 86, 0, 0.463671, 

192.156, 87, 0, 0.463671, 

192.156, 88, 0, 0.463671, 

192.156, 89, 0, 0.463671, 

192.156, 90, 0, 0.463671, 

192.156, 91, 0, 0.463671, 

192.156, 92, 0, 0.463671, 

192.156, 93, 0, 0.463671, 

192.156, 94, 0, 0.463671, 

192.156, 95, 0, 0.463671, 

192.156, 96, 0, 0.463671, 

192.156, 97, 0, 0.463671, 

192.156, 98, 0, 0.463671, 

192.156, 99, 0, 0.463671, 

192.156, 100, 0, 0.463671, 

192.156, 101, 0, 0.463671, 

192.156, 102, 0, 0.463671, 

192.156, 103, 0, 0.463671, 

192.156, 104, 0, 0.463671, 

192.156, 105, 0, 0.463671, 

192.156, 106, 0, 0.463671, 

192.156, 107, 0, 0.463671, 

192.156, 108, 0, 0.463671, 

192.156, 109, 0, 0.463671, 

192.156, 110, 0, 0.463671, 

192.156, 111, 0, 0.463671, 

192.156, 112, 0, 0.463671, 

192.156, 113, 0, 0.463671, 

192.156, 114, 0, 0.463671, 

192.156, 115, 0, 0.463671, 

192.156, 116, 0, 0.463671, 

192.156, 117, 0, 0.463671, 

192.156, 118, 0, 0.463671, 

192.156, 119, 0, 0.463671, 

194.314, 0, 0, 0.46357, 

194.314, 1, 0, 0.46357, 

194.314, 2, 0, 0.46357, 

194.314, 3, 0, 0.46357, 

194.314, 4, 0, 0.46357, 

194.314, 5, 0, 0.46357, 

194.314, 6, 0, 0.46357, 

194.314, 7, 0, 0.46357, 

194.314, 8, 0, 0.46357, 

194.314, 9, 0, 0.46357, 

194.314, 10, 0, 0.46357, 

194.314, 11, 0, 0.46357, 

194.314, 12, 0, 0.46357, 

194.314, 13, 0, 0.46357, 

194.314, 14, 0, 0.46357, 

194.314, 15, 0, 0.46357, 

194.314, 16, 0, 0.46357, 

194.314, 17, 0, 0.46357, 

194.314, 18, 0, 0.46357, 

194.314, 19, 0, 0.46357, 

194.314, 20, 0, 0.46357, 

194.314, 21, 0, 0.46357, 

194.314, 22, 0, 0.46357, 

194.314, 23, 0, 0.46357, 

194.314, 24, 0, 0.46357, 

194.314, 25, 0, 0.46357, 

194.314, 26, 0, 0.46357, 

194.314, 27, 0, 0.46357, 

194.314, 28, 0, 0.46357, 

194.314, 29, 0, 0.46357, 

194.314, 30, 0, 0.46357, 

194.314, 31, 0, 0.46357, 

194.314, 32, 0, 0.46357, 

194.314, 33, 0, 0.46357, 

194.314, 34, 0, 0.46357, 

194.314, 35, 0, 0.46357, 

194.314, 36, 0, 0.46357, 

194.314, 37, 0, 0.46357, 

194.314, 38, 0, 0.46357, 

194.314, 39, 0, 0.46357, 

194.314, 40, 0, 0.46357, 

194.314, 41, 0, 0.46357, 

194.314, 42, 0, 0.46357, 

194.314, 43, 0, 0.46357, 

194.314, 44, 0, 0.46357, 

194.314, 45, 0, 0.46357, 

194.314, 46, 0, 0.46357, 

194.314, 47, 0, 0.46357, 

194.314, 48, 0, 0.46357, 

194.314, 49, 0, 0.46357, 

194.314, 50, 0, 0.46357, 

194.314, 51, 0, 0.46357, 

194.314, 52, 0, 0.46357, 

194.314, 53, 0, 0.46357, 

194.314, 54, 0, 0.46357, 

194.314, 55, 0, 0.46357, 

194.314, 56, 0, 0.46357, 

194.314, 57, 0, 0.46357, 

194.314, 58, 0, 0.46357, 

194.314, 59, 0, 0.46357, 

194.314, 60, 0, 0.46357, 

194.314, 61, 0, 0.46357, 

194.314, 62, 0, 0.46357, 

194.314, 63, 0, 0.46357, 

194.314, 64, 0, 0.46357, 

194.314, 65, 0, 0.46357, 

194.314, 66, 0, 0.46357, 

194.314, 67, 0, 0.46357, 

194.314, 68, 0, 0.46357, 

194.314, 69, 0, 0.46357, 

194.314, 70, 0, 0.46357, 

194.314, 71, 0, 0.46357, 

194.314, 72, 0, 0.46357, 

194.314, 73, 0, 0.46357, 

194.314, 74, 0, 0.46357, 

194.314, 75, 0, 0.46357, 

194.314, 76, 0, 0.46357, 

194.314, 77, 0, 0.46357, 

194.314, 78, 0, 0.46357, 

194.314, 79, 0, 0.46357, 

194.314, 80, 0, 0.46357, 

194.314, 81, 0, 0.46357, 

194.314, 82, 0, 0.46357, 

194.314, 83, 0, 0.46357, 

194.314, 84, 0, 0.46357, 

194.314, 85, 0, 0.46357, 

194.314, 86, 0, 0.46357, 

194.314, 87, 0, 0.46357, 

194.314, 88, 0, 0.46357, 

194.314, 89, 0, 0.46357, 

194.314, 90, 0, 0.46357, 

194.314, 91, 0, 0.46357, 

194.314, 92, 0, 0.46357, 

194.314, 93, 0, 0.46357, 

194.314, 94, 0, 0.46357, 

194.314, 95, 0, 0.46357, 

194.314, 96, 0, 0.46357, 

194.314, 97, 0, 0.46357, 

194.314, 98, 0, 0.46357, 

194.314, 99, 0, 0.46357, 

194.314, 100, 0, 0.46357, 

194.314, 101, 0, 0.46357, 

194.314, 102, 0, 0.46357, 

194.314, 103, 0, 0.46357, 

194.314, 104, 0, 0.46357, 

194.314, 105, 0, 0.46357, 

194.314, 106, 0, 0.46357, 

194.314, 107, 0, 0.46357, 

194.314, 108, 0, 0.46357, 

194.314, 109, 0, 0.46357, 

194.314, 110, 0, 0.46357, 

194.314, 111, 0, 0.46357, 

194.314, 112, 0, 0.46357, 

194.314, 113, 0, 0.46357, 

194.314, 114, 0, 0.46357, 

194.314, 115, 0, 0.46357, 

194.314, 116, 0, 0.46357, 

194.314, 117, 0, 0.46357, 

194.314, 118, 0, 0.46357, 

194.314, 119, 0, 0.46357, 

196.472, 0, 0, 0.463504, 

196.472, 1, 0, 0.463504, 

196.472, 2, 0, 0.463504, 

196.472, 3, 0, 0.463504, 

196.472, 4, 0, 0.463504, 

196.472, 5, 0, 0.463504, 

196.472, 6, 0, 0.463504, 

196.472, 7, 0, 0.463504, 

196.472, 8, 0, 0.463504, 

196.472, 9, 0, 0.463504, 

196.472, 10, 0, 0.463504, 

196.472, 11, 0, 0.463504, 

196.472, 12, 0, 0.463504, 

196.472, 13, 0, 0.463504, 

196.472, 14, 0, 0.463504, 

196.472, 15, 0, 0.463504, 

196.472, 16, 0, 0.463504, 

196.472, 17, 0, 0.463504, 

196.472, 18, 0, 0.463504, 

196.472, 19, 0, 0.463504, 

196.472, 20, 0, 0.463504, 

196.472, 21, 0, 0.463504, 

196.472, 22, 0, 0.463504, 

196.472, 23, 0, 0.463504, 

196.472, 24, 0, 0.463504, 

196.472, 25, 0, 0.463504, 

196.472, 26, 0, 0.463504, 

196.472, 27, 0, 0.463504, 

196.472, 28, 0, 0.463504, 

196.472, 29, 0, 0.463504, 

196.472, 30, 0, 0.463504, 

196.472, 31, 0, 0.463504, 

196.472, 32, 0, 0.463504, 

196.472, 33, 0, 0.463504, 

196.472, 34, 0, 0.463504, 

196.472, 35, 0, 0.463504, 

196.472, 36, 0, 0.463504, 

196.472, 37, 0, 0.463504, 

196.472, 38, 0, 0.463504, 

196.472, 39, 0, 0.463504, 

196.472, 40, 0, 0.463504, 

196.472, 41, 0, 0.463504, 

196.472, 42, 0, 0.463504, 

196.472, 43, 0, 0.463504, 

196.472, 44, 0, 0.463504, 

196.472, 45, 0, 0.463504, 

196.472, 46, 0, 0.463504, 

196.472, 47, 0, 0.463504, 

196.472, 48, 0, 0.463504, 

196.472, 49, 0, 0.463504, 

196.472, 50, 0, 0.463504, 

196.472, 51, 0, 0.463504, 

196.472, 52, 0, 0.463504, 

196.472, 53, 0, 0.463504, 

196.472, 54, 0, 0.463504, 

196.472, 55, 0, 0.463504, 

196.472, 56, 0, 0.463504, 

196.472, 57, 0, 0.463504, 

196.472, 58, 0, 0.463504, 

196.472, 59, 0, 0.463504, 

196.472, 60, 0, 0.463504, 

196.472, 61, 0, 0.463504, 

196.472, 62, 0, 0.463504, 

196.472, 63, 0, 0.463504, 

196.472, 64, 0, 0.463504, 

196.472, 65, 0, 0.463504, 

196.472, 66, 0, 0.463504, 

196.472, 67, 0, 0.463504, 

196.472, 68, 0, 0.463504, 

196.472, 69, 0, 0.463504, 

196.472, 70, 0, 0.463504, 

196.472, 71, 0, 0.463504, 

196.472, 72, 0, 0.463504, 

196.472, 73, 0, 0.463504, 

196.472, 74, 0, 0.463504, 

196.472, 75, 0, 0.463504, 

196.472, 76, 0, 0.463504, 

196.472, 77, 0, 0.463504, 

196.472, 78, 0, 0.463504, 

196.472, 79, 0, 0.463504, 

196.472, 80, 0, 0.463504, 

196.472, 81, 0, 0.463504, 

196.472, 82, 0, 0.463504, 

196.472, 83, 0, 0.463504, 

196.472, 84, 0, 0.463504, 

196.472, 85, 0, 0.463504, 

196.472, 86, 0, 0.463504, 

196.472, 87, 0, 0.463504, 

196.472, 88, 0, 0.463504, 

196.472, 89, 0, 0.463504, 

196.472, 90, 0, 0.463504, 

196.472, 91, 0, 0.463504, 

196.472, 92, 0, 0.463504, 

196.472, 93, 0, 0.463504, 

196.472, 94, 0, 0.463504, 

196.472, 95, 0, 0.463504, 

196.472, 96, 0, 0.463504, 

196.472, 97, 0, 0.463504, 

196.472, 98, 0, 0.463504, 

196.472, 99, 0, 0.463504, 

196.472, 100, 0, 0.463504, 

196.472, 101, 0, 0.463504, 

196.472, 102, 0, 0.463504, 

196.472, 103, 0, 0.463504, 

196.472, 104, 0, 0.463504, 

196.472, 105, 0, 0.463504, 

196.472, 106, 0, 0.463504, 

196.472, 107, 0, 0.463504, 

196.472, 108, 0, 0.463504, 

196.472, 109, 0, 0.463504, 

196.472, 110, 0, 0.463504, 

196.472, 111, 0, 0.463504, 

196.472, 112, 0, 0.463504, 

196.472, 113, 0, 0.463504, 

196.472, 114, 0, 0.463504, 

196.472, 115, 0, 0.463504, 

196.472, 116, 0, 0.463504, 

196.472, 117, 0, 0.463504, 

196.472, 118, 0, 0.463504, 

196.472, 119, 0, 0.463504, 

198.63, 0, 0, 0.46346, 

198.63, 1, 0, 0.46346, 

198.63, 2, 0, 0.46346, 

198.63, 3, 0, 0.46346, 

198.63, 4, 0, 0.46346, 

198.63, 5, 0, 0.46346, 

198.63, 6, 0, 0.46346, 

198.63, 7, 0, 0.46346, 

198.63, 8, 0, 0.46346, 

198.63, 9, 0, 0.46346, 

198.63, 10, 0, 0.46346, 

198.63, 11, 0, 0.46346, 

198.63, 12, 0, 0.46346, 

198.63, 13, 0, 0.46346, 

198.63, 14, 0, 0.46346, 

198.63, 15, 0, 0.46346, 

198.63, 16, 0, 0.46346, 

198.63, 17, 0, 0.46346, 

198.63, 18, 0, 0.46346, 

198.63, 19, 0, 0.46346, 

198.63, 20, 0, 0.46346, 

198.63, 21, 0, 0.46346, 

198.63, 22, 0, 0.46346, 

198.63, 23, 0, 0.46346, 

198.63, 24, 0, 0.46346, 

198.63, 25, 0, 0.46346, 

198.63, 26, 0, 0.46346, 

198.63, 27, 0, 0.46346, 

198.63, 28, 0, 0.46346, 

198.63, 29, 0, 0.46346, 

198.63, 30, 0, 0.46346, 

198.63, 31, 0, 0.46346, 

198.63, 32, 0, 0.46346, 

198.63, 33, 0, 0.46346, 

198.63, 34, 0, 0.46346, 

198.63, 35, 0, 0.46346, 

198.63, 36, 0, 0.46346, 

198.63, 37, 0, 0.46346, 

198.63, 38, 0, 0.46346, 

198.63, 39, 0, 0.46346, 

198.63, 40, 0, 0.46346, 

198.63, 41, 0, 0.46346, 

198.63, 42, 0, 0.46346, 

198.63, 43, 0, 0.46346, 

198.63, 44, 0, 0.46346, 

198.63, 45, 0, 0.46346, 

198.63, 46, 0, 0.46346, 

198.63, 47, 0, 0.46346, 

198.63, 48, 0, 0.46346, 

198.63, 49, 0, 0.46346, 

198.63, 50, 0, 0.46346, 

198.63, 51, 0, 0.46346, 

198.63, 52, 0, 0.46346, 

198.63, 53, 0, 0.46346, 

198.63, 54, 0, 0.46346, 

198.63, 55, 0, 0.46346, 

198.63, 56, 0, 0.46346, 

198.63, 57, 0, 0.46346, 

198.63, 58, 0, 0.46346, 

198.63, 59, 0, 0.46346, 

198.63, 60, 0, 0.46346, 

198.63, 61, 0, 0.46346, 

198.63, 62, 0, 0.46346, 

198.63, 63, 0, 0.46346, 

198.63, 64, 0, 0.46346, 

198.63, 65, 0, 0.46346, 

198.63, 66, 0, 0.46346, 

198.63, 67, 0, 0.46346, 

198.63, 68, 0, 0.46346, 

198.63, 69, 0, 0.46346, 

198.63, 70, 0, 0.46346, 

198.63, 71, 0, 0.46346, 

198.63, 72, 0, 0.46346, 

198.63, 73, 0, 0.46346, 

198.63, 74, 0, 0.46346, 

198.63, 75, 0, 0.46346, 

198.63, 76, 0, 0.46346, 

198.63, 77, 0, 0.46346, 

198.63, 78, 0, 0.46346, 

198.63, 79, 0, 0.46346, 

198.63, 80, 0, 0.46346, 

198.63, 81, 0, 0.46346, 

198.63, 82, 0, 0.46346, 

198.63, 83, 0, 0.46346, 

198.63, 84, 0, 0.46346, 

198.63, 85, 0, 0.46346, 

198.63, 86, 0, 0.46346, 

198.63, 87, 0, 0.46346, 

198.63, 88, 0, 0.46346, 

198.63, 89, 0, 0.46346, 

198.63, 90, 0, 0.46346, 

198.63, 91, 0, 0.46346, 

198.63, 92, 0, 0.46346, 

198.63, 93, 0, 0.46346, 

198.63, 94, 0, 0.46346, 

198.63, 95, 0, 0.46346, 

198.63, 96, 0, 0.46346, 

198.63, 97, 0, 0.46346, 

198.63, 98, 0, 0.46346, 

198.63, 99, 0, 0.46346, 

198.63, 100, 0, 0.46346, 

198.63, 101, 0, 0.46346, 

198.63, 102, 0, 0.46346, 

198.63, 103, 0, 0.46346, 

198.63, 104, 0, 0.46346, 

198.63, 105, 0, 0.46346, 

198.63, 106, 0, 0.46346, 

198.63, 107, 0, 0.46346, 

198.63, 108, 0, 0.46346, 

198.63, 109, 0, 0.46346, 

198.63, 110, 0, 0.46346, 

198.63, 111, 0, 0.46346, 

198.63, 112, 0, 0.46346, 

198.63, 113, 0, 0.46346, 

198.63, 114, 0, 0.46346, 

198.63, 115, 0, 0.46346, 

198.63, 116, 0, 0.46346, 

198.63, 117, 0, 0.46346, 

198.63, 118, 0, 0.46346, 

198.63, 119, 0, 0.46346, 

200.787, 0, 0, 0.463433, 

200.787, 1, 0, 0.463433, 

200.787, 2, 0, 0.463433, 

200.787, 3, 0, 0.463433, 

200.787, 4, 0, 0.463433, 

200.787, 5, 0, 0.463433, 

200.787, 6, 0, 0.463433, 

200.787, 7, 0, 0.463433, 

200.787, 8, 0, 0.463433, 

200.787, 9, 0, 0.463433, 

200.787, 10, 0, 0.463433, 

200.787, 11, 0, 0.463433, 

200.787, 12, 0, 0.463433, 

200.787, 13, 0, 0.463433, 

200.787, 14, 0, 0.463433, 

200.787, 15, 0, 0.463433, 

200.787, 16, 0, 0.463433, 

200.787, 17, 0, 0.463433, 

200.787, 18, 0, 0.463433, 

200.787, 19, 0, 0.463433, 

200.787, 20, 0, 0.463433, 

200.787, 21, 0, 0.463433, 

200.787, 22, 0, 0.463433, 

200.787, 23, 0, 0.463433, 

200.787, 24, 0, 0.463433, 

200.787, 25, 0, 0.463433, 

200.787, 26, 0, 0.463433, 

200.787, 27, 0, 0.463433, 

200.787, 28, 0, 0.463433, 

200.787, 29, 0, 0.463433, 

200.787, 30, 0, 0.463433, 

200.787, 31, 0, 0.463433, 

200.787, 32, 0, 0.463433, 

200.787, 33, 0, 0.463433, 

200.787, 34, 0, 0.463433, 

200.787, 35, 0, 0.463433, 

200.787, 36, 0, 0.463433, 

200.787, 37, 0, 0.463433, 

200.787, 38, 0, 0.463433, 

200.787, 39, 0, 0.463433, 

200.787, 40, 0, 0.463433, 

200.787, 41, 0, 0.463433, 

200.787, 42, 0, 0.463433, 

200.787, 43, 0, 0.463433, 

200.787, 44, 0, 0.463433, 

200.787, 45, 0, 0.463433, 

200.787, 46, 0, 0.463433, 

200.787, 47, 0, 0.463433, 

200.787, 48, 0, 0.463433, 

200.787, 49, 0, 0.463433, 

200.787, 50, 0, 0.463433, 

200.787, 51, 0, 0.463433, 

200.787, 52, 0, 0.463433, 

200.787, 53, 0, 0.463433, 

200.787, 54, 0, 0.463433, 

200.787, 55, 0, 0.463433, 

200.787, 56, 0, 0.463433, 

200.787, 57, 0, 0.463433, 

200.787, 58, 0, 0.463433, 

200.787, 59, 0, 0.463433, 

200.787, 60, 0, 0.463433, 

200.787, 61, 0, 0.463433, 

200.787, 62, 0, 0.463433, 

200.787, 63, 0, 0.463433, 

200.787, 64, 0, 0.463433, 

200.787, 65, 0, 0.463433, 

200.787, 66, 0, 0.463433, 

200.787, 67, 0, 0.463433, 

200.787, 68, 0, 0.463433, 

200.787, 69, 0, 0.463433, 

200.787, 70, 0, 0.463433, 

200.787, 71, 0, 0.463433, 

200.787, 72, 0, 0.463433, 

200.787, 73, 0, 0.463433, 

200.787, 74, 0, 0.463433, 

200.787, 75, 0, 0.463433, 

200.787, 76, 0, 0.463433, 

200.787, 77, 0, 0.463433, 

200.787, 78, 0, 0.463433, 

200.787, 79, 0, 0.463433, 

200.787, 80, 0, 0.463433, 

200.787, 81, 0, 0.463433, 

200.787, 82, 0, 0.463433, 

200.787, 83, 0, 0.463433, 

200.787, 84, 0, 0.463433, 

200.787, 85, 0, 0.463433, 

200.787, 86, 0, 0.463433, 

200.787, 87, 0, 0.463433, 

200.787, 88, 0, 0.463433, 

200.787, 89, 0, 0.463433, 

200.787, 90, 0, 0.463433, 

200.787, 91, 0, 0.463433, 

200.787, 92, 0, 0.463433, 

200.787, 93, 0, 0.463433, 

200.787, 94, 0, 0.463433, 

200.787, 95, 0, 0.463433, 

200.787, 96, 0, 0.463433, 

200.787, 97, 0, 0.463433, 

200.787, 98, 0, 0.463433, 

200.787, 99, 0, 0.463433, 

200.787, 100, 0, 0.463433, 

200.787, 101, 0, 0.463433, 

200.787, 102, 0, 0.463433, 

200.787, 103, 0, 0.463433, 

200.787, 104, 0, 0.463433, 

200.787, 105, 0, 0.463433, 

200.787, 106, 0, 0.463433, 

200.787, 107, 0, 0.463433, 

200.787, 108, 0, 0.463433, 

200.787, 109, 0, 0.463433, 

200.787, 110, 0, 0.463433, 

200.787, 111, 0, 0.463433, 

200.787, 112, 0, 0.463433, 

200.787, 113, 0, 0.463433, 

200.787, 114, 0, 0.463433, 

200.787, 115, 0, 0.463433, 

200.787, 116, 0, 0.463433, 

200.787, 117, 0, 0.463433, 

200.787, 118, 0, 0.463433, 

200.787, 119, 0, 0.463433, 

202.945, 0, 0, 0.463415, 

202.945, 1, 0, 0.463415, 

202.945, 2, 0, 0.463415, 

202.945, 3, 0, 0.463415, 

202.945, 4, 0, 0.463415, 

202.945, 5, 0, 0.463415, 

202.945, 6, 0, 0.463415, 

202.945, 7, 0, 0.463415, 

202.945, 8, 0, 0.463415, 

202.945, 9, 0, 0.463415, 

202.945, 10, 0, 0.463415, 

202.945, 11, 0, 0.463415, 

202.945, 12, 0, 0.463415, 

202.945, 13, 0, 0.463415, 

202.945, 14, 0, 0.463415, 

202.945, 15, 0, 0.463415, 

202.945, 16, 0, 0.463415, 

202.945, 17, 0, 0.463415, 

202.945, 18, 0, 0.463415, 

202.945, 19, 0, 0.463415, 

202.945, 20, 0, 0.463415, 

202.945, 21, 0, 0.463415, 

202.945, 22, 0, 0.463415, 

202.945, 23, 0, 0.463415, 

202.945, 24, 0, 0.463415, 

202.945, 25, 0, 0.463415, 

202.945, 26, 0, 0.463415, 

202.945, 27, 0, 0.463415, 

202.945, 28, 0, 0.463415, 

202.945, 29, 0, 0.463415, 

202.945, 30, 0, 0.463415, 

202.945, 31, 0, 0.463415, 

202.945, 32, 0, 0.463415, 

202.945, 33, 0, 0.463415, 

202.945, 34, 0, 0.463415, 

202.945, 35, 0, 0.463415, 

202.945, 36, 0, 0.463415, 

202.945, 37, 0, 0.463415, 

202.945, 38, 0, 0.463415, 

202.945, 39, 0, 0.463415, 

202.945, 40, 0, 0.463415, 

202.945, 41, 0, 0.463415, 

202.945, 42, 0, 0.463415, 

202.945, 43, 0, 0.463415, 

202.945, 44, 0, 0.463415, 

202.945, 45, 0, 0.463415, 

202.945, 46, 0, 0.463415, 

202.945, 47, 0, 0.463415, 

202.945, 48, 0, 0.463415, 

202.945, 49, 0, 0.463415, 

202.945, 50, 0, 0.463415, 

202.945, 51, 0, 0.463415, 

202.945, 52, 0, 0.463415, 

202.945, 53, 0, 0.463415, 

202.945, 54, 0, 0.463415, 

202.945, 55, 0, 0.463415, 

202.945, 56, 0, 0.463415, 

202.945, 57, 0, 0.463415, 

202.945, 58, 0, 0.463415, 

202.945, 59, 0, 0.463415, 

202.945, 60, 0, 0.463415, 

202.945, 61, 0, 0.463415, 

202.945, 62, 0, 0.463415, 

202.945, 63, 0, 0.463415, 

202.945, 64, 0, 0.463415, 

202.945, 65, 0, 0.463415, 

202.945, 66, 0, 0.463415, 

202.945, 67, 0, 0.463415, 

202.945, 68, 0, 0.463415, 

202.945, 69, 0, 0.463415, 

202.945, 70, 0, 0.463415, 

202.945, 71, 0, 0.463415, 

202.945, 72, 0, 0.463415, 

202.945, 73, 0, 0.463415, 

202.945, 74, 0, 0.463415, 

202.945, 75, 0, 0.463415, 

202.945, 76, 0, 0.463415, 

202.945, 77, 0, 0.463415, 

202.945, 78, 0, 0.463415, 

202.945, 79, 0, 0.463415, 

202.945, 80, 0, 0.463415, 

202.945, 81, 0, 0.463415, 

202.945, 82, 0, 0.463415, 

202.945, 83, 0, 0.463415, 

202.945, 84, 0, 0.463415, 

202.945, 85, 0, 0.463415, 

202.945, 86, 0, 0.463415, 

202.945, 87, 0, 0.463415, 

202.945, 88, 0, 0.463415, 

202.945, 89, 0, 0.463415, 

202.945, 90, 0, 0.463415, 

202.945, 91, 0, 0.463415, 

202.945, 92, 0, 0.463415, 

202.945, 93, 0, 0.463415, 

202.945, 94, 0, 0.463415, 

202.945, 95, 0, 0.463415, 

202.945, 96, 0, 0.463415, 

202.945, 97, 0, 0.463415, 

202.945, 98, 0, 0.463415, 

202.945, 99, 0, 0.463415, 

202.945, 100, 0, 0.463415, 

202.945, 101, 0, 0.463415, 

202.945, 102, 0, 0.463415, 

202.945, 103, 0, 0.463415, 

202.945, 104, 0, 0.463415, 

202.945, 105, 0, 0.463415, 

202.945, 106, 0, 0.463415, 

202.945, 107, 0, 0.463415, 

202.945, 108, 0, 0.463415, 

202.945, 109, 0, 0.463415, 

202.945, 110, 0, 0.463415, 

202.945, 111, 0, 0.463415, 

202.945, 112, 0, 0.463415, 

202.945, 113, 0, 0.463415, 

202.945, 114, 0, 0.463415, 

202.945, 115, 0, 0.463415, 

202.945, 116, 0, 0.463415, 

202.945, 117, 0, 0.463415, 

202.945, 118, 0, 0.463415, 

202.945, 119, 0, 0.463415, 

205.103, 0, 0, 0.463404, 

205.103, 1, 0, 0.463404, 

205.103, 2, 0, 0.463404, 

205.103, 3, 0, 0.463404, 

205.103, 4, 0, 0.463404, 

205.103, 5, 0, 0.463404, 

205.103, 6, 0, 0.463404, 

205.103, 7, 0, 0.463404, 

205.103, 8, 0, 0.463404, 

205.103, 9, 0, 0.463404, 

205.103, 10, 0, 0.463404, 

205.103, 11, 0, 0.463404, 

205.103, 12, 0, 0.463404, 

205.103, 13, 0, 0.463404, 

205.103, 14, 0, 0.463404, 

205.103, 15, 0, 0.463404, 

205.103, 16, 0, 0.463404, 

205.103, 17, 0, 0.463404, 

205.103, 18, 0, 0.463404, 

205.103, 19, 0, 0.463404, 

205.103, 20, 0, 0.463404, 

205.103, 21, 0, 0.463404, 

205.103, 22, 0, 0.463404, 

205.103, 23, 0, 0.463404, 

205.103, 24, 0, 0.463404, 

205.103, 25, 0, 0.463404, 

205.103, 26, 0, 0.463404, 

205.103, 27, 0, 0.463404, 

205.103, 28, 0, 0.463404, 

205.103, 29, 0, 0.463404, 

205.103, 30, 0, 0.463404, 

205.103, 31, 0, 0.463404, 

205.103, 32, 0, 0.463404, 

205.103, 33, 0, 0.463404, 

205.103, 34, 0, 0.463404, 

205.103, 35, 0, 0.463404, 

205.103, 36, 0, 0.463404, 

205.103, 37, 0, 0.463404, 

205.103, 38, 0, 0.463404, 

205.103, 39, 0, 0.463404, 

205.103, 40, 0, 0.463404, 

205.103, 41, 0, 0.463404, 

205.103, 42, 0, 0.463404, 

205.103, 43, 0, 0.463404, 

205.103, 44, 0, 0.463404, 

205.103, 45, 0, 0.463404, 

205.103, 46, 0, 0.463404, 

205.103, 47, 0, 0.463404, 

205.103, 48, 0, 0.463404, 

205.103, 49, 0, 0.463404, 

205.103, 50, 0, 0.463404, 

205.103, 51, 0, 0.463404, 

205.103, 52, 0, 0.463404, 

205.103, 53, 0, 0.463404, 

205.103, 54, 0, 0.463404, 

205.103, 55, 0, 0.463404, 

205.103, 56, 0, 0.463404, 

205.103, 57, 0, 0.463404, 

205.103, 58, 0, 0.463404, 

205.103, 59, 0, 0.463404, 

205.103, 60, 0, 0.463404, 

205.103, 61, 0, 0.463404, 

205.103, 62, 0, 0.463404, 

205.103, 63, 0, 0.463404, 

205.103, 64, 0, 0.463404, 

205.103, 65, 0, 0.463404, 

205.103, 66, 0, 0.463404, 

205.103, 67, 0, 0.463404, 

205.103, 68, 0, 0.463404, 

205.103, 69, 0, 0.463404, 

205.103, 70, 0, 0.463404, 

205.103, 71, 0, 0.463404, 

205.103, 72, 0, 0.463404, 

205.103, 73, 0, 0.463404, 

205.103, 74, 0, 0.463404, 

205.103, 75, 0, 0.463404, 

205.103, 76, 0, 0.463404, 

205.103, 77, 0, 0.463404, 

205.103, 78, 0, 0.463404, 

205.103, 79, 0, 0.463404, 

205.103, 80, 0, 0.463404, 

205.103, 81, 0, 0.463404, 

205.103, 82, 0, 0.463404, 

205.103, 83, 0, 0.463404, 

205.103, 84, 0, 0.463404, 

205.103, 85, 0, 0.463404, 

205.103, 86, 0, 0.463404, 

205.103, 87, 0, 0.463404, 

205.103, 88, 0, 0.463404, 

205.103, 89, 0, 0.463404, 

205.103, 90, 0, 0.463404, 

205.103, 91, 0, 0.463404, 

205.103, 92, 0, 0.463404, 

205.103, 93, 0, 0.463404, 

205.103, 94, 0, 0.463404, 

205.103, 95, 0, 0.463404, 

205.103, 96, 0, 0.463404, 

205.103, 97, 0, 0.463404, 

205.103, 98, 0, 0.463404, 

205.103, 99, 0, 0.463404, 

205.103, 100, 0, 0.463404, 

205.103, 101, 0, 0.463404, 

205.103, 102, 0, 0.463404, 

205.103, 103, 0, 0.463404, 

205.103, 104, 0, 0.463404, 

205.103, 105, 0, 0.463404, 

205.103, 106, 0, 0.463404, 

205.103, 107, 0, 0.463404, 

205.103, 108, 0, 0.463404, 

205.103, 109, 0, 0.463404, 

205.103, 110, 0, 0.463404, 

205.103, 111, 0, 0.463404, 

205.103, 112, 0, 0.463404, 

205.103, 113, 0, 0.463404, 

205.103, 114, 0, 0.463404, 

205.103, 115, 0, 0.463404, 

205.103, 116, 0, 0.463404, 

205.103, 117, 0, 0.463404, 

205.103, 118, 0, 0.463404, 

205.103, 119, 0, 0.463404, 

207.261, 0, 0, 0.463397, 

207.261, 1, 0, 0.463397, 

207.261, 2, 0, 0.463397, 

207.261, 3, 0, 0.463397, 

207.261, 4, 0, 0.463397, 

207.261, 5, 0, 0.463397, 

207.261, 6, 0, 0.463397, 

207.261, 7, 0, 0.463397, 

207.261, 8, 0, 0.463397, 

207.261, 9, 0, 0.463397, 

207.261, 10, 0, 0.463397, 

207.261, 11, 0, 0.463397, 

207.261, 12, 0, 0.463397, 

207.261, 13, 0, 0.463397, 

207.261, 14, 0, 0.463397, 

207.261, 15, 0, 0.463397, 

207.261, 16, 0, 0.463397, 

207.261, 17, 0, 0.463397, 

207.261, 18, 0, 0.463397, 

207.261, 19, 0, 0.463397, 

207.261, 20, 0, 0.463397, 

207.261, 21, 0, 0.463397, 

207.261, 22, 0, 0.463397, 

207.261, 23, 0, 0.463397, 

207.261, 24, 0, 0.463397, 

207.261, 25, 0, 0.463397, 

207.261, 26, 0, 0.463397, 

207.261, 27, 0, 0.463397, 

207.261, 28, 0, 0.463397, 

207.261, 29, 0, 0.463397, 

207.261, 30, 0, 0.463397, 

207.261, 31, 0, 0.463397, 

207.261, 32, 0, 0.463397, 

207.261, 33, 0, 0.463397, 

207.261, 34, 0, 0.463397, 

207.261, 35, 0, 0.463397, 

207.261, 36, 0, 0.463397, 

207.261, 37, 0, 0.463397, 

207.261, 38, 0, 0.463397, 

207.261, 39, 0, 0.463397, 

207.261, 40, 0, 0.463397, 

207.261, 41, 0, 0.463397, 

207.261, 42, 0, 0.463397, 

207.261, 43, 0, 0.463397, 

207.261, 44, 0, 0.463397, 

207.261, 45, 0, 0.463397, 

207.261, 46, 0, 0.463397, 

207.261, 47, 0, 0.463397, 

207.261, 48, 0, 0.463397, 

207.261, 49, 0, 0.463397, 

207.261, 50, 0, 0.463397, 

207.261, 51, 0, 0.463397, 

207.261, 52, 0, 0.463397, 

207.261, 53, 0, 0.463397, 

207.261, 54, 0, 0.463397, 

207.261, 55, 0, 0.463397, 

207.261, 56, 0, 0.463397, 

207.261, 57, 0, 0.463397, 

207.261, 58, 0, 0.463397, 

207.261, 59, 0, 0.463397, 

207.261, 60, 0, 0.463397, 

207.261, 61, 0, 0.463397, 

207.261, 62, 0, 0.463397, 

207.261, 63, 0, 0.463397, 

207.261, 64, 0, 0.463397, 

207.261, 65, 0, 0.463397, 

207.261, 66, 0, 0.463397, 

207.261, 67, 0, 0.463397, 

207.261, 68, 0, 0.463397, 

207.261, 69, 0, 0.463397, 

207.261, 70, 0, 0.463397, 

207.261, 71, 0, 0.463397, 

207.261, 72, 0, 0.463397, 

207.261, 73, 0, 0.463397, 

207.261, 74, 0, 0.463397, 

207.261, 75, 0, 0.463397, 

207.261, 76, 0, 0.463397, 

207.261, 77, 0, 0.463397, 

207.261, 78, 0, 0.463397, 

207.261, 79, 0, 0.463397, 

207.261, 80, 0, 0.463397, 

207.261, 81, 0, 0.463397, 

207.261, 82, 0, 0.463397, 

207.261, 83, 0, 0.463397, 

207.261, 84, 0, 0.463397, 

207.261, 85, 0, 0.463397, 

207.261, 86, 0, 0.463397, 

207.261, 87, 0, 0.463397, 

207.261, 88, 0, 0.463397, 

207.261, 89, 0, 0.463397, 

207.261, 90, 0, 0.463397, 

207.261, 91, 0, 0.463397, 

207.261, 92, 0, 0.463397, 

207.261, 93, 0, 0.463397, 

207.261, 94, 0, 0.463397, 

207.261, 95, 0, 0.463397, 

207.261, 96, 0, 0.463397, 

207.261, 97, 0, 0.463397, 

207.261, 98, 0, 0.463397, 

207.261, 99, 0, 0.463397, 

207.261, 100, 0, 0.463397, 

207.261, 101, 0, 0.463397, 

207.261, 102, 0, 0.463397, 

207.261, 103, 0, 0.463397, 

207.261, 104, 0, 0.463397, 

207.261, 105, 0, 0.463397, 

207.261, 106, 0, 0.463397, 

207.261, 107, 0, 0.463397, 

207.261, 108, 0, 0.463397, 

207.261, 109, 0, 0.463397, 

207.261, 110, 0, 0.463397, 

207.261, 111, 0, 0.463397, 

207.261, 112, 0, 0.463397, 

207.261, 113, 0, 0.463397, 

207.261, 114, 0, 0.463397, 

207.261, 115, 0, 0.463397, 

207.261, 116, 0, 0.463397, 

207.261, 117, 0, 0.463397, 

207.261, 118, 0, 0.463397, 

207.261, 119, 0, 0.463397, 

209.419, 0, 0, 0.463393, 

209.419, 1, 0, 0.463393, 

209.419, 2, 0, 0.463393, 

209.419, 3, 0, 0.463393, 

209.419, 4, 0, 0.463393, 

209.419, 5, 0, 0.463393, 

209.419, 6, 0, 0.463393, 

209.419, 7, 0, 0.463393, 

209.419, 8, 0, 0.463393, 

209.419, 9, 0, 0.463393, 

209.419, 10, 0, 0.463393, 

209.419, 11, 0, 0.463393, 

209.419, 12, 0, 0.463393, 

209.419, 13, 0, 0.463393, 

209.419, 14, 0, 0.463393, 

209.419, 15, 0, 0.463393, 

209.419, 16, 0, 0.463393, 

209.419, 17, 0, 0.463393, 

209.419, 18, 0, 0.463393, 

209.419, 19, 0, 0.463393, 

209.419, 20, 0, 0.463393, 

209.419, 21, 0, 0.463393, 

209.419, 22, 0, 0.463393, 

209.419, 23, 0, 0.463393, 

209.419, 24, 0, 0.463393, 

209.419, 25, 0, 0.463393, 

209.419, 26, 0, 0.463393, 

209.419, 27, 0, 0.463393, 

209.419, 28, 0, 0.463393, 

209.419, 29, 0, 0.463393, 

209.419, 30, 0, 0.463393, 

209.419, 31, 0, 0.463393, 

209.419, 32, 0, 0.463393, 

209.419, 33, 0, 0.463393, 

209.419, 34, 0, 0.463393, 

209.419, 35, 0, 0.463393, 

209.419, 36, 0, 0.463393, 

209.419, 37, 0, 0.463393, 

209.419, 38, 0, 0.463393, 

209.419, 39, 0, 0.463393, 

209.419, 40, 0, 0.463393, 

209.419, 41, 0, 0.463393, 

209.419, 42, 0, 0.463393, 

209.419, 43, 0, 0.463393, 

209.419, 44, 0, 0.463393, 

209.419, 45, 0, 0.463393, 

209.419, 46, 0, 0.463393, 

209.419, 47, 0, 0.463393, 

209.419, 48, 0, 0.463393, 

209.419, 49, 0, 0.463393, 

209.419, 50, 0, 0.463393, 

209.419, 51, 0, 0.463393, 

209.419, 52, 0, 0.463393, 

209.419, 53, 0, 0.463393, 

209.419, 54, 0, 0.463393, 

209.419, 55, 0, 0.463393, 

209.419, 56, 0, 0.463393, 

209.419, 57, 0, 0.463393, 

209.419, 58, 0, 0.463393, 

209.419, 59, 0, 0.463393, 

209.419, 60, 0, 0.463393, 

209.419, 61, 0, 0.463393, 

209.419, 62, 0, 0.463393, 

209.419, 63, 0, 0.463393, 

209.419, 64, 0, 0.463393, 

209.419, 65, 0, 0.463393, 

209.419, 66, 0, 0.463393, 

209.419, 67, 0, 0.463393, 

209.419, 68, 0, 0.463393, 

209.419, 69, 0, 0.463393, 

209.419, 70, 0, 0.463393, 

209.419, 71, 0, 0.463393, 

209.419, 72, 0, 0.463393, 

209.419, 73, 0, 0.463393, 

209.419, 74, 0, 0.463393, 

209.419, 75, 0, 0.463393, 

209.419, 76, 0, 0.463393, 

209.419, 77, 0, 0.463393, 

209.419, 78, 0, 0.463393, 

209.419, 79, 0, 0.463393, 

209.419, 80, 0, 0.463393, 

209.419, 81, 0, 0.463393, 

209.419, 82, 0, 0.463393, 

209.419, 83, 0, 0.463393, 

209.419, 84, 0, 0.463393, 

209.419, 85, 0, 0.463393, 

209.419, 86, 0, 0.463393, 

209.419, 87, 0, 0.463393, 

209.419, 88, 0, 0.463393, 

209.419, 89, 0, 0.463393, 

209.419, 90, 0, 0.463393, 

209.419, 91, 0, 0.463393, 

209.419, 92, 0, 0.463393, 

209.419, 93, 0, 0.463393, 

209.419, 94, 0, 0.463393, 

209.419, 95, 0, 0.463393, 

209.419, 96, 0, 0.463393, 

209.419, 97, 0, 0.463393, 

209.419, 98, 0, 0.463393, 

209.419, 99, 0, 0.463393, 

209.419, 100, 0, 0.463393, 

209.419, 101, 0, 0.463393, 

209.419, 102, 0, 0.463393, 

209.419, 103, 0, 0.463393, 

209.419, 104, 0, 0.463393, 

209.419, 105, 0, 0.463393, 

209.419, 106, 0, 0.463393, 

209.419, 107, 0, 0.463393, 

209.419, 108, 0, 0.463393, 

209.419, 109, 0, 0.463393, 

209.419, 110, 0, 0.463393, 

209.419, 111, 0, 0.463393, 

209.419, 112, 0, 0.463393, 

209.419, 113, 0, 0.463393, 

209.419, 114, 0, 0.463393, 

209.419, 115, 0, 0.463393, 

209.419, 116, 0, 0.463393, 

209.419, 117, 0, 0.463393, 

209.419, 118, 0, 0.463393, 

209.419, 119, 0, 0.463393, 

211.577, 0, 0, 0.46339, 

211.577, 1, 0, 0.46339, 

211.577, 2, 0, 0.46339, 

211.577, 3, 0, 0.46339, 

211.577, 4, 0, 0.46339, 

211.577, 5, 0, 0.46339, 

211.577, 6, 0, 0.46339, 

211.577, 7, 0, 0.46339, 

211.577, 8, 0, 0.46339, 

211.577, 9, 0, 0.46339, 

211.577, 10, 0, 0.46339, 

211.577, 11, 0, 0.46339, 

211.577, 12, 0, 0.46339, 

211.577, 13, 0, 0.46339, 

211.577, 14, 0, 0.46339, 

211.577, 15, 0, 0.46339, 

211.577, 16, 0, 0.46339, 

211.577, 17, 0, 0.46339, 

211.577, 18, 0, 0.46339, 

211.577, 19, 0, 0.46339, 

211.577, 20, 0, 0.46339, 

211.577, 21, 0, 0.46339, 

211.577, 22, 0, 0.46339, 

211.577, 23, 0, 0.46339, 

211.577, 24, 0, 0.46339, 

211.577, 25, 0, 0.46339, 

211.577, 26, 0, 0.46339, 

211.577, 27, 0, 0.46339, 

211.577, 28, 0, 0.46339, 

211.577, 29, 0, 0.46339, 

211.577, 30, 0, 0.46339, 

211.577, 31, 0, 0.46339, 

211.577, 32, 0, 0.46339, 

211.577, 33, 0, 0.46339, 

211.577, 34, 0, 0.46339, 

211.577, 35, 0, 0.46339, 

211.577, 36, 0, 0.46339, 

211.577, 37, 0, 0.46339, 

211.577, 38, 0, 0.46339, 

211.577, 39, 0, 0.46339, 

211.577, 40, 0, 0.46339, 

211.577, 41, 0, 0.46339, 

211.577, 42, 0, 0.46339, 

211.577, 43, 0, 0.46339, 

211.577, 44, 0, 0.46339, 

211.577, 45, 0, 0.46339, 

211.577, 46, 0, 0.46339, 

211.577, 47, 0, 0.46339, 

211.577, 48, 0, 0.46339, 

211.577, 49, 0, 0.46339, 

211.577, 50, 0, 0.46339, 

211.577, 51, 0, 0.46339, 

211.577, 52, 0, 0.46339, 

211.577, 53, 0, 0.46339, 

211.577, 54, 0, 0.46339, 

211.577, 55, 0, 0.46339, 

211.577, 56, 0, 0.46339, 

211.577, 57, 0, 0.46339, 

211.577, 58, 0, 0.46339, 

211.577, 59, 0, 0.46339, 

211.577, 60, 0, 0.46339, 

211.577, 61, 0, 0.46339, 

211.577, 62, 0, 0.46339, 

211.577, 63, 0, 0.46339, 

211.577, 64, 0, 0.46339, 

211.577, 65, 0, 0.46339, 

211.577, 66, 0, 0.46339, 

211.577, 67, 0, 0.46339, 

211.577, 68, 0, 0.46339, 

211.577, 69, 0, 0.46339, 

211.577, 70, 0, 0.46339, 

211.577, 71, 0, 0.46339, 

211.577, 72, 0, 0.46339, 

211.577, 73, 0, 0.46339, 

211.577, 74, 0, 0.46339, 

211.577, 75, 0, 0.46339, 

211.577, 76, 0, 0.46339, 

211.577, 77, 0, 0.46339, 

211.577, 78, 0, 0.46339, 

211.577, 79, 0, 0.46339, 

211.577, 80, 0, 0.46339, 

211.577, 81, 0, 0.46339, 

211.577, 82, 0, 0.46339, 

211.577, 83, 0, 0.46339, 

211.577, 84, 0, 0.46339, 

211.577, 85, 0, 0.46339, 

211.577, 86, 0, 0.46339, 

211.577, 87, 0, 0.46339, 

211.577, 88, 0, 0.46339, 

211.577, 89, 0, 0.46339, 

211.577, 90, 0, 0.46339, 

211.577, 91, 0, 0.46339, 

211.577, 92, 0, 0.46339, 

211.577, 93, 0, 0.46339, 

211.577, 94, 0, 0.46339, 

211.577, 95, 0, 0.46339, 

211.577, 96, 0, 0.46339, 

211.577, 97, 0, 0.46339, 

211.577, 98, 0, 0.46339, 

211.577, 99, 0, 0.46339, 

211.577, 100, 0, 0.46339, 

211.577, 101, 0, 0.46339, 

211.577, 102, 0, 0.46339, 

211.577, 103, 0, 0.46339, 

211.577, 104, 0, 0.46339, 

211.577, 105, 0, 0.46339, 

211.577, 106, 0, 0.46339, 

211.577, 107, 0, 0.46339, 

211.577, 108, 0, 0.46339, 

211.577, 109, 0, 0.46339, 

211.577, 110, 0, 0.46339, 

211.577, 111, 0, 0.46339, 

211.577, 112, 0, 0.46339, 

211.577, 113, 0, 0.46339, 

211.577, 114, 0, 0.46339, 

211.577, 115, 0, 0.46339, 

211.577, 116, 0, 0.46339, 

211.577, 117, 0, 0.46339, 

211.577, 118, 0, 0.46339, 

211.577, 119, 0, 0.46339, 

213.734, 0, 0, 0.463389, 

213.734, 1, 0, 0.463389, 

213.734, 2, 0, 0.463389, 

213.734, 3, 0, 0.463389, 

213.734, 4, 0, 0.463389, 

213.734, 5, 0, 0.463389, 

213.734, 6, 0, 0.463389, 

213.734, 7, 0, 0.463389, 

213.734, 8, 0, 0.463389, 

213.734, 9, 0, 0.463389, 

213.734, 10, 0, 0.463389, 

213.734, 11, 0, 0.463389, 

213.734, 12, 0, 0.463389, 

213.734, 13, 0, 0.463389, 

213.734, 14, 0, 0.463389, 

213.734, 15, 0, 0.463389, 

213.734, 16, 0, 0.463389, 

213.734, 17, 0, 0.463389, 

213.734, 18, 0, 0.463389, 

213.734, 19, 0, 0.463389, 

213.734, 20, 0, 0.463389, 

213.734, 21, 0, 0.463389, 

213.734, 22, 0, 0.463389, 

213.734, 23, 0, 0.463389, 

213.734, 24, 0, 0.463389, 

213.734, 25, 0, 0.463389, 

213.734, 26, 0, 0.463389, 

213.734, 27, 0, 0.463389, 

213.734, 28, 0, 0.463389, 

213.734, 29, 0, 0.463389, 

213.734, 30, 0, 0.463389, 

213.734, 31, 0, 0.463389, 

213.734, 32, 0, 0.463389, 

213.734, 33, 0, 0.463389, 

213.734, 34, 0, 0.463389, 

213.734, 35, 0, 0.463389, 

213.734, 36, 0, 0.463389, 

213.734, 37, 0, 0.463389, 

213.734, 38, 0, 0.463389, 

213.734, 39, 0, 0.463389, 

213.734, 40, 0, 0.463389, 

213.734, 41, 0, 0.463389, 

213.734, 42, 0, 0.463389, 

213.734, 43, 0, 0.463389, 

213.734, 44, 0, 0.463389, 

213.734, 45, 0, 0.463389, 

213.734, 46, 0, 0.463389, 

213.734, 47, 0, 0.463389, 

213.734, 48, 0, 0.463389, 

213.734, 49, 0, 0.463389, 

213.734, 50, 0, 0.463389, 

213.734, 51, 0, 0.463389, 

213.734, 52, 0, 0.463389, 

213.734, 53, 0, 0.463389, 

213.734, 54, 0, 0.463389, 

213.734, 55, 0, 0.463389, 

213.734, 56, 0, 0.463389, 

213.734, 57, 0, 0.463389, 

213.734, 58, 0, 0.463389, 

213.734, 59, 0, 0.463389, 

213.734, 60, 0, 0.463389, 

213.734, 61, 0, 0.463389, 

213.734, 62, 0, 0.463389, 

213.734, 63, 0, 0.463389, 

213.734, 64, 0, 0.463389, 

213.734, 65, 0, 0.463389, 

213.734, 66, 0, 0.463389, 

213.734, 67, 0, 0.463389, 

213.734, 68, 0, 0.463389, 

213.734, 69, 0, 0.463389, 

213.734, 70, 0, 0.463389, 

213.734, 71, 0, 0.463389, 

213.734, 72, 0, 0.463389, 

213.734, 73, 0, 0.463389, 

213.734, 74, 0, 0.463389, 

213.734, 75, 0, 0.463389, 

213.734, 76, 0, 0.463389, 

213.734, 77, 0, 0.463389, 

213.734, 78, 0, 0.463389, 

213.734, 79, 0, 0.463389, 

213.734, 80, 0, 0.463389, 

213.734, 81, 0, 0.463389, 

213.734, 82, 0, 0.463389, 

213.734, 83, 0, 0.463389, 

213.734, 84, 0, 0.463389, 

213.734, 85, 0, 0.463389, 

213.734, 86, 0, 0.463389, 

213.734, 87, 0, 0.463389, 

213.734, 88, 0, 0.463389, 

213.734, 89, 0, 0.463389, 

213.734, 90, 0, 0.463389, 

213.734, 91, 0, 0.463389, 

213.734, 92, 0, 0.463389, 

213.734, 93, 0, 0.463389, 

213.734, 94, 0, 0.463389, 

213.734, 95, 0, 0.463389, 

213.734, 96, 0, 0.463389, 

213.734, 97, 0, 0.463389, 

213.734, 98, 0, 0.463389, 

213.734, 99, 0, 0.463389, 

213.734, 100, 0, 0.463389, 

213.734, 101, 0, 0.463389, 

213.734, 102, 0, 0.463389, 

213.734, 103, 0, 0.463389, 

213.734, 104, 0, 0.463389, 

213.734, 105, 0, 0.463389, 

213.734, 106, 0, 0.463389, 

213.734, 107, 0, 0.463389, 

213.734, 108, 0, 0.463389, 

213.734, 109, 0, 0.463389, 

213.734, 110, 0, 0.463389, 

213.734, 111, 0, 0.463389, 

213.734, 112, 0, 0.463389, 

213.734, 113, 0, 0.463389, 

213.734, 114, 0, 0.463389, 

213.734, 115, 0, 0.463389, 

213.734, 116, 0, 0.463389, 

213.734, 117, 0, 0.463389, 

213.734, 118, 0, 0.463389, 

213.734, 119, 0, 0.463389, 

215.892, 0, 0, 0.463388, 

215.892, 1, 0, 0.463388, 

215.892, 2, 0, 0.463388, 

215.892, 3, 0, 0.463388, 

215.892, 4, 0, 0.463388, 

215.892, 5, 0, 0.463388, 

215.892, 6, 0, 0.463388, 

215.892, 7, 0, 0.463388, 

215.892, 8, 0, 0.463388, 

215.892, 9, 0, 0.463388, 

215.892, 10, 0, 0.463388, 

215.892, 11, 0, 0.463388, 

215.892, 12, 0, 0.463388, 

215.892, 13, 0, 0.463388, 

215.892, 14, 0, 0.463388, 

215.892, 15, 0, 0.463388, 

215.892, 16, 0, 0.463388, 

215.892, 17, 0, 0.463388, 

215.892, 18, 0, 0.463388, 

215.892, 19, 0, 0.463388, 

215.892, 20, 0, 0.463388, 

215.892, 21, 0, 0.463388, 

215.892, 22, 0, 0.463388, 

215.892, 23, 0, 0.463388, 

215.892, 24, 0, 0.463388, 

215.892, 25, 0, 0.463388, 

215.892, 26, 0, 0.463388, 

215.892, 27, 0, 0.463388, 

215.892, 28, 0, 0.463388, 

215.892, 29, 0, 0.463388, 

215.892, 30, 0, 0.463388, 

215.892, 31, 0, 0.463388, 

215.892, 32, 0, 0.463388, 

215.892, 33, 0, 0.463388, 

215.892, 34, 0, 0.463388, 

215.892, 35, 0, 0.463388, 

215.892, 36, 0, 0.463388, 

215.892, 37, 0, 0.463388, 

215.892, 38, 0, 0.463388, 

215.892, 39, 0, 0.463388, 

215.892, 40, 0, 0.463388, 

215.892, 41, 0, 0.463388, 

215.892, 42, 0, 0.463388, 

215.892, 43, 0, 0.463388, 

215.892, 44, 0, 0.463388, 

215.892, 45, 0, 0.463388, 

215.892, 46, 0, 0.463388, 

215.892, 47, 0, 0.463388, 

215.892, 48, 0, 0.463388, 

215.892, 49, 0, 0.463388, 

215.892, 50, 0, 0.463388, 

215.892, 51, 0, 0.463388, 

215.892, 52, 0, 0.463388, 

215.892, 53, 0, 0.463388, 

215.892, 54, 0, 0.463388, 

215.892, 55, 0, 0.463388, 

215.892, 56, 0, 0.463388, 

215.892, 57, 0, 0.463388, 

215.892, 58, 0, 0.463388, 

215.892, 59, 0, 0.463388, 

215.892, 60, 0, 0.463388, 

215.892, 61, 0, 0.463388, 

215.892, 62, 0, 0.463388, 

215.892, 63, 0, 0.463388, 

215.892, 64, 0, 0.463388, 

215.892, 65, 0, 0.463388, 

215.892, 66, 0, 0.463388, 

215.892, 67, 0, 0.463388, 

215.892, 68, 0, 0.463388, 

215.892, 69, 0, 0.463388, 

215.892, 70, 0, 0.463388, 

215.892, 71, 0, 0.463388, 

215.892, 72, 0, 0.463388, 

215.892, 73, 0, 0.463388, 

215.892, 74, 0, 0.463388, 

215.892, 75, 0, 0.463388, 

215.892, 76, 0, 0.463388, 

215.892, 77, 0, 0.463388, 

215.892, 78, 0, 0.463388, 

215.892, 79, 0, 0.463388, 

215.892, 80, 0, 0.463388, 

215.892, 81, 0, 0.463388, 

215.892, 82, 0, 0.463388, 

215.892, 83, 0, 0.463388, 

215.892, 84, 0, 0.463388, 

215.892, 85, 0, 0.463388, 

215.892, 86, 0, 0.463388, 

215.892, 87, 0, 0.463388, 

215.892, 88, 0, 0.463388, 

215.892, 89, 0, 0.463388, 

215.892, 90, 0, 0.463388, 

215.892, 91, 0, 0.463388, 

215.892, 92, 0, 0.463388, 

215.892, 93, 0, 0.463388, 

215.892, 94, 0, 0.463388, 

215.892, 95, 0, 0.463388, 

215.892, 96, 0, 0.463388, 

215.892, 97, 0, 0.463388, 

215.892, 98, 0, 0.463388, 

215.892, 99, 0, 0.463388, 

215.892, 100, 0, 0.463388, 

215.892, 101, 0, 0.463388, 

215.892, 102, 0, 0.463388, 

215.892, 103, 0, 0.463388, 

215.892, 104, 0, 0.463388, 

215.892, 105, 0, 0.463388, 

215.892, 106, 0, 0.463388, 

215.892, 107, 0, 0.463388, 

215.892, 108, 0, 0.463388, 

215.892, 109, 0, 0.463388, 

215.892, 110, 0, 0.463388, 

215.892, 111, 0, 0.463388, 

215.892, 112, 0, 0.463388, 

215.892, 113, 0, 0.463388, 

215.892, 114, 0, 0.463388, 

215.892, 115, 0, 0.463388, 

215.892, 116, 0, 0.463388, 

215.892, 117, 0, 0.463388, 

215.892, 118, 0, 0.463388, 

215.892, 119, 0, 0.463388, 

218.05, 0, 0, 0.463388, 

218.05, 1, 0, 0.463388, 

218.05, 2, 0, 0.463388, 

218.05, 3, 0, 0.463388, 

218.05, 4, 0, 0.463388, 

218.05, 5, 0, 0.463388, 

218.05, 6, 0, 0.463388, 

218.05, 7, 0, 0.463388, 

218.05, 8, 0, 0.463388, 

218.05, 9, 0, 0.463388, 

218.05, 10, 0, 0.463388, 

218.05, 11, 0, 0.463388, 

218.05, 12, 0, 0.463388, 

218.05, 13, 0, 0.463388, 

218.05, 14, 0, 0.463388, 

218.05, 15, 0, 0.463388, 

218.05, 16, 0, 0.463388, 

218.05, 17, 0, 0.463388, 

218.05, 18, 0, 0.463388, 

218.05, 19, 0, 0.463388, 

218.05, 20, 0, 0.463388, 

218.05, 21, 0, 0.463388, 

218.05, 22, 0, 0.463388, 

218.05, 23, 0, 0.463388, 

218.05, 24, 0, 0.463388, 

218.05, 25, 0, 0.463388, 

218.05, 26, 0, 0.463388, 

218.05, 27, 0, 0.463388, 

218.05, 28, 0, 0.463388, 

218.05, 29, 0, 0.463388, 

218.05, 30, 0, 0.463388, 

218.05, 31, 0, 0.463388, 

218.05, 32, 0, 0.463388, 

218.05, 33, 0, 0.463388, 

218.05, 34, 0, 0.463388, 

218.05, 35, 0, 0.463388, 

218.05, 36, 0, 0.463388, 

218.05, 37, 0, 0.463388, 

218.05, 38, 0, 0.463388, 

218.05, 39, 0, 0.463388, 

218.05, 40, 0, 0.463388, 

218.05, 41, 0, 0.463388, 

218.05, 42, 0, 0.463388, 

218.05, 43, 0, 0.463388, 

218.05, 44, 0, 0.463388, 

218.05, 45, 0, 0.463388, 

218.05, 46, 0, 0.463388, 

218.05, 47, 0, 0.463388, 

218.05, 48, 0, 0.463388, 

218.05, 49, 0, 0.463388, 

218.05, 50, 0, 0.463388, 

218.05, 51, 0, 0.463388, 

218.05, 52, 0, 0.463388, 

218.05, 53, 0, 0.463388, 

218.05, 54, 0, 0.463388, 

218.05, 55, 0, 0.463388, 

218.05, 56, 0, 0.463388, 

218.05, 57, 0, 0.463388, 

218.05, 58, 0, 0.463388, 

218.05, 59, 0, 0.463388, 

218.05, 60, 0, 0.463388, 

218.05, 61, 0, 0.463388, 

218.05, 62, 0, 0.463388, 

218.05, 63, 0, 0.463388, 

218.05, 64, 0, 0.463388, 

218.05, 65, 0, 0.463388, 

218.05, 66, 0, 0.463388, 

218.05, 67, 0, 0.463388, 

218.05, 68, 0, 0.463388, 

218.05, 69, 0, 0.463388, 

218.05, 70, 0, 0.463388, 

218.05, 71, 0, 0.463388, 

218.05, 72, 0, 0.463388, 

218.05, 73, 0, 0.463388, 

218.05, 74, 0, 0.463388, 

218.05, 75, 0, 0.463388, 

218.05, 76, 0, 0.463388, 

218.05, 77, 0, 0.463388, 

218.05, 78, 0, 0.463388, 

218.05, 79, 0, 0.463388, 

218.05, 80, 0, 0.463388, 

218.05, 81, 0, 0.463388, 

218.05, 82, 0, 0.463388, 

218.05, 83, 0, 0.463388, 

218.05, 84, 0, 0.463388, 

218.05, 85, 0, 0.463388, 

218.05, 86, 0, 0.463388, 

218.05, 87, 0, 0.463388, 

218.05, 88, 0, 0.463388, 

218.05, 89, 0, 0.463388, 

218.05, 90, 0, 0.463388, 

218.05, 91, 0, 0.463388, 

218.05, 92, 0, 0.463388, 

218.05, 93, 0, 0.463388, 

218.05, 94, 0, 0.463388, 

218.05, 95, 0, 0.463388, 

218.05, 96, 0, 0.463388, 

218.05, 97, 0, 0.463388, 

218.05, 98, 0, 0.463388, 

218.05, 99, 0, 0.463388, 

218.05, 100, 0, 0.463388, 

218.05, 101, 0, 0.463388, 

218.05, 102, 0, 0.463388, 

218.05, 103, 0, 0.463388, 

218.05, 104, 0, 0.463388, 

218.05, 105, 0, 0.463388, 

218.05, 106, 0, 0.463388, 

218.05, 107, 0, 0.463388, 

218.05, 108, 0, 0.463388, 

218.05, 109, 0, 0.463388, 

218.05, 110, 0, 0.463388, 

218.05, 111, 0, 0.463388, 

218.05, 112, 0, 0.463388, 

218.05, 113, 0, 0.463388, 

218.05, 114, 0, 0.463388, 

218.05, 115, 0, 0.463388, 

218.05, 116, 0, 0.463388, 

218.05, 117, 0, 0.463388, 

218.05, 118, 0, 0.463388, 

218.05, 119, 0, 0.463388, 

220.208, 0, 0, 0.463387, 

220.208, 1, 0, 0.463387, 

220.208, 2, 0, 0.463387, 

220.208, 3, 0, 0.463387, 

220.208, 4, 0, 0.463387, 

220.208, 5, 0, 0.463387, 

220.208, 6, 0, 0.463387, 

220.208, 7, 0, 0.463387, 

220.208, 8, 0, 0.463387, 

220.208, 9, 0, 0.463387, 

220.208, 10, 0, 0.463387, 

220.208, 11, 0, 0.463387, 

220.208, 12, 0, 0.463387, 

220.208, 13, 0, 0.463387, 

220.208, 14, 0, 0.463387, 

220.208, 15, 0, 0.463387, 

220.208, 16, 0, 0.463387, 

220.208, 17, 0, 0.463387, 

220.208, 18, 0, 0.463387, 

220.208, 19, 0, 0.463387, 

220.208, 20, 0, 0.463387, 

220.208, 21, 0, 0.463387, 

220.208, 22, 0, 0.463387, 

220.208, 23, 0, 0.463387, 

220.208, 24, 0, 0.463387, 

220.208, 25, 0, 0.463387, 

220.208, 26, 0, 0.463387, 

220.208, 27, 0, 0.463387, 

220.208, 28, 0, 0.463387, 

220.208, 29, 0, 0.463387, 

220.208, 30, 0, 0.463387, 

220.208, 31, 0, 0.463387, 

220.208, 32, 0, 0.463387, 

220.208, 33, 0, 0.463387, 

220.208, 34, 0, 0.463387, 

220.208, 35, 0, 0.463387, 

220.208, 36, 0, 0.463387, 

220.208, 37, 0, 0.463387, 

220.208, 38, 0, 0.463387, 

220.208, 39, 0, 0.463387, 

220.208, 40, 0, 0.463387, 

220.208, 41, 0, 0.463387, 

220.208, 42, 0, 0.463387, 

220.208, 43, 0, 0.463387, 

220.208, 44, 0, 0.463387, 

220.208, 45, 0, 0.463387, 

220.208, 46, 0, 0.463387, 

220.208, 47, 0, 0.463387, 

220.208, 48, 0, 0.463387, 

220.208, 49, 0, 0.463387, 

220.208, 50, 0, 0.463387, 

220.208, 51, 0, 0.463387, 

220.208, 52, 0, 0.463387, 

220.208, 53, 0, 0.463387, 

220.208, 54, 0, 0.463387, 

220.208, 55, 0, 0.463387, 

220.208, 56, 0, 0.463387, 

220.208, 57, 0, 0.463387, 

220.208, 58, 0, 0.463387, 

220.208, 59, 0, 0.463387, 

220.208, 60, 0, 0.463387, 

220.208, 61, 0, 0.463387, 

220.208, 62, 0, 0.463387, 

220.208, 63, 0, 0.463387, 

220.208, 64, 0, 0.463387, 

220.208, 65, 0, 0.463387, 

220.208, 66, 0, 0.463387, 

220.208, 67, 0, 0.463387, 

220.208, 68, 0, 0.463387, 

220.208, 69, 0, 0.463387, 

220.208, 70, 0, 0.463387, 

220.208, 71, 0, 0.463387, 

220.208, 72, 0, 0.463387, 

220.208, 73, 0, 0.463387, 

220.208, 74, 0, 0.463387, 

220.208, 75, 0, 0.463387, 

220.208, 76, 0, 0.463387, 

220.208, 77, 0, 0.463387, 

220.208, 78, 0, 0.463387, 

220.208, 79, 0, 0.463387, 

220.208, 80, 0, 0.463387, 

220.208, 81, 0, 0.463387, 

220.208, 82, 0, 0.463387, 

220.208, 83, 0, 0.463387, 

220.208, 84, 0, 0.463387, 

220.208, 85, 0, 0.463387, 

220.208, 86, 0, 0.463387, 

220.208, 87, 0, 0.463387, 

220.208, 88, 0, 0.463387, 

220.208, 89, 0, 0.463387, 

220.208, 90, 0, 0.463387, 

220.208, 91, 0, 0.463387, 

220.208, 92, 0, 0.463387, 

220.208, 93, 0, 0.463387, 

220.208, 94, 0, 0.463387, 

220.208, 95, 0, 0.463387, 

220.208, 96, 0, 0.463387, 

220.208, 97, 0, 0.463387, 

220.208, 98, 0, 0.463387, 

220.208, 99, 0, 0.463387, 

220.208, 100, 0, 0.463387, 

220.208, 101, 0, 0.463387, 

220.208, 102, 0, 0.463387, 

220.208, 103, 0, 0.463387, 

220.208, 104, 0, 0.463387, 

220.208, 105, 0, 0.463387, 

220.208, 106, 0, 0.463387, 

220.208, 107, 0, 0.463387, 

220.208, 108, 0, 0.463387, 

220.208, 109, 0, 0.463387, 

220.208, 110, 0, 0.463387, 

220.208, 111, 0, 0.463387, 

220.208, 112, 0, 0.463387, 

220.208, 113, 0, 0.463387, 

220.208, 114, 0, 0.463387, 

220.208, 115, 0, 0.463387, 

220.208, 116, 0, 0.463387, 

220.208, 117, 0, 0.463387, 

220.208, 118, 0, 0.463387, 

220.208, 119, 0, 0.463387, 

222.366, 0, 0, 0.463387, 

222.366, 1, 0, 0.463387, 

222.366, 2, 0, 0.463387, 

222.366, 3, 0, 0.463387, 

222.366, 4, 0, 0.463387, 

222.366, 5, 0, 0.463387, 

222.366, 6, 0, 0.463387, 

222.366, 7, 0, 0.463387, 

222.366, 8, 0, 0.463387, 

222.366, 9, 0, 0.463387, 

222.366, 10, 0, 0.463387, 

222.366, 11, 0, 0.463387, 

222.366, 12, 0, 0.463387, 

222.366, 13, 0, 0.463387, 

222.366, 14, 0, 0.463387, 

222.366, 15, 0, 0.463387, 

222.366, 16, 0, 0.463387, 

222.366, 17, 0, 0.463387, 

222.366, 18, 0, 0.463387, 

222.366, 19, 0, 0.463387, 

222.366, 20, 0, 0.463387, 

222.366, 21, 0, 0.463387, 

222.366, 22, 0, 0.463387, 

222.366, 23, 0, 0.463387, 

222.366, 24, 0, 0.463387, 

222.366, 25, 0, 0.463387, 

222.366, 26, 0, 0.463387, 

222.366, 27, 0, 0.463387, 

222.366, 28, 0, 0.463387, 

222.366, 29, 0, 0.463387, 

222.366, 30, 0, 0.463387, 

222.366, 31, 0, 0.463387, 

222.366, 32, 0, 0.463387, 

222.366, 33, 0, 0.463387, 

222.366, 34, 0, 0.463387, 

222.366, 35, 0, 0.463387, 

222.366, 36, 0, 0.463387, 

222.366, 37, 0, 0.463387, 

222.366, 38, 0, 0.463387, 

222.366, 39, 0, 0.463387, 

222.366, 40, 0, 0.463387, 

222.366, 41, 0, 0.463387, 

222.366, 42, 0, 0.463387, 

222.366, 43, 0, 0.463387, 

222.366, 44, 0, 0.463387, 

222.366, 45, 0, 0.463387, 

222.366, 46, 0, 0.463387, 

222.366, 47, 0, 0.463387, 

222.366, 48, 0, 0.463387, 

222.366, 49, 0, 0.463387, 

222.366, 50, 0, 0.463387, 

222.366, 51, 0, 0.463387, 

222.366, 52, 0, 0.463387, 

222.366, 53, 0, 0.463387, 

222.366, 54, 0, 0.463387, 

222.366, 55, 0, 0.463387, 

222.366, 56, 0, 0.463387, 

222.366, 57, 0, 0.463387, 

222.366, 58, 0, 0.463387, 

222.366, 59, 0, 0.463387, 

222.366, 60, 0, 0.463387, 

222.366, 61, 0, 0.463387, 

222.366, 62, 0, 0.463387, 

222.366, 63, 0, 0.463387, 

222.366, 64, 0, 0.463387, 

222.366, 65, 0, 0.463387, 

222.366, 66, 0, 0.463387, 

222.366, 67, 0, 0.463387, 

222.366, 68, 0, 0.463387, 

222.366, 69, 0, 0.463387, 

222.366, 70, 0, 0.463387, 

222.366, 71, 0, 0.463387, 

222.366, 72, 0, 0.463387, 

222.366, 73, 0, 0.463387, 

222.366, 74, 0, 0.463387, 

222.366, 75, 0, 0.463387, 

222.366, 76, 0, 0.463387, 

222.366, 77, 0, 0.463387, 

222.366, 78, 0, 0.463387, 

222.366, 79, 0, 0.463387, 

222.366, 80, 0, 0.463387, 

222.366, 81, 0, 0.463387, 

222.366, 82, 0, 0.463387, 

222.366, 83, 0, 0.463387, 

222.366, 84, 0, 0.463387, 

222.366, 85, 0, 0.463387, 

222.366, 86, 0, 0.463387, 

222.366, 87, 0, 0.463387, 

222.366, 88, 0, 0.463387, 

222.366, 89, 0, 0.463387, 

222.366, 90, 0, 0.463387, 

222.366, 91, 0, 0.463387, 

222.366, 92, 0, 0.463387, 

222.366, 93, 0, 0.463387, 

222.366, 94, 0, 0.463387, 

222.366, 95, 0, 0.463387, 

222.366, 96, 0, 0.463387, 

222.366, 97, 0, 0.463387, 

222.366, 98, 0, 0.463387, 

222.366, 99, 0, 0.463387, 

222.366, 100, 0, 0.463387, 

222.366, 101, 0, 0.463387, 

222.366, 102, 0, 0.463387, 

222.366, 103, 0, 0.463387, 

222.366, 104, 0, 0.463387, 

222.366, 105, 0, 0.463387, 

222.366, 106, 0, 0.463387, 

222.366, 107, 0, 0.463387, 

222.366, 108, 0, 0.463387, 

222.366, 109, 0, 0.463387, 

222.366, 110, 0, 0.463387, 

222.366, 111, 0, 0.463387, 

222.366, 112, 0, 0.463387, 

222.366, 113, 0, 0.463387, 

222.366, 114, 0, 0.463387, 

222.366, 115, 0, 0.463387, 

222.366, 116, 0, 0.463387, 

222.366, 117, 0, 0.463387, 

222.366, 118, 0, 0.463387, 

222.366, 119, 0, 0.463387, 

224.523, 0, 0, 0.463387, 

224.523, 1, 0, 0.463387, 

224.523, 2, 0, 0.463387, 

224.523, 3, 0, 0.463387, 

224.523, 4, 0, 0.463387, 

224.523, 5, 0, 0.463387, 

224.523, 6, 0, 0.463387, 

224.523, 7, 0, 0.463387, 

224.523, 8, 0, 0.463387, 

224.523, 9, 0, 0.463387, 

224.523, 10, 0, 0.463387, 

224.523, 11, 0, 0.463387, 

224.523, 12, 0, 0.463387, 

224.523, 13, 0, 0.463387, 

224.523, 14, 0, 0.463387, 

224.523, 15, 0, 0.463387, 

224.523, 16, 0, 0.463387, 

224.523, 17, 0, 0.463387, 

224.523, 18, 0, 0.463387, 

224.523, 19, 0, 0.463387, 

224.523, 20, 0, 0.463387, 

224.523, 21, 0, 0.463387, 

224.523, 22, 0, 0.463387, 

224.523, 23, 0, 0.463387, 

224.523, 24, 0, 0.463387, 

224.523, 25, 0, 0.463387, 

224.523, 26, 0, 0.463387, 

224.523, 27, 0, 0.463387, 

224.523, 28, 0, 0.463387, 

224.523, 29, 0, 0.463387, 

224.523, 30, 0, 0.463387, 

224.523, 31, 0, 0.463387, 

224.523, 32, 0, 0.463387, 

224.523, 33, 0, 0.463387, 

224.523, 34, 0, 0.463387, 

224.523, 35, 0, 0.463387, 

224.523, 36, 0, 0.463387, 

224.523, 37, 0, 0.463387, 

224.523, 38, 0, 0.463387, 

224.523, 39, 0, 0.463387, 

224.523, 40, 0, 0.463387, 

224.523, 41, 0, 0.463387, 

224.523, 42, 0, 0.463387, 

224.523, 43, 0, 0.463387, 

224.523, 44, 0, 0.463387, 

224.523, 45, 0, 0.463387, 

224.523, 46, 0, 0.463387, 

224.523, 47, 0, 0.463387, 

224.523, 48, 0, 0.463387, 

224.523, 49, 0, 0.463387, 

224.523, 50, 0, 0.463387, 

224.523, 51, 0, 0.463387, 

224.523, 52, 0, 0.463387, 

224.523, 53, 0, 0.463387, 

224.523, 54, 0, 0.463387, 

224.523, 55, 0, 0.463387, 

224.523, 56, 0, 0.463387, 

224.523, 57, 0, 0.463387, 

224.523, 58, 0, 0.463387, 

224.523, 59, 0, 0.463387, 

224.523, 60, 0, 0.463387, 

224.523, 61, 0, 0.463387, 

224.523, 62, 0, 0.463387, 

224.523, 63, 0, 0.463387, 

224.523, 64, 0, 0.463387, 

224.523, 65, 0, 0.463387, 

224.523, 66, 0, 0.463387, 

224.523, 67, 0, 0.463387, 

224.523, 68, 0, 0.463387, 

224.523, 69, 0, 0.463387, 

224.523, 70, 0, 0.463387, 

224.523, 71, 0, 0.463387, 

224.523, 72, 0, 0.463387, 

224.523, 73, 0, 0.463387, 

224.523, 74, 0, 0.463387, 

224.523, 75, 0, 0.463387, 

224.523, 76, 0, 0.463387, 

224.523, 77, 0, 0.463387, 

224.523, 78, 0, 0.463387, 

224.523, 79, 0, 0.463387, 

224.523, 80, 0, 0.463387, 

224.523, 81, 0, 0.463387, 

224.523, 82, 0, 0.463387, 

224.523, 83, 0, 0.463387, 

224.523, 84, 0, 0.463387, 

224.523, 85, 0, 0.463387, 

224.523, 86, 0, 0.463387, 

224.523, 87, 0, 0.463387, 

224.523, 88, 0, 0.463387, 

224.523, 89, 0, 0.463387, 

224.523, 90, 0, 0.463387, 

224.523, 91, 0, 0.463387, 

224.523, 92, 0, 0.463387, 

224.523, 93, 0, 0.463387, 

224.523, 94, 0, 0.463387, 

224.523, 95, 0, 0.463387, 

224.523, 96, 0, 0.463387, 

224.523, 97, 0, 0.463387, 

224.523, 98, 0, 0.463387, 

224.523, 99, 0, 0.463387, 

224.523, 100, 0, 0.463387, 

224.523, 101, 0, 0.463387, 

224.523, 102, 0, 0.463387, 

224.523, 103, 0, 0.463387, 

224.523, 104, 0, 0.463387, 

224.523, 105, 0, 0.463387, 

224.523, 106, 0, 0.463387, 

224.523, 107, 0, 0.463387, 

224.523, 108, 0, 0.463387, 

224.523, 109, 0, 0.463387, 

224.523, 110, 0, 0.463387, 

224.523, 111, 0, 0.463387, 

224.523, 112, 0, 0.463387, 

224.523, 113, 0, 0.463387, 

224.523, 114, 0, 0.463387, 

224.523, 115, 0, 0.463387, 

224.523, 116, 0, 0.463387, 

224.523, 117, 0, 0.463387, 

224.523, 118, 0, 0.463387, 

224.523, 119, 0, 0.463387, 

226.681, 0, 0, 0.463387, 

226.681, 1, 0, 0.463387, 

226.681, 2, 0, 0.463387, 

226.681, 3, 0, 0.463387, 

226.681, 4, 0, 0.463387, 

226.681, 5, 0, 0.463387, 

226.681, 6, 0, 0.463387, 

226.681, 7, 0, 0.463387, 

226.681, 8, 0, 0.463387, 

226.681, 9, 0, 0.463387, 

226.681, 10, 0, 0.463387, 

226.681, 11, 0, 0.463387, 

226.681, 12, 0, 0.463387, 

226.681, 13, 0, 0.463387, 

226.681, 14, 0, 0.463387, 

226.681, 15, 0, 0.463387, 

226.681, 16, 0, 0.463387, 

226.681, 17, 0, 0.463387, 

226.681, 18, 0, 0.463387, 

226.681, 19, 0, 0.463387, 

226.681, 20, 0, 0.463387, 

226.681, 21, 0, 0.463387, 

226.681, 22, 0, 0.463387, 

226.681, 23, 0, 0.463387, 

226.681, 24, 0, 0.463387, 

226.681, 25, 0, 0.463387, 

226.681, 26, 0, 0.463387, 

226.681, 27, 0, 0.463387, 

226.681, 28, 0, 0.463387, 

226.681, 29, 0, 0.463387, 

226.681, 30, 0, 0.463387, 

226.681, 31, 0, 0.463387, 

226.681, 32, 0, 0.463387, 

226.681, 33, 0, 0.463387, 

226.681, 34, 0, 0.463387, 

226.681, 35, 0, 0.463387, 

226.681, 36, 0, 0.463387, 

226.681, 37, 0, 0.463387, 

226.681, 38, 0, 0.463387, 

226.681, 39, 0, 0.463387, 

226.681, 40, 0, 0.463387, 

226.681, 41, 0, 0.463387, 

226.681, 42, 0, 0.463387, 

226.681, 43, 0, 0.463387, 

226.681, 44, 0, 0.463387, 

226.681, 45, 0, 0.463387, 

226.681, 46, 0, 0.463387, 

226.681, 47, 0, 0.463387, 

226.681, 48, 0, 0.463387, 

226.681, 49, 0, 0.463387, 

226.681, 50, 0, 0.463387, 

226.681, 51, 0, 0.463387, 

226.681, 52, 0, 0.463387, 

226.681, 53, 0, 0.463387, 

226.681, 54, 0, 0.463387, 

226.681, 55, 0, 0.463387, 

226.681, 56, 0, 0.463387, 

226.681, 57, 0, 0.463387, 

226.681, 58, 0, 0.463387, 

226.681, 59, 0, 0.463387, 

226.681, 60, 0, 0.463387, 

226.681, 61, 0, 0.463387, 

226.681, 62, 0, 0.463387, 

226.681, 63, 0, 0.463387, 

226.681, 64, 0, 0.463387, 

226.681, 65, 0, 0.463387, 

226.681, 66, 0, 0.463387, 

226.681, 67, 0, 0.463387, 

226.681, 68, 0, 0.463387, 

226.681, 69, 0, 0.463387, 

226.681, 70, 0, 0.463387, 

226.681, 71, 0, 0.463387, 

226.681, 72, 0, 0.463387, 

226.681, 73, 0, 0.463387, 

226.681, 74, 0, 0.463387, 

226.681, 75, 0, 0.463387, 

226.681, 76, 0, 0.463387, 

226.681, 77, 0, 0.463387, 

226.681, 78, 0, 0.463387, 

226.681, 79, 0, 0.463387, 

226.681, 80, 0, 0.463387, 

226.681, 81, 0, 0.463387, 

226.681, 82, 0, 0.463387, 

226.681, 83, 0, 0.463387, 

226.681, 84, 0, 0.463387, 

226.681, 85, 0, 0.463387, 

226.681, 86, 0, 0.463387, 

226.681, 87, 0, 0.463387, 

226.681, 88, 0, 0.463387, 

226.681, 89, 0, 0.463387, 

226.681, 90, 0, 0.463387, 

226.681, 91, 0, 0.463387, 

226.681, 92, 0, 0.463387, 

226.681, 93, 0, 0.463387, 

226.681, 94, 0, 0.463387, 

226.681, 95, 0, 0.463387, 

226.681, 96, 0, 0.463387, 

226.681, 97, 0, 0.463387, 

226.681, 98, 0, 0.463387, 

226.681, 99, 0, 0.463387, 

226.681, 100, 0, 0.463387, 

226.681, 101, 0, 0.463387, 

226.681, 102, 0, 0.463387, 

226.681, 103, 0, 0.463387, 

226.681, 104, 0, 0.463387, 

226.681, 105, 0, 0.463387, 

226.681, 106, 0, 0.463387, 

226.681, 107, 0, 0.463387, 

226.681, 108, 0, 0.463387, 

226.681, 109, 0, 0.463387, 

226.681, 110, 0, 0.463387, 

226.681, 111, 0, 0.463387, 

226.681, 112, 0, 0.463387, 

226.681, 113, 0, 0.463387, 

226.681, 114, 0, 0.463387, 

226.681, 115, 0, 0.463387, 

226.681, 116, 0, 0.463387, 

226.681, 117, 0, 0.463387, 

226.681, 118, 0, 0.463387, 

226.681, 119, 0, 0.463387, 

228.839, 0, 0, 0.463387, 

228.839, 1, 0, 0.463387, 

228.839, 2, 0, 0.463387, 

228.839, 3, 0, 0.463387, 

228.839, 4, 0, 0.463387, 

228.839, 5, 0, 0.463387, 

228.839, 6, 0, 0.463387, 

228.839, 7, 0, 0.463387, 

228.839, 8, 0, 0.463387, 

228.839, 9, 0, 0.463387, 

228.839, 10, 0, 0.463387, 

228.839, 11, 0, 0.463387, 

228.839, 12, 0, 0.463387, 

228.839, 13, 0, 0.463387, 

228.839, 14, 0, 0.463387, 

228.839, 15, 0, 0.463387, 

228.839, 16, 0, 0.463387, 

228.839, 17, 0, 0.463387, 

228.839, 18, 0, 0.463387, 

228.839, 19, 0, 0.463387, 

228.839, 20, 0, 0.463387, 

228.839, 21, 0, 0.463387, 

228.839, 22, 0, 0.463387, 

228.839, 23, 0, 0.463387, 

228.839, 24, 0, 0.463387, 

228.839, 25, 0, 0.463387, 

228.839, 26, 0, 0.463387, 

228.839, 27, 0, 0.463387, 

228.839, 28, 0, 0.463387, 

228.839, 29, 0, 0.463387, 

228.839, 30, 0, 0.463387, 

228.839, 31, 0, 0.463387, 

228.839, 32, 0, 0.463387, 

228.839, 33, 0, 0.463387, 

228.839, 34, 0, 0.463387, 

228.839, 35, 0, 0.463387, 

228.839, 36, 0, 0.463387, 

228.839, 37, 0, 0.463387, 

228.839, 38, 0, 0.463387, 

228.839, 39, 0, 0.463387, 

228.839, 40, 0, 0.463387, 

228.839, 41, 0, 0.463387, 

228.839, 42, 0, 0.463387, 

228.839, 43, 0, 0.463387, 

228.839, 44, 0, 0.463387, 

228.839, 45, 0, 0.463387, 

228.839, 46, 0, 0.463387, 

228.839, 47, 0, 0.463387, 

228.839, 48, 0, 0.463387, 

228.839, 49, 0, 0.463387, 

228.839, 50, 0, 0.463387, 

228.839, 51, 0, 0.463387, 

228.839, 52, 0, 0.463387, 

228.839, 53, 0, 0.463387, 

228.839, 54, 0, 0.463387, 

228.839, 55, 0, 0.463387, 

228.839, 56, 0, 0.463387, 

228.839, 57, 0, 0.463387, 

228.839, 58, 0, 0.463387, 

228.839, 59, 0, 0.463387, 

228.839, 60, 0, 0.463387, 

228.839, 61, 0, 0.463387, 

228.839, 62, 0, 0.463387, 

228.839, 63, 0, 0.463387, 

228.839, 64, 0, 0.463387, 

228.839, 65, 0, 0.463387, 

228.839, 66, 0, 0.463387, 

228.839, 67, 0, 0.463387, 

228.839, 68, 0, 0.463387, 

228.839, 69, 0, 0.463387, 

228.839, 70, 0, 0.463387, 

228.839, 71, 0, 0.463387, 

228.839, 72, 0, 0.463387, 

228.839, 73, 0, 0.463387, 

228.839, 74, 0, 0.463387, 

228.839, 75, 0, 0.463387, 

228.839, 76, 0, 0.463387, 

228.839, 77, 0, 0.463387, 

228.839, 78, 0, 0.463387, 

228.839, 79, 0, 0.463387, 

228.839, 80, 0, 0.463387, 

228.839, 81, 0, 0.463387, 

228.839, 82, 0, 0.463387, 

228.839, 83, 0, 0.463387, 

228.839, 84, 0, 0.463387, 

228.839, 85, 0, 0.463387, 

228.839, 86, 0, 0.463387, 

228.839, 87, 0, 0.463387, 

228.839, 88, 0, 0.463387, 

228.839, 89, 0, 0.463387, 

228.839, 90, 0, 0.463387, 

228.839, 91, 0, 0.463387, 

228.839, 92, 0, 0.463387, 

228.839, 93, 0, 0.463387, 

228.839, 94, 0, 0.463387, 

228.839, 95, 0, 0.463387, 

228.839, 96, 0, 0.463387, 

228.839, 97, 0, 0.463387, 

228.839, 98, 0, 0.463387, 

228.839, 99, 0, 0.463387, 

228.839, 100, 0, 0.463387, 

228.839, 101, 0, 0.463387, 

228.839, 102, 0, 0.463387, 

228.839, 103, 0, 0.463387, 

228.839, 104, 0, 0.463387, 

228.839, 105, 0, 0.463387, 

228.839, 106, 0, 0.463387, 

228.839, 107, 0, 0.463387, 

228.839, 108, 0, 0.463387, 

228.839, 109, 0, 0.463387, 

228.839, 110, 0, 0.463387, 

228.839, 111, 0, 0.463387, 

228.839, 112, 0, 0.463387, 

228.839, 113, 0, 0.463387, 

228.839, 114, 0, 0.463387, 

228.839, 115, 0, 0.463387, 

228.839, 116, 0, 0.463387, 

228.839, 117, 0, 0.463387, 

228.839, 118, 0, 0.463387, 

228.839, 119, 0, 0.463387, 

230.997, 0, 0, 0.463387, 

230.997, 1, 0, 0.463387, 

230.997, 2, 0, 0.463387, 

230.997, 3, 0, 0.463387, 

230.997, 4, 0, 0.463387, 

230.997, 5, 0, 0.463387, 

230.997, 6, 0, 0.463387, 

230.997, 7, 0, 0.463387, 

230.997, 8, 0, 0.463387, 

230.997, 9, 0, 0.463387, 

230.997, 10, 0, 0.463387, 

230.997, 11, 0, 0.463387, 

230.997, 12, 0, 0.463387, 

230.997, 13, 0, 0.463387, 

230.997, 14, 0, 0.463387, 

230.997, 15, 0, 0.463387, 

230.997, 16, 0, 0.463387, 

230.997, 17, 0, 0.463387, 

230.997, 18, 0, 0.463387, 

230.997, 19, 0, 0.463387, 

230.997, 20, 0, 0.463387, 

230.997, 21, 0, 0.463387, 

230.997, 22, 0, 0.463387, 

230.997, 23, 0, 0.463387, 

230.997, 24, 0, 0.463387, 

230.997, 25, 0, 0.463387, 

230.997, 26, 0, 0.463387, 

230.997, 27, 0, 0.463387, 

230.997, 28, 0, 0.463387, 

230.997, 29, 0, 0.463387, 

230.997, 30, 0, 0.463387, 

230.997, 31, 0, 0.463387, 

230.997, 32, 0, 0.463387, 

230.997, 33, 0, 0.463387, 

230.997, 34, 0, 0.463387, 

230.997, 35, 0, 0.463387, 

230.997, 36, 0, 0.463387, 

230.997, 37, 0, 0.463387, 

230.997, 38, 0, 0.463387, 

230.997, 39, 0, 0.463387, 

230.997, 40, 0, 0.463387, 

230.997, 41, 0, 0.463387, 

230.997, 42, 0, 0.463387, 

230.997, 43, 0, 0.463387, 

230.997, 44, 0, 0.463387, 

230.997, 45, 0, 0.463387, 

230.997, 46, 0, 0.463387, 

230.997, 47, 0, 0.463387, 

230.997, 48, 0, 0.463387, 

230.997, 49, 0, 0.463387, 

230.997, 50, 0, 0.463387, 

230.997, 51, 0, 0.463387, 

230.997, 52, 0, 0.463387, 

230.997, 53, 0, 0.463387, 

230.997, 54, 0, 0.463387, 

230.997, 55, 0, 0.463387, 

230.997, 56, 0, 0.463387, 

230.997, 57, 0, 0.463387, 

230.997, 58, 0, 0.463387, 

230.997, 59, 0, 0.463387, 

230.997, 60, 0, 0.463387, 

230.997, 61, 0, 0.463387, 

230.997, 62, 0, 0.463387, 

230.997, 63, 0, 0.463387, 

230.997, 64, 0, 0.463387, 

230.997, 65, 0, 0.463387, 

230.997, 66, 0, 0.463387, 

230.997, 67, 0, 0.463387, 

230.997, 68, 0, 0.463387, 

230.997, 69, 0, 0.463387, 

230.997, 70, 0, 0.463387, 

230.997, 71, 0, 0.463387, 

230.997, 72, 0, 0.463387, 

230.997, 73, 0, 0.463387, 

230.997, 74, 0, 0.463387, 

230.997, 75, 0, 0.463387, 

230.997, 76, 0, 0.463387, 

230.997, 77, 0, 0.463387, 

230.997, 78, 0, 0.463387, 

230.997, 79, 0, 0.463387, 

230.997, 80, 0, 0.463387, 

230.997, 81, 0, 0.463387, 

230.997, 82, 0, 0.463387, 

230.997, 83, 0, 0.463387, 

230.997, 84, 0, 0.463387, 

230.997, 85, 0, 0.463387, 

230.997, 86, 0, 0.463387, 

230.997, 87, 0, 0.463387, 

230.997, 88, 0, 0.463387, 

230.997, 89, 0, 0.463387, 

230.997, 90, 0, 0.463387, 

230.997, 91, 0, 0.463387, 

230.997, 92, 0, 0.463387, 

230.997, 93, 0, 0.463387, 

230.997, 94, 0, 0.463387, 

230.997, 95, 0, 0.463387, 

230.997, 96, 0, 0.463387, 

230.997, 97, 0, 0.463387, 

230.997, 98, 0, 0.463387, 

230.997, 99, 0, 0.463387, 

230.997, 100, 0, 0.463387, 

230.997, 101, 0, 0.463387, 

230.997, 102, 0, 0.463387, 

230.997, 103, 0, 0.463387, 

230.997, 104, 0, 0.463387, 

230.997, 105, 0, 0.463387, 

230.997, 106, 0, 0.463387, 

230.997, 107, 0, 0.463387, 

230.997, 108, 0, 0.463387, 

230.997, 109, 0, 0.463387, 

230.997, 110, 0, 0.463387, 

230.997, 111, 0, 0.463387, 

230.997, 112, 0, 0.463387, 

230.997, 113, 0, 0.463387, 

230.997, 114, 0, 0.463387, 

230.997, 115, 0, 0.463387, 

230.997, 116, 0, 0.463387, 

230.997, 117, 0, 0.463387, 

230.997, 118, 0, 0.463387, 

230.997, 119, 0, 0.463387, 

233.155, 0, 0, 0.463387, 

233.155, 1, 0, 0.463387, 

233.155, 2, 0, 0.463387, 

233.155, 3, 0, 0.463387, 

233.155, 4, 0, 0.463387, 

233.155, 5, 0, 0.463387, 

233.155, 6, 0, 0.463387, 

233.155, 7, 0, 0.463387, 

233.155, 8, 0, 0.463387, 

233.155, 9, 0, 0.463387, 

233.155, 10, 0, 0.463387, 

233.155, 11, 0, 0.463387, 

233.155, 12, 0, 0.463387, 

233.155, 13, 0, 0.463387, 

233.155, 14, 0, 0.463387, 

233.155, 15, 0, 0.463387, 

233.155, 16, 0, 0.463387, 

233.155, 17, 0, 0.463387, 

233.155, 18, 0, 0.463387, 

233.155, 19, 0, 0.463387, 

233.155, 20, 0, 0.463387, 

233.155, 21, 0, 0.463387, 

233.155, 22, 0, 0.463387, 

233.155, 23, 0, 0.463387, 

233.155, 24, 0, 0.463387, 

233.155, 25, 0, 0.463387, 

233.155, 26, 0, 0.463387, 

233.155, 27, 0, 0.463387, 

233.155, 28, 0, 0.463387, 

233.155, 29, 0, 0.463387, 

233.155, 30, 0, 0.463387, 

233.155, 31, 0, 0.463387, 

233.155, 32, 0, 0.463387, 

233.155, 33, 0, 0.463387, 

233.155, 34, 0, 0.463387, 

233.155, 35, 0, 0.463387, 

233.155, 36, 0, 0.463387, 

233.155, 37, 0, 0.463387, 

233.155, 38, 0, 0.463387, 

233.155, 39, 0, 0.463387, 

233.155, 40, 0, 0.463387, 

233.155, 41, 0, 0.463387, 

233.155, 42, 0, 0.463387, 

233.155, 43, 0, 0.463387, 

233.155, 44, 0, 0.463387, 

233.155, 45, 0, 0.463387, 

233.155, 46, 0, 0.463387, 

233.155, 47, 0, 0.463387, 

233.155, 48, 0, 0.463387, 

233.155, 49, 0, 0.463387, 

233.155, 50, 0, 0.463387, 

233.155, 51, 0, 0.463387, 

233.155, 52, 0, 0.463387, 

233.155, 53, 0, 0.463387, 

233.155, 54, 0, 0.463387, 

233.155, 55, 0, 0.463387, 

233.155, 56, 0, 0.463387, 

233.155, 57, 0, 0.463387, 

233.155, 58, 0, 0.463387, 

233.155, 59, 0, 0.463387, 

233.155, 60, 0, 0.463387, 

233.155, 61, 0, 0.463387, 

233.155, 62, 0, 0.463387, 

233.155, 63, 0, 0.463387, 

233.155, 64, 0, 0.463387, 

233.155, 65, 0, 0.463387, 

233.155, 66, 0, 0.463387, 

233.155, 67, 0, 0.463387, 

233.155, 68, 0, 0.463387, 

233.155, 69, 0, 0.463387, 

233.155, 70, 0, 0.463387, 

233.155, 71, 0, 0.463387, 

233.155, 72, 0, 0.463387, 

233.155, 73, 0, 0.463387, 

233.155, 74, 0, 0.463387, 

233.155, 75, 0, 0.463387, 

233.155, 76, 0, 0.463387, 

233.155, 77, 0, 0.463387, 

233.155, 78, 0, 0.463387, 

233.155, 79, 0, 0.463387, 

233.155, 80, 0, 0.463387, 

233.155, 81, 0, 0.463387, 

233.155, 82, 0, 0.463387, 

233.155, 83, 0, 0.463387, 

233.155, 84, 0, 0.463387, 

233.155, 85, 0, 0.463387, 

233.155, 86, 0, 0.463387, 

233.155, 87, 0, 0.463387, 

233.155, 88, 0, 0.463387, 

233.155, 89, 0, 0.463387, 

233.155, 90, 0, 0.463387, 

233.155, 91, 0, 0.463387, 

233.155, 92, 0, 0.463387, 

233.155, 93, 0, 0.463387, 

233.155, 94, 0, 0.463387, 

233.155, 95, 0, 0.463387, 

233.155, 96, 0, 0.463387, 

233.155, 97, 0, 0.463387, 

233.155, 98, 0, 0.463387, 

233.155, 99, 0, 0.463387, 

233.155, 100, 0, 0.463387, 

233.155, 101, 0, 0.463387, 

233.155, 102, 0, 0.463387, 

233.155, 103, 0, 0.463387, 

233.155, 104, 0, 0.463387, 

233.155, 105, 0, 0.463387, 

233.155, 106, 0, 0.463387, 

233.155, 107, 0, 0.463387, 

233.155, 108, 0, 0.463387, 

233.155, 109, 0, 0.463387, 

233.155, 110, 0, 0.463387, 

233.155, 111, 0, 0.463387, 

233.155, 112, 0, 0.463387, 

233.155, 113, 0, 0.463387, 

233.155, 114, 0, 0.463387, 

233.155, 115, 0, 0.463387, 

233.155, 116, 0, 0.463387, 

233.155, 117, 0, 0.463387, 

233.155, 118, 0, 0.463387, 

233.155, 119, 0, 0.463387, 

235.312, 0, 0, 0.463387, 

235.312, 1, 0, 0.463387, 

235.312, 2, 0, 0.463387, 

235.312, 3, 0, 0.463387, 

235.312, 4, 0, 0.463387, 

235.312, 5, 0, 0.463387, 

235.312, 6, 0, 0.463387, 

235.312, 7, 0, 0.463387, 

235.312, 8, 0, 0.463387, 

235.312, 9, 0, 0.463387, 

235.312, 10, 0, 0.463387, 

235.312, 11, 0, 0.463387, 

235.312, 12, 0, 0.463387, 

235.312, 13, 0, 0.463387, 

235.312, 14, 0, 0.463387, 

235.312, 15, 0, 0.463387, 

235.312, 16, 0, 0.463387, 

235.312, 17, 0, 0.463387, 

235.312, 18, 0, 0.463387, 

235.312, 19, 0, 0.463387, 

235.312, 20, 0, 0.463387, 

235.312, 21, 0, 0.463387, 

235.312, 22, 0, 0.463387, 

235.312, 23, 0, 0.463387, 

235.312, 24, 0, 0.463387, 

235.312, 25, 0, 0.463387, 

235.312, 26, 0, 0.463387, 

235.312, 27, 0, 0.463387, 

235.312, 28, 0, 0.463387, 

235.312, 29, 0, 0.463387, 

235.312, 30, 0, 0.463387, 

235.312, 31, 0, 0.463387, 

235.312, 32, 0, 0.463387, 

235.312, 33, 0, 0.463387, 

235.312, 34, 0, 0.463387, 

235.312, 35, 0, 0.463387, 

235.312, 36, 0, 0.463387, 

235.312, 37, 0, 0.463387, 

235.312, 38, 0, 0.463387, 

235.312, 39, 0, 0.463387, 

235.312, 40, 0, 0.463387, 

235.312, 41, 0, 0.463387, 

235.312, 42, 0, 0.463387, 

235.312, 43, 0, 0.463387, 

235.312, 44, 0, 0.463387, 

235.312, 45, 0, 0.463387, 

235.312, 46, 0, 0.463387, 

235.312, 47, 0, 0.463387, 

235.312, 48, 0, 0.463387, 

235.312, 49, 0, 0.463387, 

235.312, 50, 0, 0.463387, 

235.312, 51, 0, 0.463387, 

235.312, 52, 0, 0.463387, 

235.312, 53, 0, 0.463387, 

235.312, 54, 0, 0.463387, 

235.312, 55, 0, 0.463387, 

235.312, 56, 0, 0.463387, 

235.312, 57, 0, 0.463387, 

235.312, 58, 0, 0.463387, 

235.312, 59, 0, 0.463387, 

235.312, 60, 0, 0.463387, 

235.312, 61, 0, 0.463387, 

235.312, 62, 0, 0.463387, 

235.312, 63, 0, 0.463387, 

235.312, 64, 0, 0.463387, 

235.312, 65, 0, 0.463387, 

235.312, 66, 0, 0.463387, 

235.312, 67, 0, 0.463387, 

235.312, 68, 0, 0.463387, 

235.312, 69, 0, 0.463387, 

235.312, 70, 0, 0.463387, 

235.312, 71, 0, 0.463387, 

235.312, 72, 0, 0.463387, 

235.312, 73, 0, 0.463387, 

235.312, 74, 0, 0.463387, 

235.312, 75, 0, 0.463387, 

235.312, 76, 0, 0.463387, 

235.312, 77, 0, 0.463387, 

235.312, 78, 0, 0.463387, 

235.312, 79, 0, 0.463387, 

235.312, 80, 0, 0.463387, 

235.312, 81, 0, 0.463387, 

235.312, 82, 0, 0.463387, 

235.312, 83, 0, 0.463387, 

235.312, 84, 0, 0.463387, 

235.312, 85, 0, 0.463387, 

235.312, 86, 0, 0.463387, 

235.312, 87, 0, 0.463387, 

235.312, 88, 0, 0.463387, 

235.312, 89, 0, 0.463387, 

235.312, 90, 0, 0.463387, 

235.312, 91, 0, 0.463387, 

235.312, 92, 0, 0.463387, 

235.312, 93, 0, 0.463387, 

235.312, 94, 0, 0.463387, 

235.312, 95, 0, 0.463387, 

235.312, 96, 0, 0.463387, 

235.312, 97, 0, 0.463387, 

235.312, 98, 0, 0.463387, 

235.312, 99, 0, 0.463387, 

235.312, 100, 0, 0.463387, 

235.312, 101, 0, 0.463387, 

235.312, 102, 0, 0.463387, 

235.312, 103, 0, 0.463387, 

235.312, 104, 0, 0.463387, 

235.312, 105, 0, 0.463387, 

235.312, 106, 0, 0.463387, 

235.312, 107, 0, 0.463387, 

235.312, 108, 0, 0.463387, 

235.312, 109, 0, 0.463387, 

235.312, 110, 0, 0.463387, 

235.312, 111, 0, 0.463387, 

235.312, 112, 0, 0.463387, 

235.312, 113, 0, 0.463387, 

235.312, 114, 0, 0.463387, 

235.312, 115, 0, 0.463387, 

235.312, 116, 0, 0.463387, 

235.312, 117, 0, 0.463387, 

235.312, 118, 0, 0.463387, 

235.312, 119, 0, 0.463387, 

237.47, 0, 0, 0.463387, 

237.47, 1, 0, 0.463387, 

237.47, 2, 0, 0.463387, 

237.47, 3, 0, 0.463387, 

237.47, 4, 0, 0.463387, 

237.47, 5, 0, 0.463387, 

237.47, 6, 0, 0.463387, 

237.47, 7, 0, 0.463387, 

237.47, 8, 0, 0.463387, 

237.47, 9, 0, 0.463387, 

237.47, 10, 0, 0.463387, 

237.47, 11, 0, 0.463387, 

237.47, 12, 0, 0.463387, 

237.47, 13, 0, 0.463387, 

237.47, 14, 0, 0.463387, 

237.47, 15, 0, 0.463387, 

237.47, 16, 0, 0.463387, 

237.47, 17, 0, 0.463387, 

237.47, 18, 0, 0.463387, 

237.47, 19, 0, 0.463387, 

237.47, 20, 0, 0.463387, 

237.47, 21, 0, 0.463387, 

237.47, 22, 0, 0.463387, 

237.47, 23, 0, 0.463387, 

237.47, 24, 0, 0.463387, 

237.47, 25, 0, 0.463387, 

237.47, 26, 0, 0.463387, 

237.47, 27, 0, 0.463387, 

237.47, 28, 0, 0.463387, 

237.47, 29, 0, 0.463387, 

237.47, 30, 0, 0.463387, 

237.47, 31, 0, 0.463387, 

237.47, 32, 0, 0.463387, 

237.47, 33, 0, 0.463387, 

237.47, 34, 0, 0.463387, 

237.47, 35, 0, 0.463387, 

237.47, 36, 0, 0.463387, 

237.47, 37, 0, 0.463387, 

237.47, 38, 0, 0.463387, 

237.47, 39, 0, 0.463387, 

237.47, 40, 0, 0.463387, 

237.47, 41, 0, 0.463387, 

237.47, 42, 0, 0.463387, 

237.47, 43, 0, 0.463387, 

237.47, 44, 0, 0.463387, 

237.47, 45, 0, 0.463387, 

237.47, 46, 0, 0.463387, 

237.47, 47, 0, 0.463387, 

237.47, 48, 0, 0.463387, 

237.47, 49, 0, 0.463387, 

237.47, 50, 0, 0.463387, 

237.47, 51, 0, 0.463387, 

237.47, 52, 0, 0.463387, 

237.47, 53, 0, 0.463387, 

237.47, 54, 0, 0.463387, 

237.47, 55, 0, 0.463387, 

237.47, 56, 0, 0.463387, 

237.47, 57, 0, 0.463387, 

237.47, 58, 0, 0.463387, 

237.47, 59, 0, 0.463387, 

237.47, 60, 0, 0.463387, 

237.47, 61, 0, 0.463387, 

237.47, 62, 0, 0.463387, 

237.47, 63, 0, 0.463387, 

237.47, 64, 0, 0.463387, 

237.47, 65, 0, 0.463387, 

237.47, 66, 0, 0.463387, 

237.47, 67, 0, 0.463387, 

237.47, 68, 0, 0.463387, 

237.47, 69, 0, 0.463387, 

237.47, 70, 0, 0.463387, 

237.47, 71, 0, 0.463387, 

237.47, 72, 0, 0.463387, 

237.47, 73, 0, 0.463387, 

237.47, 74, 0, 0.463387, 

237.47, 75, 0, 0.463387, 

237.47, 76, 0, 0.463387, 

237.47, 77, 0, 0.463387, 

237.47, 78, 0, 0.463387, 

237.47, 79, 0, 0.463387, 

237.47, 80, 0, 0.463387, 

237.47, 81, 0, 0.463387, 

237.47, 82, 0, 0.463387, 

237.47, 83, 0, 0.463387, 

237.47, 84, 0, 0.463387, 

237.47, 85, 0, 0.463387, 

237.47, 86, 0, 0.463387, 

237.47, 87, 0, 0.463387, 

237.47, 88, 0, 0.463387, 

237.47, 89, 0, 0.463387, 

237.47, 90, 0, 0.463387, 

237.47, 91, 0, 0.463387, 

237.47, 92, 0, 0.463387, 

237.47, 93, 0, 0.463387, 

237.47, 94, 0, 0.463387, 

237.47, 95, 0, 0.463387, 

237.47, 96, 0, 0.463387, 

237.47, 97, 0, 0.463387, 

237.47, 98, 0, 0.463387, 

237.47, 99, 0, 0.463387, 

237.47, 100, 0, 0.463387, 

237.47, 101, 0, 0.463387, 

237.47, 102, 0, 0.463387, 

237.47, 103, 0, 0.463387, 

237.47, 104, 0, 0.463387, 

237.47, 105, 0, 0.463387, 

237.47, 106, 0, 0.463387, 

237.47, 107, 0, 0.463387, 

237.47, 108, 0, 0.463387, 

237.47, 109, 0, 0.463387, 

237.47, 110, 0, 0.463387, 

237.47, 111, 0, 0.463387, 

237.47, 112, 0, 0.463387, 

237.47, 113, 0, 0.463387, 

237.47, 114, 0, 0.463387, 

237.47, 115, 0, 0.463387, 

237.47, 116, 0, 0.463387, 

237.47, 117, 0, 0.463387, 

237.47, 118, 0, 0.463387, 

237.47, 119, 0, 0.463387, 

239.628, 0, 0, 0.463387, 

239.628, 1, 0, 0.463387, 

239.628, 2, 0, 0.463387, 

239.628, 3, 0, 0.463387, 

239.628, 4, 0, 0.463387, 

239.628, 5, 0, 0.463387, 

239.628, 6, 0, 0.463387, 

239.628, 7, 0, 0.463387, 

239.628, 8, 0, 0.463387, 

239.628, 9, 0, 0.463387, 

239.628, 10, 0, 0.463387, 

239.628, 11, 0, 0.463387, 

239.628, 12, 0, 0.463387, 

239.628, 13, 0, 0.463387, 

239.628, 14, 0, 0.463387, 

239.628, 15, 0, 0.463387, 

239.628, 16, 0, 0.463387, 

239.628, 17, 0, 0.463387, 

239.628, 18, 0, 0.463387, 

239.628, 19, 0, 0.463387, 

239.628, 20, 0, 0.463387, 

239.628, 21, 0, 0.463387, 

239.628, 22, 0, 0.463387, 

239.628, 23, 0, 0.463387, 

239.628, 24, 0, 0.463387, 

239.628, 25, 0, 0.463387, 

239.628, 26, 0, 0.463387, 

239.628, 27, 0, 0.463387, 

239.628, 28, 0, 0.463387, 

239.628, 29, 0, 0.463387, 

239.628, 30, 0, 0.463387, 

239.628, 31, 0, 0.463387, 

239.628, 32, 0, 0.463387, 

239.628, 33, 0, 0.463387, 

239.628, 34, 0, 0.463387, 

239.628, 35, 0, 0.463387, 

239.628, 36, 0, 0.463387, 

239.628, 37, 0, 0.463387, 

239.628, 38, 0, 0.463387, 

239.628, 39, 0, 0.463387, 

239.628, 40, 0, 0.463387, 

239.628, 41, 0, 0.463387, 

239.628, 42, 0, 0.463387, 

239.628, 43, 0, 0.463387, 

239.628, 44, 0, 0.463387, 

239.628, 45, 0, 0.463387, 

239.628, 46, 0, 0.463387, 

239.628, 47, 0, 0.463387, 

239.628, 48, 0, 0.463387, 

239.628, 49, 0, 0.463387, 

239.628, 50, 0, 0.463387, 

239.628, 51, 0, 0.463387, 

239.628, 52, 0, 0.463387, 

239.628, 53, 0, 0.463387, 

239.628, 54, 0, 0.463387, 

239.628, 55, 0, 0.463387, 

239.628, 56, 0, 0.463387, 

239.628, 57, 0, 0.463387, 

239.628, 58, 0, 0.463387, 

239.628, 59, 0, 0.463387, 

239.628, 60, 0, 0.463387, 

239.628, 61, 0, 0.463387, 

239.628, 62, 0, 0.463387, 

239.628, 63, 0, 0.463387, 

239.628, 64, 0, 0.463387, 

239.628, 65, 0, 0.463387, 

239.628, 66, 0, 0.463387, 

239.628, 67, 0, 0.463387, 

239.628, 68, 0, 0.463387, 

239.628, 69, 0, 0.463387, 

239.628, 70, 0, 0.463387, 

239.628, 71, 0, 0.463387, 

239.628, 72, 0, 0.463387, 

239.628, 73, 0, 0.463387, 

239.628, 74, 0, 0.463387, 

239.628, 75, 0, 0.463387, 

239.628, 76, 0, 0.463387, 

239.628, 77, 0, 0.463387, 

239.628, 78, 0, 0.463387, 

239.628, 79, 0, 0.463387, 

239.628, 80, 0, 0.463387, 

239.628, 81, 0, 0.463387, 

239.628, 82, 0, 0.463387, 

239.628, 83, 0, 0.463387, 

239.628, 84, 0, 0.463387, 

239.628, 85, 0, 0.463387, 

239.628, 86, 0, 0.463387, 

239.628, 87, 0, 0.463387, 

239.628, 88, 0, 0.463387, 

239.628, 89, 0, 0.463387, 

239.628, 90, 0, 0.463387, 

239.628, 91, 0, 0.463387, 

239.628, 92, 0, 0.463387, 

239.628, 93, 0, 0.463387, 

239.628, 94, 0, 0.463387, 

239.628, 95, 0, 0.463387, 

239.628, 96, 0, 0.463387, 

239.628, 97, 0, 0.463387, 

239.628, 98, 0, 0.463387, 

239.628, 99, 0, 0.463387, 

239.628, 100, 0, 0.463387, 

239.628, 101, 0, 0.463387, 

239.628, 102, 0, 0.463387, 

239.628, 103, 0, 0.463387, 

239.628, 104, 0, 0.463387, 

239.628, 105, 0, 0.463387, 

239.628, 106, 0, 0.463387, 

239.628, 107, 0, 0.463387, 

239.628, 108, 0, 0.463387, 

239.628, 109, 0, 0.463387, 

239.628, 110, 0, 0.463387, 

239.628, 111, 0, 0.463387, 

239.628, 112, 0, 0.463387, 

239.628, 113, 0, 0.463387, 

239.628, 114, 0, 0.463387, 

239.628, 115, 0, 0.463387, 

239.628, 116, 0, 0.463387, 

239.628, 117, 0, 0.463387, 

239.628, 118, 0, 0.463387, 

239.628, 119, 0, 0.463387, 

241.786, 0, 0, 0.463387, 

241.786, 1, 0, 0.463387, 

241.786, 2, 0, 0.463387, 

241.786, 3, 0, 0.463387, 

241.786, 4, 0, 0.463387, 

241.786, 5, 0, 0.463387, 

241.786, 6, 0, 0.463387, 

241.786, 7, 0, 0.463387, 

241.786, 8, 0, 0.463387, 

241.786, 9, 0, 0.463387, 

241.786, 10, 0, 0.463387, 

241.786, 11, 0, 0.463387, 

241.786, 12, 0, 0.463387, 

241.786, 13, 0, 0.463387, 

241.786, 14, 0, 0.463387, 

241.786, 15, 0, 0.463387, 

241.786, 16, 0, 0.463387, 

241.786, 17, 0, 0.463387, 

241.786, 18, 0, 0.463387, 

241.786, 19, 0, 0.463387, 

241.786, 20, 0, 0.463387, 

241.786, 21, 0, 0.463387, 

241.786, 22, 0, 0.463387, 

241.786, 23, 0, 0.463387, 

241.786, 24, 0, 0.463387, 

241.786, 25, 0, 0.463387, 

241.786, 26, 0, 0.463387, 

241.786, 27, 0, 0.463387, 

241.786, 28, 0, 0.463387, 

241.786, 29, 0, 0.463387, 

241.786, 30, 0, 0.463387, 

241.786, 31, 0, 0.463387, 

241.786, 32, 0, 0.463387, 

241.786, 33, 0, 0.463387, 

241.786, 34, 0, 0.463387, 

241.786, 35, 0, 0.463387, 

241.786, 36, 0, 0.463387, 

241.786, 37, 0, 0.463387, 

241.786, 38, 0, 0.463387, 

241.786, 39, 0, 0.463387, 

241.786, 40, 0, 0.463387, 

241.786, 41, 0, 0.463387, 

241.786, 42, 0, 0.463387, 

241.786, 43, 0, 0.463387, 

241.786, 44, 0, 0.463387, 

241.786, 45, 0, 0.463387, 

241.786, 46, 0, 0.463387, 

241.786, 47, 0, 0.463387, 

241.786, 48, 0, 0.463387, 

241.786, 49, 0, 0.463387, 

241.786, 50, 0, 0.463387, 

241.786, 51, 0, 0.463387, 

241.786, 52, 0, 0.463387, 

241.786, 53, 0, 0.463387, 

241.786, 54, 0, 0.463387, 

241.786, 55, 0, 0.463387, 

241.786, 56, 0, 0.463387, 

241.786, 57, 0, 0.463387, 

241.786, 58, 0, 0.463387, 

241.786, 59, 0, 0.463387, 

241.786, 60, 0, 0.463387, 

241.786, 61, 0, 0.463387, 

241.786, 62, 0, 0.463387, 

241.786, 63, 0, 0.463387, 

241.786, 64, 0, 0.463387, 

241.786, 65, 0, 0.463387, 

241.786, 66, 0, 0.463387, 

241.786, 67, 0, 0.463387, 

241.786, 68, 0, 0.463387, 

241.786, 69, 0, 0.463387, 

241.786, 70, 0, 0.463387, 

241.786, 71, 0, 0.463387, 

241.786, 72, 0, 0.463387, 

241.786, 73, 0, 0.463387, 

241.786, 74, 0, 0.463387, 

241.786, 75, 0, 0.463387, 

241.786, 76, 0, 0.463387, 

241.786, 77, 0, 0.463387, 

241.786, 78, 0, 0.463387, 

241.786, 79, 0, 0.463387, 

241.786, 80, 0, 0.463387, 

241.786, 81, 0, 0.463387, 

241.786, 82, 0, 0.463387, 

241.786, 83, 0, 0.463387, 

241.786, 84, 0, 0.463387, 

241.786, 85, 0, 0.463387, 

241.786, 86, 0, 0.463387, 

241.786, 87, 0, 0.463387, 

241.786, 88, 0, 0.463387, 

241.786, 89, 0, 0.463387, 

241.786, 90, 0, 0.463387, 

241.786, 91, 0, 0.463387, 

241.786, 92, 0, 0.463387, 

241.786, 93, 0, 0.463387, 

241.786, 94, 0, 0.463387, 

241.786, 95, 0, 0.463387, 

241.786, 96, 0, 0.463387, 

241.786, 97, 0, 0.463387, 

241.786, 98, 0, 0.463387, 

241.786, 99, 0, 0.463387, 

241.786, 100, 0, 0.463387, 

241.786, 101, 0, 0.463387, 

241.786, 102, 0, 0.463387, 

241.786, 103, 0, 0.463387, 

241.786, 104, 0, 0.463387, 

241.786, 105, 0, 0.463387, 

241.786, 106, 0, 0.463387, 

241.786, 107, 0, 0.463387, 

241.786, 108, 0, 0.463387, 

241.786, 109, 0, 0.463387, 

241.786, 110, 0, 0.463387, 

241.786, 111, 0, 0.463387, 

241.786, 112, 0, 0.463387, 

241.786, 113, 0, 0.463387, 

241.786, 114, 0, 0.463387, 

241.786, 115, 0, 0.463387, 

241.786, 116, 0, 0.463387, 

241.786, 117, 0, 0.463387, 

241.786, 118, 0, 0.463387, 

241.786, 119, 0, 0.463387, 

243.944, 0, 0, 0.463387, 

243.944, 1, 0, 0.463387, 

243.944, 2, 0, 0.463387, 

243.944, 3, 0, 0.463387, 

243.944, 4, 0, 0.463387, 

243.944, 5, 0, 0.463387, 

243.944, 6, 0, 0.463387, 

243.944, 7, 0, 0.463387, 

243.944, 8, 0, 0.463387, 

243.944, 9, 0, 0.463387, 

243.944, 10, 0, 0.463387, 

243.944, 11, 0, 0.463387, 

243.944, 12, 0, 0.463387, 

243.944, 13, 0, 0.463387, 

243.944, 14, 0, 0.463387, 

243.944, 15, 0, 0.463387, 

243.944, 16, 0, 0.463387, 

243.944, 17, 0, 0.463387, 

243.944, 18, 0, 0.463387, 

243.944, 19, 0, 0.463387, 

243.944, 20, 0, 0.463387, 

243.944, 21, 0, 0.463387, 

243.944, 22, 0, 0.463387, 

243.944, 23, 0, 0.463387, 

243.944, 24, 0, 0.463387, 

243.944, 25, 0, 0.463387, 

243.944, 26, 0, 0.463387, 

243.944, 27, 0, 0.463387, 

243.944, 28, 0, 0.463387, 

243.944, 29, 0, 0.463387, 

243.944, 30, 0, 0.463387, 

243.944, 31, 0, 0.463387, 

243.944, 32, 0, 0.463387, 

243.944, 33, 0, 0.463387, 

243.944, 34, 0, 0.463387, 

243.944, 35, 0, 0.463387, 

243.944, 36, 0, 0.463387, 

243.944, 37, 0, 0.463387, 

243.944, 38, 0, 0.463387, 

243.944, 39, 0, 0.463387, 

243.944, 40, 0, 0.463387, 

243.944, 41, 0, 0.463387, 

243.944, 42, 0, 0.463387, 

243.944, 43, 0, 0.463387, 

243.944, 44, 0, 0.463387, 

243.944, 45, 0, 0.463387, 

243.944, 46, 0, 0.463387, 

243.944, 47, 0, 0.463387, 

243.944, 48, 0, 0.463387, 

243.944, 49, 0, 0.463387, 

243.944, 50, 0, 0.463387, 

243.944, 51, 0, 0.463387, 

243.944, 52, 0, 0.463387, 

243.944, 53, 0, 0.463387, 

243.944, 54, 0, 0.463387, 

243.944, 55, 0, 0.463387, 

243.944, 56, 0, 0.463387, 

243.944, 57, 0, 0.463387, 

243.944, 58, 0, 0.463387, 

243.944, 59, 0, 0.463387, 

243.944, 60, 0, 0.463387, 

243.944, 61, 0, 0.463387, 

243.944, 62, 0, 0.463387, 

243.944, 63, 0, 0.463387, 

243.944, 64, 0, 0.463387, 

243.944, 65, 0, 0.463387, 

243.944, 66, 0, 0.463387, 

243.944, 67, 0, 0.463387, 

243.944, 68, 0, 0.463387, 

243.944, 69, 0, 0.463387, 

243.944, 70, 0, 0.463387, 

243.944, 71, 0, 0.463387, 

243.944, 72, 0, 0.463387, 

243.944, 73, 0, 0.463387, 

243.944, 74, 0, 0.463387, 

243.944, 75, 0, 0.463387, 

243.944, 76, 0, 0.463387, 

243.944, 77, 0, 0.463387, 

243.944, 78, 0, 0.463387, 

243.944, 79, 0, 0.463387, 

243.944, 80, 0, 0.463387, 

243.944, 81, 0, 0.463387, 

243.944, 82, 0, 0.463387, 

243.944, 83, 0, 0.463387, 

243.944, 84, 0, 0.463387, 

243.944, 85, 0, 0.463387, 

243.944, 86, 0, 0.463387, 

243.944, 87, 0, 0.463387, 

243.944, 88, 0, 0.463387, 

243.944, 89, 0, 0.463387, 

243.944, 90, 0, 0.463387, 

243.944, 91, 0, 0.463387, 

243.944, 92, 0, 0.463387, 

243.944, 93, 0, 0.463387, 

243.944, 94, 0, 0.463387, 

243.944, 95, 0, 0.463387, 

243.944, 96, 0, 0.463387, 

243.944, 97, 0, 0.463387, 

243.944, 98, 0, 0.463387, 

243.944, 99, 0, 0.463387, 

243.944, 100, 0, 0.463387, 

243.944, 101, 0, 0.463387, 

243.944, 102, 0, 0.463387, 

243.944, 103, 0, 0.463387, 

243.944, 104, 0, 0.463387, 

243.944, 105, 0, 0.463387, 

243.944, 106, 0, 0.463387, 

243.944, 107, 0, 0.463387, 

243.944, 108, 0, 0.463387, 

243.944, 109, 0, 0.463387, 

243.944, 110, 0, 0.463387, 

243.944, 111, 0, 0.463387, 

243.944, 112, 0, 0.463387, 

243.944, 113, 0, 0.463387, 

243.944, 114, 0, 0.463387, 

243.944, 115, 0, 0.463387, 

243.944, 116, 0, 0.463387, 

243.944, 117, 0, 0.463387, 

243.944, 118, 0, 0.463387, 

243.944, 119, 0, 0.463387, 

246.102, 0, 0, 0.463387, 

246.102, 1, 0, 0.463387, 

246.102, 2, 0, 0.463387, 

246.102, 3, 0, 0.463387, 

246.102, 4, 0, 0.463387, 

246.102, 5, 0, 0.463387, 

246.102, 6, 0, 0.463387, 

246.102, 7, 0, 0.463387, 

246.102, 8, 0, 0.463387, 

246.102, 9, 0, 0.463387, 

246.102, 10, 0, 0.463387, 

246.102, 11, 0, 0.463387, 

246.102, 12, 0, 0.463387, 

246.102, 13, 0, 0.463387, 

246.102, 14, 0, 0.463387, 

246.102, 15, 0, 0.463387, 

246.102, 16, 0, 0.463387, 

246.102, 17, 0, 0.463387, 

246.102, 18, 0, 0.463387, 

246.102, 19, 0, 0.463387, 

246.102, 20, 0, 0.463387, 

246.102, 21, 0, 0.463387, 

246.102, 22, 0, 0.463387, 

246.102, 23, 0, 0.463387, 

246.102, 24, 0, 0.463387, 

246.102, 25, 0, 0.463387, 

246.102, 26, 0, 0.463387, 

246.102, 27, 0, 0.463387, 

246.102, 28, 0, 0.463387, 

246.102, 29, 0, 0.463387, 

246.102, 30, 0, 0.463387, 

246.102, 31, 0, 0.463387, 

246.102, 32, 0, 0.463387, 

246.102, 33, 0, 0.463387, 

246.102, 34, 0, 0.463387, 

246.102, 35, 0, 0.463387, 

246.102, 36, 0, 0.463387, 

246.102, 37, 0, 0.463387, 

246.102, 38, 0, 0.463387, 

246.102, 39, 0, 0.463387, 

246.102, 40, 0, 0.463387, 

246.102, 41, 0, 0.463387, 

246.102, 42, 0, 0.463387, 

246.102, 43, 0, 0.463387, 

246.102, 44, 0, 0.463387, 

246.102, 45, 0, 0.463387, 

246.102, 46, 0, 0.463387, 

246.102, 47, 0, 0.463387, 

246.102, 48, 0, 0.463387, 

246.102, 49, 0, 0.463387, 

246.102, 50, 0, 0.463387, 

246.102, 51, 0, 0.463387, 

246.102, 52, 0, 0.463387, 

246.102, 53, 0, 0.463387, 

246.102, 54, 0, 0.463387, 

246.102, 55, 0, 0.463387, 

246.102, 56, 0, 0.463387, 

246.102, 57, 0, 0.463387, 

246.102, 58, 0, 0.463387, 

246.102, 59, 0, 0.463387, 

246.102, 60, 0, 0.463387, 

246.102, 61, 0, 0.463387, 

246.102, 62, 0, 0.463387, 

246.102, 63, 0, 0.463387, 

246.102, 64, 0, 0.463387, 

246.102, 65, 0, 0.463387, 

246.102, 66, 0, 0.463387, 

246.102, 67, 0, 0.463387, 

246.102, 68, 0, 0.463387, 

246.102, 69, 0, 0.463387, 

246.102, 70, 0, 0.463387, 

246.102, 71, 0, 0.463387, 

246.102, 72, 0, 0.463387, 

246.102, 73, 0, 0.463387, 

246.102, 74, 0, 0.463387, 

246.102, 75, 0, 0.463387, 

246.102, 76, 0, 0.463387, 

246.102, 77, 0, 0.463387, 

246.102, 78, 0, 0.463387, 

246.102, 79, 0, 0.463387, 

246.102, 80, 0, 0.463387, 

246.102, 81, 0, 0.463387, 

246.102, 82, 0, 0.463387, 

246.102, 83, 0, 0.463387, 

246.102, 84, 0, 0.463387, 

246.102, 85, 0, 0.463387, 

246.102, 86, 0, 0.463387, 

246.102, 87, 0, 0.463387, 

246.102, 88, 0, 0.463387, 

246.102, 89, 0, 0.463387, 

246.102, 90, 0, 0.463387, 

246.102, 91, 0, 0.463387, 

246.102, 92, 0, 0.463387, 

246.102, 93, 0, 0.463387, 

246.102, 94, 0, 0.463387, 

246.102, 95, 0, 0.463387, 

246.102, 96, 0, 0.463387, 

246.102, 97, 0, 0.463387, 

246.102, 98, 0, 0.463387, 

246.102, 99, 0, 0.463387, 

246.102, 100, 0, 0.463387, 

246.102, 101, 0, 0.463387, 

246.102, 102, 0, 0.463387, 

246.102, 103, 0, 0.463387, 

246.102, 104, 0, 0.463387, 

246.102, 105, 0, 0.463387, 

246.102, 106, 0, 0.463387, 

246.102, 107, 0, 0.463387, 

246.102, 108, 0, 0.463387, 

246.102, 109, 0, 0.463387, 

246.102, 110, 0, 0.463387, 

246.102, 111, 0, 0.463387, 

246.102, 112, 0, 0.463387, 

246.102, 113, 0, 0.463387, 

246.102, 114, 0, 0.463387, 

246.102, 115, 0, 0.463387, 

246.102, 116, 0, 0.463387, 

246.102, 117, 0, 0.463387, 

246.102, 118, 0, 0.463387, 

246.102, 119, 0, 0.463387, 

248.259, 0, 0, 0.463387, 

248.259, 1, 0, 0.463387, 

248.259, 2, 0, 0.463387, 

248.259, 3, 0, 0.463387, 

248.259, 4, 0, 0.463387, 

248.259, 5, 0, 0.463387, 

248.259, 6, 0, 0.463387, 

248.259, 7, 0, 0.463387, 

248.259, 8, 0, 0.463387, 

248.259, 9, 0, 0.463387, 

248.259, 10, 0, 0.463387, 

248.259, 11, 0, 0.463387, 

248.259, 12, 0, 0.463387, 

248.259, 13, 0, 0.463387, 

248.259, 14, 0, 0.463387, 

248.259, 15, 0, 0.463387, 

248.259, 16, 0, 0.463387, 

248.259, 17, 0, 0.463387, 

248.259, 18, 0, 0.463387, 

248.259, 19, 0, 0.463387, 

248.259, 20, 0, 0.463387, 

248.259, 21, 0, 0.463387, 

248.259, 22, 0, 0.463387, 

248.259, 23, 0, 0.463387, 

248.259, 24, 0, 0.463387, 

248.259, 25, 0, 0.463387, 

248.259, 26, 0, 0.463387, 

248.259, 27, 0, 0.463387, 

248.259, 28, 0, 0.463387, 

248.259, 29, 0, 0.463387, 

248.259, 30, 0, 0.463387, 

248.259, 31, 0, 0.463387, 

248.259, 32, 0, 0.463387, 

248.259, 33, 0, 0.463387, 

248.259, 34, 0, 0.463387, 

248.259, 35, 0, 0.463387, 

248.259, 36, 0, 0.463387, 

248.259, 37, 0, 0.463387, 

248.259, 38, 0, 0.463387, 

248.259, 39, 0, 0.463387, 

248.259, 40, 0, 0.463387, 

248.259, 41, 0, 0.463387, 

248.259, 42, 0, 0.463387, 

248.259, 43, 0, 0.463387, 

248.259, 44, 0, 0.463387, 

248.259, 45, 0, 0.463387, 

248.259, 46, 0, 0.463387, 

248.259, 47, 0, 0.463387, 

248.259, 48, 0, 0.463387, 

248.259, 49, 0, 0.463387, 

248.259, 50, 0, 0.463387, 

248.259, 51, 0, 0.463387, 

248.259, 52, 0, 0.463387, 

248.259, 53, 0, 0.463387, 

248.259, 54, 0, 0.463387, 

248.259, 55, 0, 0.463387, 

248.259, 56, 0, 0.463387, 

248.259, 57, 0, 0.463387, 

248.259, 58, 0, 0.463387, 

248.259, 59, 0, 0.463387, 

248.259, 60, 0, 0.463387, 

248.259, 61, 0, 0.463387, 

248.259, 62, 0, 0.463387, 

248.259, 63, 0, 0.463387, 

248.259, 64, 0, 0.463387, 

248.259, 65, 0, 0.463387, 

248.259, 66, 0, 0.463387, 

248.259, 67, 0, 0.463387, 

248.259, 68, 0, 0.463387, 

248.259, 69, 0, 0.463387, 

248.259, 70, 0, 0.463387, 

248.259, 71, 0, 0.463387, 

248.259, 72, 0, 0.463387, 

248.259, 73, 0, 0.463387, 

248.259, 74, 0, 0.463387, 

248.259, 75, 0, 0.463387, 

248.259, 76, 0, 0.463387, 

248.259, 77, 0, 0.463387, 

248.259, 78, 0, 0.463387, 

248.259, 79, 0, 0.463387, 

248.259, 80, 0, 0.463387, 

248.259, 81, 0, 0.463387, 

248.259, 82, 0, 0.463387, 

248.259, 83, 0, 0.463387, 

248.259, 84, 0, 0.463387, 

248.259, 85, 0, 0.463387, 

248.259, 86, 0, 0.463387, 

248.259, 87, 0, 0.463387, 

248.259, 88, 0, 0.463387, 

248.259, 89, 0, 0.463387, 

248.259, 90, 0, 0.463387, 

248.259, 91, 0, 0.463387, 

248.259, 92, 0, 0.463387, 

248.259, 93, 0, 0.463387, 

248.259, 94, 0, 0.463387, 

248.259, 95, 0, 0.463387, 

248.259, 96, 0, 0.463387, 

248.259, 97, 0, 0.463387, 

248.259, 98, 0, 0.463387, 

248.259, 99, 0, 0.463387, 

248.259, 100, 0, 0.463387, 

248.259, 101, 0, 0.463387, 

248.259, 102, 0, 0.463387, 

248.259, 103, 0, 0.463387, 

248.259, 104, 0, 0.463387, 

248.259, 105, 0, 0.463387, 

248.259, 106, 0, 0.463387, 

248.259, 107, 0, 0.463387, 

248.259, 108, 0, 0.463387, 

248.259, 109, 0, 0.463387, 

248.259, 110, 0, 0.463387, 

248.259, 111, 0, 0.463387, 

248.259, 112, 0, 0.463387, 

248.259, 113, 0, 0.463387, 

248.259, 114, 0, 0.463387, 

248.259, 115, 0, 0.463387, 

248.259, 116, 0, 0.463387, 

248.259, 117, 0, 0.463387, 

248.259, 118, 0, 0.463387, 

248.259, 119, 0, 0.463387, 

250.417, 0, 0, 0.463387, 

250.417, 1, 0, 0.463387, 

250.417, 2, 0, 0.463387, 

250.417, 3, 0, 0.463387, 

250.417, 4, 0, 0.463387, 

250.417, 5, 0, 0.463387, 

250.417, 6, 0, 0.463387, 

250.417, 7, 0, 0.463387, 

250.417, 8, 0, 0.463387, 

250.417, 9, 0, 0.463387, 

250.417, 10, 0, 0.463387, 

250.417, 11, 0, 0.463387, 

250.417, 12, 0, 0.463387, 

250.417, 13, 0, 0.463387, 

250.417, 14, 0, 0.463387, 

250.417, 15, 0, 0.463387, 

250.417, 16, 0, 0.463387, 

250.417, 17, 0, 0.463387, 

250.417, 18, 0, 0.463387, 

250.417, 19, 0, 0.463387, 

250.417, 20, 0, 0.463387, 

250.417, 21, 0, 0.463387, 

250.417, 22, 0, 0.463387, 

250.417, 23, 0, 0.463387, 

250.417, 24, 0, 0.463387, 

250.417, 25, 0, 0.463387, 

250.417, 26, 0, 0.463387, 

250.417, 27, 0, 0.463387, 

250.417, 28, 0, 0.463387, 

250.417, 29, 0, 0.463387, 

250.417, 30, 0, 0.463387, 

250.417, 31, 0, 0.463387, 

250.417, 32, 0, 0.463387, 

250.417, 33, 0, 0.463387, 

250.417, 34, 0, 0.463387, 

250.417, 35, 0, 0.463387, 

250.417, 36, 0, 0.463387, 

250.417, 37, 0, 0.463387, 

250.417, 38, 0, 0.463387, 

250.417, 39, 0, 0.463387, 

250.417, 40, 0, 0.463387, 

250.417, 41, 0, 0.463387, 

250.417, 42, 0, 0.463387, 

250.417, 43, 0, 0.463387, 

250.417, 44, 0, 0.463387, 

250.417, 45, 0, 0.463387, 

250.417, 46, 0, 0.463387, 

250.417, 47, 0, 0.463387, 

250.417, 48, 0, 0.463387, 

250.417, 49, 0, 0.463387, 

250.417, 50, 0, 0.463387, 

250.417, 51, 0, 0.463387, 

250.417, 52, 0, 0.463387, 

250.417, 53, 0, 0.463387, 

250.417, 54, 0, 0.463387, 

250.417, 55, 0, 0.463387, 

250.417, 56, 0, 0.463387, 

250.417, 57, 0, 0.463387, 

250.417, 58, 0, 0.463387, 

250.417, 59, 0, 0.463387, 

250.417, 60, 0, 0.463387, 

250.417, 61, 0, 0.463387, 

250.417, 62, 0, 0.463387, 

250.417, 63, 0, 0.463387, 

250.417, 64, 0, 0.463387, 

250.417, 65, 0, 0.463387, 

250.417, 66, 0, 0.463387, 

250.417, 67, 0, 0.463387, 

250.417, 68, 0, 0.463387, 

250.417, 69, 0, 0.463387, 

250.417, 70, 0, 0.463387, 

250.417, 71, 0, 0.463387, 

250.417, 72, 0, 0.463387, 

250.417, 73, 0, 0.463387, 

250.417, 74, 0, 0.463387, 

250.417, 75, 0, 0.463387, 

250.417, 76, 0, 0.463387, 

250.417, 77, 0, 0.463387, 

250.417, 78, 0, 0.463387, 

250.417, 79, 0, 0.463387, 

250.417, 80, 0, 0.463387, 

250.417, 81, 0, 0.463387, 

250.417, 82, 0, 0.463387, 

250.417, 83, 0, 0.463387, 

250.417, 84, 0, 0.463387, 

250.417, 85, 0, 0.463387, 

250.417, 86, 0, 0.463387, 

250.417, 87, 0, 0.463387, 

250.417, 88, 0, 0.463387, 

250.417, 89, 0, 0.463387, 

250.417, 90, 0, 0.463387, 

250.417, 91, 0, 0.463387, 

250.417, 92, 0, 0.463387, 

250.417, 93, 0, 0.463387, 

250.417, 94, 0, 0.463387, 

250.417, 95, 0, 0.463387, 

250.417, 96, 0, 0.463387, 

250.417, 97, 0, 0.463387, 

250.417, 98, 0, 0.463387, 

250.417, 99, 0, 0.463387, 

250.417, 100, 0, 0.463387, 

250.417, 101, 0, 0.463387, 

250.417, 102, 0, 0.463387, 

250.417, 103, 0, 0.463387, 

250.417, 104, 0, 0.463387, 

250.417, 105, 0, 0.463387, 

250.417, 106, 0, 0.463387, 

250.417, 107, 0, 0.463387, 

250.417, 108, 0, 0.463387, 

250.417, 109, 0, 0.463387, 

250.417, 110, 0, 0.463387, 

250.417, 111, 0, 0.463387, 

250.417, 112, 0, 0.463387, 

250.417, 113, 0, 0.463387, 

250.417, 114, 0, 0.463387, 

250.417, 115, 0, 0.463387, 

250.417, 116, 0, 0.463387, 

250.417, 117, 0, 0.463387, 

250.417, 118, 0, 0.463387, 

250.417, 119, 0, 0.463387, 

252.575, 0, 0, 0.463387, 

252.575, 1, 0, 0.463387, 

252.575, 2, 0, 0.463387, 

252.575, 3, 0, 0.463387, 

252.575, 4, 0, 0.463387, 

252.575, 5, 0, 0.463387, 

252.575, 6, 0, 0.463387, 

252.575, 7, 0, 0.463387, 

252.575, 8, 0, 0.463387, 

252.575, 9, 0, 0.463387, 

252.575, 10, 0, 0.463387, 

252.575, 11, 0, 0.463387, 

252.575, 12, 0, 0.463387, 

252.575, 13, 0, 0.463387, 

252.575, 14, 0, 0.463387, 

252.575, 15, 0, 0.463387, 

252.575, 16, 0, 0.463387, 

252.575, 17, 0, 0.463387, 

252.575, 18, 0, 0.463387, 

252.575, 19, 0, 0.463387, 

252.575, 20, 0, 0.463387, 

252.575, 21, 0, 0.463387, 

252.575, 22, 0, 0.463387, 

252.575, 23, 0, 0.463387, 

252.575, 24, 0, 0.463387, 

252.575, 25, 0, 0.463387, 

252.575, 26, 0, 0.463387, 

252.575, 27, 0, 0.463387, 

252.575, 28, 0, 0.463387, 

252.575, 29, 0, 0.463387, 

252.575, 30, 0, 0.463387, 

252.575, 31, 0, 0.463387, 

252.575, 32, 0, 0.463387, 

252.575, 33, 0, 0.463387, 

252.575, 34, 0, 0.463387, 

252.575, 35, 0, 0.463387, 

252.575, 36, 0, 0.463387, 

252.575, 37, 0, 0.463387, 

252.575, 38, 0, 0.463387, 

252.575, 39, 0, 0.463387, 

252.575, 40, 0, 0.463387, 

252.575, 41, 0, 0.463387, 

252.575, 42, 0, 0.463387, 

252.575, 43, 0, 0.463387, 

252.575, 44, 0, 0.463387, 

252.575, 45, 0, 0.463387, 

252.575, 46, 0, 0.463387, 

252.575, 47, 0, 0.463387, 

252.575, 48, 0, 0.463387, 

252.575, 49, 0, 0.463387, 

252.575, 50, 0, 0.463387, 

252.575, 51, 0, 0.463387, 

252.575, 52, 0, 0.463387, 

252.575, 53, 0, 0.463387, 

252.575, 54, 0, 0.463387, 

252.575, 55, 0, 0.463387, 

252.575, 56, 0, 0.463387, 

252.575, 57, 0, 0.463387, 

252.575, 58, 0, 0.463387, 

252.575, 59, 0, 0.463387, 

252.575, 60, 0, 0.463387, 

252.575, 61, 0, 0.463387, 

252.575, 62, 0, 0.463387, 

252.575, 63, 0, 0.463387, 

252.575, 64, 0, 0.463387, 

252.575, 65, 0, 0.463387, 

252.575, 66, 0, 0.463387, 

252.575, 67, 0, 0.463387, 

252.575, 68, 0, 0.463387, 

252.575, 69, 0, 0.463387, 

252.575, 70, 0, 0.463387, 

252.575, 71, 0, 0.463387, 

252.575, 72, 0, 0.463387, 

252.575, 73, 0, 0.463387, 

252.575, 74, 0, 0.463387, 

252.575, 75, 0, 0.463387, 

252.575, 76, 0, 0.463387, 

252.575, 77, 0, 0.463387, 

252.575, 78, 0, 0.463387, 

252.575, 79, 0, 0.463387, 

252.575, 80, 0, 0.463387, 

252.575, 81, 0, 0.463387, 

252.575, 82, 0, 0.463387, 

252.575, 83, 0, 0.463387, 

252.575, 84, 0, 0.463387, 

252.575, 85, 0, 0.463387, 

252.575, 86, 0, 0.463387, 

252.575, 87, 0, 0.463387, 

252.575, 88, 0, 0.463387, 

252.575, 89, 0, 0.463387, 

252.575, 90, 0, 0.463387, 

252.575, 91, 0, 0.463387, 

252.575, 92, 0, 0.463387, 

252.575, 93, 0, 0.463387, 

252.575, 94, 0, 0.463387, 

252.575, 95, 0, 0.463387, 

252.575, 96, 0, 0.463387, 

252.575, 97, 0, 0.463387, 

252.575, 98, 0, 0.463387, 

252.575, 99, 0, 0.463387, 

252.575, 100, 0, 0.463387, 

252.575, 101, 0, 0.463387, 

252.575, 102, 0, 0.463387, 

252.575, 103, 0, 0.463387, 

252.575, 104, 0, 0.463387, 

252.575, 105, 0, 0.463387, 

252.575, 106, 0, 0.463387, 

252.575, 107, 0, 0.463387, 

252.575, 108, 0, 0.463387, 

252.575, 109, 0, 0.463387, 

252.575, 110, 0, 0.463387, 

252.575, 111, 0, 0.463387, 

252.575, 112, 0, 0.463387, 

252.575, 113, 0, 0.463387, 

252.575, 114, 0, 0.463387, 

252.575, 115, 0, 0.463387, 

252.575, 116, 0, 0.463387, 

252.575, 117, 0, 0.463387, 

252.575, 118, 0, 0.463387, 

252.575, 119, 0, 0.463387, 

254.733, 0, 0, 0.463387, 

254.733, 1, 0, 0.463387, 

254.733, 2, 0, 0.463387, 

254.733, 3, 0, 0.463387, 

254.733, 4, 0, 0.463387, 

254.733, 5, 0, 0.463387, 

254.733, 6, 0, 0.463387, 

254.733, 7, 0, 0.463387, 

254.733, 8, 0, 0.463387, 

254.733, 9, 0, 0.463387, 

254.733, 10, 0, 0.463387, 

254.733, 11, 0, 0.463387, 

254.733, 12, 0, 0.463387, 

254.733, 13, 0, 0.463387, 

254.733, 14, 0, 0.463387, 

254.733, 15, 0, 0.463387, 

254.733, 16, 0, 0.463387, 

254.733, 17, 0, 0.463387, 

254.733, 18, 0, 0.463387, 

254.733, 19, 0, 0.463387, 

254.733, 20, 0, 0.463387, 

254.733, 21, 0, 0.463387, 

254.733, 22, 0, 0.463387, 

254.733, 23, 0, 0.463387, 

254.733, 24, 0, 0.463387, 

254.733, 25, 0, 0.463387, 

254.733, 26, 0, 0.463387, 

254.733, 27, 0, 0.463387, 

254.733, 28, 0, 0.463387, 

254.733, 29, 0, 0.463387, 

254.733, 30, 0, 0.463387, 

254.733, 31, 0, 0.463387, 

254.733, 32, 0, 0.463387, 

254.733, 33, 0, 0.463387, 

254.733, 34, 0, 0.463387, 

254.733, 35, 0, 0.463387, 

254.733, 36, 0, 0.463387, 

254.733, 37, 0, 0.463387, 

254.733, 38, 0, 0.463387, 

254.733, 39, 0, 0.463387, 

254.733, 40, 0, 0.463387, 

254.733, 41, 0, 0.463387, 

254.733, 42, 0, 0.463387, 

254.733, 43, 0, 0.463387, 

254.733, 44, 0, 0.463387, 

254.733, 45, 0, 0.463387, 

254.733, 46, 0, 0.463387, 

254.733, 47, 0, 0.463387, 

254.733, 48, 0, 0.463387, 

254.733, 49, 0, 0.463387, 

254.733, 50, 0, 0.463387, 

254.733, 51, 0, 0.463387, 

254.733, 52, 0, 0.463387, 

254.733, 53, 0, 0.463387, 

254.733, 54, 0, 0.463387, 

254.733, 55, 0, 0.463387, 

254.733, 56, 0, 0.463387, 

254.733, 57, 0, 0.463387, 

254.733, 58, 0, 0.463387, 

254.733, 59, 0, 0.463387, 

254.733, 60, 0, 0.463387, 

254.733, 61, 0, 0.463387, 

254.733, 62, 0, 0.463387, 

254.733, 63, 0, 0.463387, 

254.733, 64, 0, 0.463387, 

254.733, 65, 0, 0.463387, 

254.733, 66, 0, 0.463387, 

254.733, 67, 0, 0.463387, 

254.733, 68, 0, 0.463387, 

254.733, 69, 0, 0.463387, 

254.733, 70, 0, 0.463387, 

254.733, 71, 0, 0.463387, 

254.733, 72, 0, 0.463387, 

254.733, 73, 0, 0.463387, 

254.733, 74, 0, 0.463387, 

254.733, 75, 0, 0.463387, 

254.733, 76, 0, 0.463387, 

254.733, 77, 0, 0.463387, 

254.733, 78, 0, 0.463387, 

254.733, 79, 0, 0.463387, 

254.733, 80, 0, 0.463387, 

254.733, 81, 0, 0.463387, 

254.733, 82, 0, 0.463387, 

254.733, 83, 0, 0.463387, 

254.733, 84, 0, 0.463387, 

254.733, 85, 0, 0.463387, 

254.733, 86, 0, 0.463387, 

254.733, 87, 0, 0.463387, 

254.733, 88, 0, 0.463387, 

254.733, 89, 0, 0.463387, 

254.733, 90, 0, 0.463387, 

254.733, 91, 0, 0.463387, 

254.733, 92, 0, 0.463387, 

254.733, 93, 0, 0.463387, 

254.733, 94, 0, 0.463387, 

254.733, 95, 0, 0.463387, 

254.733, 96, 0, 0.463387, 

254.733, 97, 0, 0.463387, 

254.733, 98, 0, 0.463387, 

254.733, 99, 0, 0.463387, 

254.733, 100, 0, 0.463387, 

254.733, 101, 0, 0.463387, 

254.733, 102, 0, 0.463387, 

254.733, 103, 0, 0.463387, 

254.733, 104, 0, 0.463387, 

254.733, 105, 0, 0.463387, 

254.733, 106, 0, 0.463387, 

254.733, 107, 0, 0.463387, 

254.733, 108, 0, 0.463387, 

254.733, 109, 0, 0.463387, 

254.733, 110, 0, 0.463387, 

254.733, 111, 0, 0.463387, 

254.733, 112, 0, 0.463387, 

254.733, 113, 0, 0.463387, 

254.733, 114, 0, 0.463387, 

254.733, 115, 0, 0.463387, 

254.733, 116, 0, 0.463387, 

254.733, 117, 0, 0.463387, 

254.733, 118, 0, 0.463387, 

254.733, 119, 0, 0.463387, 

256.891, 0, 0, 0.463387, 

256.891, 1, 0, 0.463387, 

256.891, 2, 0, 0.463387, 

256.891, 3, 0, 0.463387, 

256.891, 4, 0, 0.463387, 

256.891, 5, 0, 0.463387, 

256.891, 6, 0, 0.463387, 

256.891, 7, 0, 0.463387, 

256.891, 8, 0, 0.463387, 

256.891, 9, 0, 0.463387, 

256.891, 10, 0, 0.463387, 

256.891, 11, 0, 0.463387, 

256.891, 12, 0, 0.463387, 

256.891, 13, 0, 0.463387, 

256.891, 14, 0, 0.463387, 

256.891, 15, 0, 0.463387, 

256.891, 16, 0, 0.463387, 

256.891, 17, 0, 0.463387, 

256.891, 18, 0, 0.463387, 

256.891, 19, 0, 0.463387, 

256.891, 20, 0, 0.463387, 

256.891, 21, 0, 0.463387, 

256.891, 22, 0, 0.463387, 

256.891, 23, 0, 0.463387, 

256.891, 24, 0, 0.463387, 

256.891, 25, 0, 0.463387, 

256.891, 26, 0, 0.463387, 

256.891, 27, 0, 0.463387, 

256.891, 28, 0, 0.463387, 

256.891, 29, 0, 0.463387, 

256.891, 30, 0, 0.463387, 

256.891, 31, 0, 0.463387, 

256.891, 32, 0, 0.463387, 

256.891, 33, 0, 0.463387, 

256.891, 34, 0, 0.463387, 

256.891, 35, 0, 0.463387, 

256.891, 36, 0, 0.463387, 

256.891, 37, 0, 0.463387, 

256.891, 38, 0, 0.463387, 

256.891, 39, 0, 0.463387, 

256.891, 40, 0, 0.463387, 

256.891, 41, 0, 0.463387, 

256.891, 42, 0, 0.463387, 

256.891, 43, 0, 0.463387, 

256.891, 44, 0, 0.463387, 

256.891, 45, 0, 0.463387, 

256.891, 46, 0, 0.463387, 

256.891, 47, 0, 0.463387, 

256.891, 48, 0, 0.463387, 

256.891, 49, 0, 0.463387, 

256.891, 50, 0, 0.463387, 

256.891, 51, 0, 0.463387, 

256.891, 52, 0, 0.463387, 

256.891, 53, 0, 0.463387, 

256.891, 54, 0, 0.463387, 

256.891, 55, 0, 0.463387, 

256.891, 56, 0, 0.463387, 

256.891, 57, 0, 0.463387, 

256.891, 58, 0, 0.463387, 

256.891, 59, 0, 0.463387, 

256.891, 60, 0, 0.463387, 

256.891, 61, 0, 0.463387, 

256.891, 62, 0, 0.463387, 

256.891, 63, 0, 0.463387, 

256.891, 64, 0, 0.463387, 

256.891, 65, 0, 0.463387, 

256.891, 66, 0, 0.463387, 

256.891, 67, 0, 0.463387, 

256.891, 68, 0, 0.463387, 

256.891, 69, 0, 0.463387, 

256.891, 70, 0, 0.463387, 

256.891, 71, 0, 0.463387, 

256.891, 72, 0, 0.463387, 

256.891, 73, 0, 0.463387, 

256.891, 74, 0, 0.463387, 

256.891, 75, 0, 0.463387, 

256.891, 76, 0, 0.463387, 

256.891, 77, 0, 0.463387, 

256.891, 78, 0, 0.463387, 

256.891, 79, 0, 0.463387, 

256.891, 80, 0, 0.463387, 

256.891, 81, 0, 0.463387, 

256.891, 82, 0, 0.463387, 

256.891, 83, 0, 0.463387, 

256.891, 84, 0, 0.463387, 

256.891, 85, 0, 0.463387, 

256.891, 86, 0, 0.463387, 

256.891, 87, 0, 0.463387, 

256.891, 88, 0, 0.463387, 

256.891, 89, 0, 0.463387, 

256.891, 90, 0, 0.463387, 

256.891, 91, 0, 0.463387, 

256.891, 92, 0, 0.463387, 

256.891, 93, 0, 0.463387, 

256.891, 94, 0, 0.463387, 

256.891, 95, 0, 0.463387, 

256.891, 96, 0, 0.463387, 

256.891, 97, 0, 0.463387, 

256.891, 98, 0, 0.463387, 

256.891, 99, 0, 0.463387, 

256.891, 100, 0, 0.463387, 

256.891, 101, 0, 0.463387, 

256.891, 102, 0, 0.463387, 

256.891, 103, 0, 0.463387, 

256.891, 104, 0, 0.463387, 

256.891, 105, 0, 0.463387, 

256.891, 106, 0, 0.463387, 

256.891, 107, 0, 0.463387, 

256.891, 108, 0, 0.463387, 

256.891, 109, 0, 0.463387, 

256.891, 110, 0, 0.463387, 

256.891, 111, 0, 0.463387, 

256.891, 112, 0, 0.463387, 

256.891, 113, 0, 0.463387, 

256.891, 114, 0, 0.463387, 

256.891, 115, 0, 0.463387, 

256.891, 116, 0, 0.463387, 

256.891, 117, 0, 0.463387, 

256.891, 118, 0, 0.463387, 

256.891, 119, 0, 0.463387, 

259.048, 0, 0, 0.463387, 

259.048, 1, 0, 0.463387, 

259.048, 2, 0, 0.463387, 

259.048, 3, 0, 0.463387, 

259.048, 4, 0, 0.463387, 

259.048, 5, 0, 0.463387, 

259.048, 6, 0, 0.463387, 

259.048, 7, 0, 0.463387, 

259.048, 8, 0, 0.463387, 

259.048, 9, 0, 0.463387, 

259.048, 10, 0, 0.463387, 

259.048, 11, 0, 0.463387, 

259.048, 12, 0, 0.463387, 

259.048, 13, 0, 0.463387, 

259.048, 14, 0, 0.463387, 

259.048, 15, 0, 0.463387, 

259.048, 16, 0, 0.463387, 

259.048, 17, 0, 0.463387, 

259.048, 18, 0, 0.463387, 

259.048, 19, 0, 0.463387, 

259.048, 20, 0, 0.463387, 

259.048, 21, 0, 0.463387, 

259.048, 22, 0, 0.463387, 

259.048, 23, 0, 0.463387, 

259.048, 24, 0, 0.463387, 

259.048, 25, 0, 0.463387, 

259.048, 26, 0, 0.463387, 

259.048, 27, 0, 0.463387, 

259.048, 28, 0, 0.463387, 

259.048, 29, 0, 0.463387, 

259.048, 30, 0, 0.463387, 

259.048, 31, 0, 0.463387, 

259.048, 32, 0, 0.463387, 

259.048, 33, 0, 0.463387, 

259.048, 34, 0, 0.463387, 

259.048, 35, 0, 0.463387, 

259.048, 36, 0, 0.463387, 

259.048, 37, 0, 0.463387, 

259.048, 38, 0, 0.463387, 

259.048, 39, 0, 0.463387, 

259.048, 40, 0, 0.463387, 

259.048, 41, 0, 0.463387, 

259.048, 42, 0, 0.463387, 

259.048, 43, 0, 0.463387, 

259.048, 44, 0, 0.463387, 

259.048, 45, 0, 0.463387, 

259.048, 46, 0, 0.463387, 

259.048, 47, 0, 0.463387, 

259.048, 48, 0, 0.463387, 

259.048, 49, 0, 0.463387, 

259.048, 50, 0, 0.463387, 

259.048, 51, 0, 0.463387, 

259.048, 52, 0, 0.463387, 

259.048, 53, 0, 0.463387, 

259.048, 54, 0, 0.463387, 

259.048, 55, 0, 0.463387, 

259.048, 56, 0, 0.463387, 

259.048, 57, 0, 0.463387, 

259.048, 58, 0, 0.463387, 

259.048, 59, 0, 0.463387, 

259.048, 60, 0, 0.463387, 

259.048, 61, 0, 0.463387, 

259.048, 62, 0, 0.463387, 

259.048, 63, 0, 0.463387, 

259.048, 64, 0, 0.463387, 

259.048, 65, 0, 0.463387, 

259.048, 66, 0, 0.463387, 

259.048, 67, 0, 0.463387, 

259.048, 68, 0, 0.463387, 

259.048, 69, 0, 0.463387, 

259.048, 70, 0, 0.463387, 

259.048, 71, 0, 0.463387, 

259.048, 72, 0, 0.463387, 

259.048, 73, 0, 0.463387, 

259.048, 74, 0, 0.463387, 

259.048, 75, 0, 0.463387, 

259.048, 76, 0, 0.463387, 

259.048, 77, 0, 0.463387, 

259.048, 78, 0, 0.463387, 

259.048, 79, 0, 0.463387, 

259.048, 80, 0, 0.463387, 

259.048, 81, 0, 0.463387, 

259.048, 82, 0, 0.463387, 

259.048, 83, 0, 0.463387, 

259.048, 84, 0, 0.463387, 

259.048, 85, 0, 0.463387, 

259.048, 86, 0, 0.463387, 

259.048, 87, 0, 0.463387, 

259.048, 88, 0, 0.463387, 

259.048, 89, 0, 0.463387, 

259.048, 90, 0, 0.463387, 

259.048, 91, 0, 0.463387, 

259.048, 92, 0, 0.463387, 

259.048, 93, 0, 0.463387, 

259.048, 94, 0, 0.463387, 

259.048, 95, 0, 0.463387, 

259.048, 96, 0, 0.463387, 

259.048, 97, 0, 0.463387, 

259.048, 98, 0, 0.463387, 

259.048, 99, 0, 0.463387, 

259.048, 100, 0, 0.463387, 

259.048, 101, 0, 0.463387, 

259.048, 102, 0, 0.463387, 

259.048, 103, 0, 0.463387, 

259.048, 104, 0, 0.463387, 

259.048, 105, 0, 0.463387, 

259.048, 106, 0, 0.463387, 

259.048, 107, 0, 0.463387, 

259.048, 108, 0, 0.463387, 

259.048, 109, 0, 0.463387, 

259.048, 110, 0, 0.463387, 

259.048, 111, 0, 0.463387, 

259.048, 112, 0, 0.463387, 

259.048, 113, 0, 0.463387, 

259.048, 114, 0, 0.463387, 

259.048, 115, 0, 0.463387, 

259.048, 116, 0, 0.463387, 

259.048, 117, 0, 0.463387, 

259.048, 118, 0, 0.463387, 

259.048, 119, 0, 0.463387, 

261.206, 0, 0, 0.463387, 

261.206, 1, 0, 0.463387, 

261.206, 2, 0, 0.463387, 

261.206, 3, 0, 0.463387, 

261.206, 4, 0, 0.463387, 

261.206, 5, 0, 0.463387, 

261.206, 6, 0, 0.463387, 

261.206, 7, 0, 0.463387, 

261.206, 8, 0, 0.463387, 

261.206, 9, 0, 0.463387, 

261.206, 10, 0, 0.463387, 

261.206, 11, 0, 0.463387, 

261.206, 12, 0, 0.463387, 

261.206, 13, 0, 0.463387, 

261.206, 14, 0, 0.463387, 

261.206, 15, 0, 0.463387, 

261.206, 16, 0, 0.463387, 

261.206, 17, 0, 0.463387, 

261.206, 18, 0, 0.463387, 

261.206, 19, 0, 0.463387, 

261.206, 20, 0, 0.463387, 

261.206, 21, 0, 0.463387, 

261.206, 22, 0, 0.463387, 

261.206, 23, 0, 0.463387, 

261.206, 24, 0, 0.463387, 

261.206, 25, 0, 0.463387, 

261.206, 26, 0, 0.463387, 

261.206, 27, 0, 0.463387, 

261.206, 28, 0, 0.463387, 

261.206, 29, 0, 0.463387, 

261.206, 30, 0, 0.463387, 

261.206, 31, 0, 0.463387, 

261.206, 32, 0, 0.463387, 

261.206, 33, 0, 0.463387, 

261.206, 34, 0, 0.463387, 

261.206, 35, 0, 0.463387, 

261.206, 36, 0, 0.463387, 

261.206, 37, 0, 0.463387, 

261.206, 38, 0, 0.463387, 

261.206, 39, 0, 0.463387, 

261.206, 40, 0, 0.463387, 

261.206, 41, 0, 0.463387, 

261.206, 42, 0, 0.463387, 

261.206, 43, 0, 0.463387, 

261.206, 44, 0, 0.463387, 

261.206, 45, 0, 0.463387, 

261.206, 46, 0, 0.463387, 

261.206, 47, 0, 0.463387, 

261.206, 48, 0, 0.463387, 

261.206, 49, 0, 0.463387, 

261.206, 50, 0, 0.463387, 

261.206, 51, 0, 0.463387, 

261.206, 52, 0, 0.463387, 

261.206, 53, 0, 0.463387, 

261.206, 54, 0, 0.463387, 

261.206, 55, 0, 0.463387, 

261.206, 56, 0, 0.463387, 

261.206, 57, 0, 0.463387, 

261.206, 58, 0, 0.463387, 

261.206, 59, 0, 0.463387, 

261.206, 60, 0, 0.463387, 

261.206, 61, 0, 0.463387, 

261.206, 62, 0, 0.463387, 

261.206, 63, 0, 0.463387, 

261.206, 64, 0, 0.463387, 

261.206, 65, 0, 0.463387, 

261.206, 66, 0, 0.463387, 

261.206, 67, 0, 0.463387, 

261.206, 68, 0, 0.463387, 

261.206, 69, 0, 0.463387, 

261.206, 70, 0, 0.463387, 

261.206, 71, 0, 0.463387, 

261.206, 72, 0, 0.463387, 

261.206, 73, 0, 0.463387, 

261.206, 74, 0, 0.463387, 

261.206, 75, 0, 0.463387, 

261.206, 76, 0, 0.463387, 

261.206, 77, 0, 0.463387, 

261.206, 78, 0, 0.463387, 

261.206, 79, 0, 0.463387, 

261.206, 80, 0, 0.463387, 

261.206, 81, 0, 0.463387, 

261.206, 82, 0, 0.463387, 

261.206, 83, 0, 0.463387, 

261.206, 84, 0, 0.463387, 

261.206, 85, 0, 0.463387, 

261.206, 86, 0, 0.463387, 

261.206, 87, 0, 0.463387, 

261.206, 88, 0, 0.463387, 

261.206, 89, 0, 0.463387, 

261.206, 90, 0, 0.463387, 

261.206, 91, 0, 0.463387, 

261.206, 92, 0, 0.463387, 

261.206, 93, 0, 0.463387, 

261.206, 94, 0, 0.463387, 

261.206, 95, 0, 0.463387, 

261.206, 96, 0, 0.463387, 

261.206, 97, 0, 0.463387, 

261.206, 98, 0, 0.463387, 

261.206, 99, 0, 0.463387, 

261.206, 100, 0, 0.463387, 

261.206, 101, 0, 0.463387, 

261.206, 102, 0, 0.463387, 

261.206, 103, 0, 0.463387, 

261.206, 104, 0, 0.463387, 

261.206, 105, 0, 0.463387, 

261.206, 106, 0, 0.463387, 

261.206, 107, 0, 0.463387, 

261.206, 108, 0, 0.463387, 

261.206, 109, 0, 0.463387, 

261.206, 110, 0, 0.463387, 

261.206, 111, 0, 0.463387, 

261.206, 112, 0, 0.463387, 

261.206, 113, 0, 0.463387, 

261.206, 114, 0, 0.463387, 

261.206, 115, 0, 0.463387, 

261.206, 116, 0, 0.463387, 

261.206, 117, 0, 0.463387, 

261.206, 118, 0, 0.463387, 

261.206, 119, 0, 0.463387, 

263.364, 0, 0, 0.463387, 

263.364, 1, 0, 0.463387, 

263.364, 2, 0, 0.463387, 

263.364, 3, 0, 0.463387, 

263.364, 4, 0, 0.463387, 

263.364, 5, 0, 0.463387, 

263.364, 6, 0, 0.463387, 

263.364, 7, 0, 0.463387, 

263.364, 8, 0, 0.463387, 

263.364, 9, 0, 0.463387, 

263.364, 10, 0, 0.463387, 

263.364, 11, 0, 0.463387, 

263.364, 12, 0, 0.463387, 

263.364, 13, 0, 0.463387, 

263.364, 14, 0, 0.463387, 

263.364, 15, 0, 0.463387, 

263.364, 16, 0, 0.463387, 

263.364, 17, 0, 0.463387, 

263.364, 18, 0, 0.463387, 

263.364, 19, 0, 0.463387, 

263.364, 20, 0, 0.463387, 

263.364, 21, 0, 0.463387, 

263.364, 22, 0, 0.463387, 

263.364, 23, 0, 0.463387, 

263.364, 24, 0, 0.463387, 

263.364, 25, 0, 0.463387, 

263.364, 26, 0, 0.463387, 

263.364, 27, 0, 0.463387, 

263.364, 28, 0, 0.463387, 

263.364, 29, 0, 0.463387, 

263.364, 30, 0, 0.463387, 

263.364, 31, 0, 0.463387, 

263.364, 32, 0, 0.463387, 

263.364, 33, 0, 0.463387, 

263.364, 34, 0, 0.463387, 

263.364, 35, 0, 0.463387, 

263.364, 36, 0, 0.463387, 

263.364, 37, 0, 0.463387, 

263.364, 38, 0, 0.463387, 

263.364, 39, 0, 0.463387, 

263.364, 40, 0, 0.463387, 

263.364, 41, 0, 0.463387, 

263.364, 42, 0, 0.463387, 

263.364, 43, 0, 0.463387, 

263.364, 44, 0, 0.463387, 

263.364, 45, 0, 0.463387, 

263.364, 46, 0, 0.463387, 

263.364, 47, 0, 0.463387, 

263.364, 48, 0, 0.463387, 

263.364, 49, 0, 0.463387, 

263.364, 50, 0, 0.463387, 

263.364, 51, 0, 0.463387, 

263.364, 52, 0, 0.463387, 

263.364, 53, 0, 0.463387, 

263.364, 54, 0, 0.463387, 

263.364, 55, 0, 0.463387, 

263.364, 56, 0, 0.463387, 

263.364, 57, 0, 0.463387, 

263.364, 58, 0, 0.463387, 

263.364, 59, 0, 0.463387, 

263.364, 60, 0, 0.463387, 

263.364, 61, 0, 0.463387, 

263.364, 62, 0, 0.463387, 

263.364, 63, 0, 0.463387, 

263.364, 64, 0, 0.463387, 

263.364, 65, 0, 0.463387, 

263.364, 66, 0, 0.463387, 

263.364, 67, 0, 0.463387, 

263.364, 68, 0, 0.463387, 

263.364, 69, 0, 0.463387, 

263.364, 70, 0, 0.463387, 

263.364, 71, 0, 0.463387, 

263.364, 72, 0, 0.463387, 

263.364, 73, 0, 0.463387, 

263.364, 74, 0, 0.463387, 

263.364, 75, 0, 0.463387, 

263.364, 76, 0, 0.463387, 

263.364, 77, 0, 0.463387, 

263.364, 78, 0, 0.463387, 

263.364, 79, 0, 0.463387, 

263.364, 80, 0, 0.463387, 

263.364, 81, 0, 0.463387, 

263.364, 82, 0, 0.463387, 

263.364, 83, 0, 0.463387, 

263.364, 84, 0, 0.463387, 

263.364, 85, 0, 0.463387, 

263.364, 86, 0, 0.463387, 

263.364, 87, 0, 0.463387, 

263.364, 88, 0, 0.463387, 

263.364, 89, 0, 0.463387, 

263.364, 90, 0, 0.463387, 

263.364, 91, 0, 0.463387, 

263.364, 92, 0, 0.463387, 

263.364, 93, 0, 0.463387, 

263.364, 94, 0, 0.463387, 

263.364, 95, 0, 0.463387, 

263.364, 96, 0, 0.463387, 

263.364, 97, 0, 0.463387, 

263.364, 98, 0, 0.463387, 

263.364, 99, 0, 0.463387, 

263.364, 100, 0, 0.463387, 

263.364, 101, 0, 0.463387, 

263.364, 102, 0, 0.463387, 

263.364, 103, 0, 0.463387, 

263.364, 104, 0, 0.463387, 

263.364, 105, 0, 0.463387, 

263.364, 106, 0, 0.463387, 

263.364, 107, 0, 0.463387, 

263.364, 108, 0, 0.463387, 

263.364, 109, 0, 0.463387, 

263.364, 110, 0, 0.463387, 

263.364, 111, 0, 0.463387, 

263.364, 112, 0, 0.463387, 

263.364, 113, 0, 0.463387, 

263.364, 114, 0, 0.463387, 

263.364, 115, 0, 0.463387, 

263.364, 116, 0, 0.463387, 

263.364, 117, 0, 0.463387, 

263.364, 118, 0, 0.463387, 

263.364, 119, 0, 0.463387, 

265.522, 0, 0, 0.463387, 

265.522, 1, 0, 0.463387, 

265.522, 2, 0, 0.463387, 

265.522, 3, 0, 0.463387, 

265.522, 4, 0, 0.463387, 

265.522, 5, 0, 0.463387, 

265.522, 6, 0, 0.463387, 

265.522, 7, 0, 0.463387, 

265.522, 8, 0, 0.463387, 

265.522, 9, 0, 0.463387, 

265.522, 10, 0, 0.463387, 

265.522, 11, 0, 0.463387, 

265.522, 12, 0, 0.463387, 

265.522, 13, 0, 0.463387, 

265.522, 14, 0, 0.463387, 

265.522, 15, 0, 0.463387, 

265.522, 16, 0, 0.463387, 

265.522, 17, 0, 0.463387, 

265.522, 18, 0, 0.463387, 

265.522, 19, 0, 0.463387, 

265.522, 20, 0, 0.463387, 

265.522, 21, 0, 0.463387, 

265.522, 22, 0, 0.463387, 

265.522, 23, 0, 0.463387, 

265.522, 24, 0, 0.463387, 

265.522, 25, 0, 0.463387, 

265.522, 26, 0, 0.463387, 

265.522, 27, 0, 0.463387, 

265.522, 28, 0, 0.463387, 

265.522, 29, 0, 0.463387, 

265.522, 30, 0, 0.463387, 

265.522, 31, 0, 0.463387, 

265.522, 32, 0, 0.463387, 

265.522, 33, 0, 0.463387, 

265.522, 34, 0, 0.463387, 

265.522, 35, 0, 0.463387, 

265.522, 36, 0, 0.463387, 

265.522, 37, 0, 0.463387, 

265.522, 38, 0, 0.463387, 

265.522, 39, 0, 0.463387, 

265.522, 40, 0, 0.463387, 

265.522, 41, 0, 0.463387, 

265.522, 42, 0, 0.463387, 

265.522, 43, 0, 0.463387, 

265.522, 44, 0, 0.463387, 

265.522, 45, 0, 0.463387, 

265.522, 46, 0, 0.463387, 

265.522, 47, 0, 0.463387, 

265.522, 48, 0, 0.463387, 

265.522, 49, 0, 0.463387, 

265.522, 50, 0, 0.463387, 

265.522, 51, 0, 0.463387, 

265.522, 52, 0, 0.463387, 

265.522, 53, 0, 0.463387, 

265.522, 54, 0, 0.463387, 

265.522, 55, 0, 0.463387, 

265.522, 56, 0, 0.463387, 

265.522, 57, 0, 0.463387, 

265.522, 58, 0, 0.463387, 

265.522, 59, 0, 0.463387, 

265.522, 60, 0, 0.463387, 

265.522, 61, 0, 0.463387, 

265.522, 62, 0, 0.463387, 

265.522, 63, 0, 0.463387, 

265.522, 64, 0, 0.463387, 

265.522, 65, 0, 0.463387, 

265.522, 66, 0, 0.463387, 

265.522, 67, 0, 0.463387, 

265.522, 68, 0, 0.463387, 

265.522, 69, 0, 0.463387, 

265.522, 70, 0, 0.463387, 

265.522, 71, 0, 0.463387, 

265.522, 72, 0, 0.463387, 

265.522, 73, 0, 0.463387, 

265.522, 74, 0, 0.463387, 

265.522, 75, 0, 0.463387, 

265.522, 76, 0, 0.463387, 

265.522, 77, 0, 0.463387, 

265.522, 78, 0, 0.463387, 

265.522, 79, 0, 0.463387, 

265.522, 80, 0, 0.463387, 

265.522, 81, 0, 0.463387, 

265.522, 82, 0, 0.463387, 

265.522, 83, 0, 0.463387, 

265.522, 84, 0, 0.463387, 

265.522, 85, 0, 0.463387, 

265.522, 86, 0, 0.463387, 

265.522, 87, 0, 0.463387, 

265.522, 88, 0, 0.463387, 

265.522, 89, 0, 0.463387, 

265.522, 90, 0, 0.463387, 

265.522, 91, 0, 0.463387, 

265.522, 92, 0, 0.463387, 

265.522, 93, 0, 0.463387, 

265.522, 94, 0, 0.463387, 

265.522, 95, 0, 0.463387, 

265.522, 96, 0, 0.463387, 

265.522, 97, 0, 0.463387, 

265.522, 98, 0, 0.463387, 

265.522, 99, 0, 0.463387, 

265.522, 100, 0, 0.463387, 

265.522, 101, 0, 0.463387, 

265.522, 102, 0, 0.463387, 

265.522, 103, 0, 0.463387, 

265.522, 104, 0, 0.463387, 

265.522, 105, 0, 0.463387, 

265.522, 106, 0, 0.463387, 

265.522, 107, 0, 0.463387, 

265.522, 108, 0, 0.463387, 

265.522, 109, 0, 0.463387, 

265.522, 110, 0, 0.463387, 

265.522, 111, 0, 0.463387, 

265.522, 112, 0, 0.463387, 

265.522, 113, 0, 0.463387, 

265.522, 114, 0, 0.463387, 

265.522, 115, 0, 0.463387, 

265.522, 116, 0, 0.463387, 

265.522, 117, 0, 0.463387, 

265.522, 118, 0, 0.463387, 

265.522, 119, 0, 0.463387, 

267.68, 0, 0, 0.463387, 

267.68, 1, 0, 0.463387, 

267.68, 2, 0, 0.463387, 

267.68, 3, 0, 0.463387, 

267.68, 4, 0, 0.463387, 

267.68, 5, 0, 0.463387, 

267.68, 6, 0, 0.463387, 

267.68, 7, 0, 0.463387, 

267.68, 8, 0, 0.463387, 

267.68, 9, 0, 0.463387, 

267.68, 10, 0, 0.463387, 

267.68, 11, 0, 0.463387, 

267.68, 12, 0, 0.463387, 

267.68, 13, 0, 0.463387, 

267.68, 14, 0, 0.463387, 

267.68, 15, 0, 0.463387, 

267.68, 16, 0, 0.463387, 

267.68, 17, 0, 0.463387, 

267.68, 18, 0, 0.463387, 

267.68, 19, 0, 0.463387, 

267.68, 20, 0, 0.463387, 

267.68, 21, 0, 0.463387, 

267.68, 22, 0, 0.463387, 

267.68, 23, 0, 0.463387, 

267.68, 24, 0, 0.463387, 

267.68, 25, 0, 0.463387, 

267.68, 26, 0, 0.463387, 

267.68, 27, 0, 0.463387, 

267.68, 28, 0, 0.463387, 

267.68, 29, 0, 0.463387, 

267.68, 30, 0, 0.463387, 

267.68, 31, 0, 0.463387, 

267.68, 32, 0, 0.463387, 

267.68, 33, 0, 0.463387, 

267.68, 34, 0, 0.463387, 

267.68, 35, 0, 0.463387, 

267.68, 36, 0, 0.463387, 

267.68, 37, 0, 0.463387, 

267.68, 38, 0, 0.463387, 

267.68, 39, 0, 0.463387, 

267.68, 40, 0, 0.463387, 

267.68, 41, 0, 0.463387, 

267.68, 42, 0, 0.463387, 

267.68, 43, 0, 0.463387, 

267.68, 44, 0, 0.463387, 

267.68, 45, 0, 0.463387, 

267.68, 46, 0, 0.463387, 

267.68, 47, 0, 0.463387, 

267.68, 48, 0, 0.463387, 

267.68, 49, 0, 0.463387, 

267.68, 50, 0, 0.463387, 

267.68, 51, 0, 0.463387, 

267.68, 52, 0, 0.463387, 

267.68, 53, 0, 0.463387, 

267.68, 54, 0, 0.463387, 

267.68, 55, 0, 0.463387, 

267.68, 56, 0, 0.463387, 

267.68, 57, 0, 0.463387, 

267.68, 58, 0, 0.463387, 

267.68, 59, 0, 0.463387, 

267.68, 60, 0, 0.463387, 

267.68, 61, 0, 0.463387, 

267.68, 62, 0, 0.463387, 

267.68, 63, 0, 0.463387, 

267.68, 64, 0, 0.463387, 

267.68, 65, 0, 0.463387, 

267.68, 66, 0, 0.463387, 

267.68, 67, 0, 0.463387, 

267.68, 68, 0, 0.463387, 

267.68, 69, 0, 0.463387, 

267.68, 70, 0, 0.463387, 

267.68, 71, 0, 0.463387, 

267.68, 72, 0, 0.463387, 

267.68, 73, 0, 0.463387, 

267.68, 74, 0, 0.463387, 

267.68, 75, 0, 0.463387, 

267.68, 76, 0, 0.463387, 

267.68, 77, 0, 0.463387, 

267.68, 78, 0, 0.463387, 

267.68, 79, 0, 0.463387, 

267.68, 80, 0, 0.463387, 

267.68, 81, 0, 0.463387, 

267.68, 82, 0, 0.463387, 

267.68, 83, 0, 0.463387, 

267.68, 84, 0, 0.463387, 

267.68, 85, 0, 0.463387, 

267.68, 86, 0, 0.463387, 

267.68, 87, 0, 0.463387, 

267.68, 88, 0, 0.463387, 

267.68, 89, 0, 0.463387, 

267.68, 90, 0, 0.463387, 

267.68, 91, 0, 0.463387, 

267.68, 92, 0, 0.463387, 

267.68, 93, 0, 0.463387, 

267.68, 94, 0, 0.463387, 

267.68, 95, 0, 0.463387, 

267.68, 96, 0, 0.463387, 

267.68, 97, 0, 0.463387, 

267.68, 98, 0, 0.463387, 

267.68, 99, 0, 0.463387, 

267.68, 100, 0, 0.463387, 

267.68, 101, 0, 0.463387, 

267.68, 102, 0, 0.463387, 

267.68, 103, 0, 0.463387, 

267.68, 104, 0, 0.463387, 

267.68, 105, 0, 0.463387, 

267.68, 106, 0, 0.463387, 

267.68, 107, 0, 0.463387, 

267.68, 108, 0, 0.463387, 

267.68, 109, 0, 0.463387, 

267.68, 110, 0, 0.463387, 

267.68, 111, 0, 0.463387, 

267.68, 112, 0, 0.463387, 

267.68, 113, 0, 0.463387, 

267.68, 114, 0, 0.463387, 

267.68, 115, 0, 0.463387, 

267.68, 116, 0, 0.463387, 

267.68, 117, 0, 0.463387, 

267.68, 118, 0, 0.463387, 

267.68, 119, 0, 0.463387, 

269.837, 0, 0, 0.463387, 

269.837, 1, 0, 0.463387, 

269.837, 2, 0, 0.463387, 

269.837, 3, 0, 0.463387, 

269.837, 4, 0, 0.463387, 

269.837, 5, 0, 0.463387, 

269.837, 6, 0, 0.463387, 

269.837, 7, 0, 0.463387, 

269.837, 8, 0, 0.463387, 

269.837, 9, 0, 0.463387, 

269.837, 10, 0, 0.463387, 

269.837, 11, 0, 0.463387, 

269.837, 12, 0, 0.463387, 

269.837, 13, 0, 0.463387, 

269.837, 14, 0, 0.463387, 

269.837, 15, 0, 0.463387, 

269.837, 16, 0, 0.463387, 

269.837, 17, 0, 0.463387, 

269.837, 18, 0, 0.463387, 

269.837, 19, 0, 0.463387, 

269.837, 20, 0, 0.463387, 

269.837, 21, 0, 0.463387, 

269.837, 22, 0, 0.463387, 

269.837, 23, 0, 0.463387, 

269.837, 24, 0, 0.463387, 

269.837, 25, 0, 0.463387, 

269.837, 26, 0, 0.463387, 

269.837, 27, 0, 0.463387, 

269.837, 28, 0, 0.463387, 

269.837, 29, 0, 0.463387, 

269.837, 30, 0, 0.463387, 

269.837, 31, 0, 0.463387, 

269.837, 32, 0, 0.463387, 

269.837, 33, 0, 0.463387, 

269.837, 34, 0, 0.463387, 

269.837, 35, 0, 0.463387, 

269.837, 36, 0, 0.463387, 

269.837, 37, 0, 0.463387, 

269.837, 38, 0, 0.463387, 

269.837, 39, 0, 0.463387, 

269.837, 40, 0, 0.463387, 

269.837, 41, 0, 0.463387, 

269.837, 42, 0, 0.463387, 

269.837, 43, 0, 0.463387, 

269.837, 44, 0, 0.463387, 

269.837, 45, 0, 0.463387, 

269.837, 46, 0, 0.463387, 

269.837, 47, 0, 0.463387, 

269.837, 48, 0, 0.463387, 

269.837, 49, 0, 0.463387, 

269.837, 50, 0, 0.463387, 

269.837, 51, 0, 0.463387, 

269.837, 52, 0, 0.463387, 

269.837, 53, 0, 0.463387, 

269.837, 54, 0, 0.463387, 

269.837, 55, 0, 0.463387, 

269.837, 56, 0, 0.463387, 

269.837, 57, 0, 0.463387, 

269.837, 58, 0, 0.463387, 

269.837, 59, 0, 0.463387, 

269.837, 60, 0, 0.463387, 

269.837, 61, 0, 0.463387, 

269.837, 62, 0, 0.463387, 

269.837, 63, 0, 0.463387, 

269.837, 64, 0, 0.463387, 

269.837, 65, 0, 0.463387, 

269.837, 66, 0, 0.463387, 

269.837, 67, 0, 0.463387, 

269.837, 68, 0, 0.463387, 

269.837, 69, 0, 0.463387, 

269.837, 70, 0, 0.463387, 

269.837, 71, 0, 0.463387, 

269.837, 72, 0, 0.463387, 

269.837, 73, 0, 0.463387, 

269.837, 74, 0, 0.463387, 

269.837, 75, 0, 0.463387, 

269.837, 76, 0, 0.463387, 

269.837, 77, 0, 0.463387, 

269.837, 78, 0, 0.463387, 

269.837, 79, 0, 0.463387, 

269.837, 80, 0, 0.463387, 

269.837, 81, 0, 0.463387, 

269.837, 82, 0, 0.463387, 

269.837, 83, 0, 0.463387, 

269.837, 84, 0, 0.463387, 

269.837, 85, 0, 0.463387, 

269.837, 86, 0, 0.463387, 

269.837, 87, 0, 0.463387, 

269.837, 88, 0, 0.463387, 

269.837, 89, 0, 0.463387, 

269.837, 90, 0, 0.463387, 

269.837, 91, 0, 0.463387, 

269.837, 92, 0, 0.463387, 

269.837, 93, 0, 0.463387, 

269.837, 94, 0, 0.463387, 

269.837, 95, 0, 0.463387, 

269.837, 96, 0, 0.463387, 

269.837, 97, 0, 0.463387, 

269.837, 98, 0, 0.463387, 

269.837, 99, 0, 0.463387, 

269.837, 100, 0, 0.463387, 

269.837, 101, 0, 0.463387, 

269.837, 102, 0, 0.463387, 

269.837, 103, 0, 0.463387, 

269.837, 104, 0, 0.463387, 

269.837, 105, 0, 0.463387, 

269.837, 106, 0, 0.463387, 

269.837, 107, 0, 0.463387, 

269.837, 108, 0, 0.463387, 

269.837, 109, 0, 0.463387, 

269.837, 110, 0, 0.463387, 

269.837, 111, 0, 0.463387, 

269.837, 112, 0, 0.463387, 

269.837, 113, 0, 0.463387, 

269.837, 114, 0, 0.463387, 

269.837, 115, 0, 0.463387, 

269.837, 116, 0, 0.463387, 

269.837, 117, 0, 0.463387, 

269.837, 118, 0, 0.463387, 

269.837, 119, 0, 0.463387, 

271.995, 0, 0, 0.463387, 

271.995, 1, 0, 0.463387, 

271.995, 2, 0, 0.463387, 

271.995, 3, 0, 0.463387, 

271.995, 4, 0, 0.463387, 

271.995, 5, 0, 0.463387, 

271.995, 6, 0, 0.463387, 

271.995, 7, 0, 0.463387, 

271.995, 8, 0, 0.463387, 

271.995, 9, 0, 0.463387, 

271.995, 10, 0, 0.463387, 

271.995, 11, 0, 0.463387, 

271.995, 12, 0, 0.463387, 

271.995, 13, 0, 0.463387, 

271.995, 14, 0, 0.463387, 

271.995, 15, 0, 0.463387, 

271.995, 16, 0, 0.463387, 

271.995, 17, 0, 0.463387, 

271.995, 18, 0, 0.463387, 

271.995, 19, 0, 0.463387, 

271.995, 20, 0, 0.463387, 

271.995, 21, 0, 0.463387, 

271.995, 22, 0, 0.463387, 

271.995, 23, 0, 0.463387, 

271.995, 24, 0, 0.463387, 

271.995, 25, 0, 0.463387, 

271.995, 26, 0, 0.463387, 

271.995, 27, 0, 0.463387, 

271.995, 28, 0, 0.463387, 

271.995, 29, 0, 0.463387, 

271.995, 30, 0, 0.463387, 

271.995, 31, 0, 0.463387, 

271.995, 32, 0, 0.463387, 

271.995, 33, 0, 0.463387, 

271.995, 34, 0, 0.463387, 

271.995, 35, 0, 0.463387, 

271.995, 36, 0, 0.463387, 

271.995, 37, 0, 0.463387, 

271.995, 38, 0, 0.463387, 

271.995, 39, 0, 0.463387, 

271.995, 40, 0, 0.463387, 

271.995, 41, 0, 0.463387, 

271.995, 42, 0, 0.463387, 

271.995, 43, 0, 0.463387, 

271.995, 44, 0, 0.463387, 

271.995, 45, 0, 0.463387, 

271.995, 46, 0, 0.463387, 

271.995, 47, 0, 0.463387, 

271.995, 48, 0, 0.463387, 

271.995, 49, 0, 0.463387, 

271.995, 50, 0, 0.463387, 

271.995, 51, 0, 0.463387, 

271.995, 52, 0, 0.463387, 

271.995, 53, 0, 0.463387, 

271.995, 54, 0, 0.463387, 

271.995, 55, 0, 0.463387, 

271.995, 56, 0, 0.463387, 

271.995, 57, 0, 0.463387, 

271.995, 58, 0, 0.463387, 

271.995, 59, 0, 0.463387, 

271.995, 60, 0, 0.463387, 

271.995, 61, 0, 0.463387, 

271.995, 62, 0, 0.463387, 

271.995, 63, 0, 0.463387, 

271.995, 64, 0, 0.463387, 

271.995, 65, 0, 0.463387, 

271.995, 66, 0, 0.463387, 

271.995, 67, 0, 0.463387, 

271.995, 68, 0, 0.463387, 

271.995, 69, 0, 0.463387, 

271.995, 70, 0, 0.463387, 

271.995, 71, 0, 0.463387, 

271.995, 72, 0, 0.463387, 

271.995, 73, 0, 0.463387, 

271.995, 74, 0, 0.463387, 

271.995, 75, 0, 0.463387, 

271.995, 76, 0, 0.463387, 

271.995, 77, 0, 0.463387, 

271.995, 78, 0, 0.463387, 

271.995, 79, 0, 0.463387, 

271.995, 80, 0, 0.463387, 

271.995, 81, 0, 0.463387, 

271.995, 82, 0, 0.463387, 

271.995, 83, 0, 0.463387, 

271.995, 84, 0, 0.463387, 

271.995, 85, 0, 0.463387, 

271.995, 86, 0, 0.463387, 

271.995, 87, 0, 0.463387, 

271.995, 88, 0, 0.463387, 

271.995, 89, 0, 0.463387, 

271.995, 90, 0, 0.463387, 

271.995, 91, 0, 0.463387, 

271.995, 92, 0, 0.463387, 

271.995, 93, 0, 0.463387, 

271.995, 94, 0, 0.463387, 

271.995, 95, 0, 0.463387, 

271.995, 96, 0, 0.463387, 

271.995, 97, 0, 0.463387, 

271.995, 98, 0, 0.463387, 

271.995, 99, 0, 0.463387, 

271.995, 100, 0, 0.463387, 

271.995, 101, 0, 0.463387, 

271.995, 102, 0, 0.463387, 

271.995, 103, 0, 0.463387, 

271.995, 104, 0, 0.463387, 

271.995, 105, 0, 0.463387, 

271.995, 106, 0, 0.463387, 

271.995, 107, 0, 0.463387, 

271.995, 108, 0, 0.463387, 

271.995, 109, 0, 0.463387, 

271.995, 110, 0, 0.463387, 

271.995, 111, 0, 0.463387, 

271.995, 112, 0, 0.463387, 

271.995, 113, 0, 0.463387, 

271.995, 114, 0, 0.463387, 

271.995, 115, 0, 0.463387, 

271.995, 116, 0, 0.463387, 

271.995, 117, 0, 0.463387, 

271.995, 118, 0, 0.463387, 

271.995, 119, 0, 0.463387, 

274.153, 0, 0, 0.463387, 

274.153, 1, 0, 0.463387, 

274.153, 2, 0, 0.463387, 

274.153, 3, 0, 0.463387, 

274.153, 4, 0, 0.463387, 

274.153, 5, 0, 0.463387, 

274.153, 6, 0, 0.463387, 

274.153, 7, 0, 0.463387, 

274.153, 8, 0, 0.463387, 

274.153, 9, 0, 0.463387, 

274.153, 10, 0, 0.463387, 

274.153, 11, 0, 0.463387, 

274.153, 12, 0, 0.463387, 

274.153, 13, 0, 0.463387, 

274.153, 14, 0, 0.463387, 

274.153, 15, 0, 0.463387, 

274.153, 16, 0, 0.463387, 

274.153, 17, 0, 0.463387, 

274.153, 18, 0, 0.463387, 

274.153, 19, 0, 0.463387, 

274.153, 20, 0, 0.463387, 

274.153, 21, 0, 0.463387, 

274.153, 22, 0, 0.463387, 

274.153, 23, 0, 0.463387, 

274.153, 24, 0, 0.463387, 

274.153, 25, 0, 0.463387, 

274.153, 26, 0, 0.463387, 

274.153, 27, 0, 0.463387, 

274.153, 28, 0, 0.463387, 

274.153, 29, 0, 0.463387, 

274.153, 30, 0, 0.463387, 

274.153, 31, 0, 0.463387, 

274.153, 32, 0, 0.463387, 

274.153, 33, 0, 0.463387, 

274.153, 34, 0, 0.463387, 

274.153, 35, 0, 0.463387, 

274.153, 36, 0, 0.463387, 

274.153, 37, 0, 0.463387, 

274.153, 38, 0, 0.463387, 

274.153, 39, 0, 0.463387, 

274.153, 40, 0, 0.463387, 

274.153, 41, 0, 0.463387, 

274.153, 42, 0, 0.463387, 

274.153, 43, 0, 0.463387, 

274.153, 44, 0, 0.463387, 

274.153, 45, 0, 0.463387, 

274.153, 46, 0, 0.463387, 

274.153, 47, 0, 0.463387, 

274.153, 48, 0, 0.463387, 

274.153, 49, 0, 0.463387, 

274.153, 50, 0, 0.463387, 

274.153, 51, 0, 0.463387, 

274.153, 52, 0, 0.463387, 

274.153, 53, 0, 0.463387, 

274.153, 54, 0, 0.463387, 

274.153, 55, 0, 0.463387, 

274.153, 56, 0, 0.463387, 

274.153, 57, 0, 0.463387, 

274.153, 58, 0, 0.463387, 

274.153, 59, 0, 0.463387, 

274.153, 60, 0, 0.463387, 

274.153, 61, 0, 0.463387, 

274.153, 62, 0, 0.463387, 

274.153, 63, 0, 0.463387, 

274.153, 64, 0, 0.463387, 

274.153, 65, 0, 0.463387, 

274.153, 66, 0, 0.463387, 

274.153, 67, 0, 0.463387, 

274.153, 68, 0, 0.463387, 

274.153, 69, 0, 0.463387, 

274.153, 70, 0, 0.463387, 

274.153, 71, 0, 0.463387, 

274.153, 72, 0, 0.463387, 

274.153, 73, 0, 0.463387, 

274.153, 74, 0, 0.463387, 

274.153, 75, 0, 0.463387, 

274.153, 76, 0, 0.463387, 

274.153, 77, 0, 0.463387, 

274.153, 78, 0, 0.463387, 

274.153, 79, 0, 0.463387, 

274.153, 80, 0, 0.463387, 

274.153, 81, 0, 0.463387, 

274.153, 82, 0, 0.463387, 

274.153, 83, 0, 0.463387, 

274.153, 84, 0, 0.463387, 

274.153, 85, 0, 0.463387, 

274.153, 86, 0, 0.463387, 

274.153, 87, 0, 0.463387, 

274.153, 88, 0, 0.463387, 

274.153, 89, 0, 0.463387, 

274.153, 90, 0, 0.463387, 

274.153, 91, 0, 0.463387, 

274.153, 92, 0, 0.463387, 

274.153, 93, 0, 0.463387, 

274.153, 94, 0, 0.463387, 

274.153, 95, 0, 0.463387, 

274.153, 96, 0, 0.463387, 

274.153, 97, 0, 0.463387, 

274.153, 98, 0, 0.463387, 

274.153, 99, 0, 0.463387, 

274.153, 100, 0, 0.463387, 

274.153, 101, 0, 0.463387, 

274.153, 102, 0, 0.463387, 

274.153, 103, 0, 0.463387, 

274.153, 104, 0, 0.463387, 

274.153, 105, 0, 0.463387, 

274.153, 106, 0, 0.463387, 

274.153, 107, 0, 0.463387, 

274.153, 108, 0, 0.463387, 

274.153, 109, 0, 0.463387, 

274.153, 110, 0, 0.463387, 

274.153, 111, 0, 0.463387, 

274.153, 112, 0, 0.463387, 

274.153, 113, 0, 0.463387, 

274.153, 114, 0, 0.463387, 

274.153, 115, 0, 0.463387, 

274.153, 116, 0, 0.463387, 

274.153, 117, 0, 0.463387, 

274.153, 118, 0, 0.463387, 

274.153, 119, 0, 0.463387, 

276.311, 0, 0, 0.463387, 

276.311, 1, 0, 0.463387, 

276.311, 2, 0, 0.463387, 

276.311, 3, 0, 0.463387, 

276.311, 4, 0, 0.463387, 

276.311, 5, 0, 0.463387, 

276.311, 6, 0, 0.463387, 

276.311, 7, 0, 0.463387, 

276.311, 8, 0, 0.463387, 

276.311, 9, 0, 0.463387, 

276.311, 10, 0, 0.463387, 

276.311, 11, 0, 0.463387, 

276.311, 12, 0, 0.463387, 

276.311, 13, 0, 0.463387, 

276.311, 14, 0, 0.463387, 

276.311, 15, 0, 0.463387, 

276.311, 16, 0, 0.463387, 

276.311, 17, 0, 0.463387, 

276.311, 18, 0, 0.463387, 

276.311, 19, 0, 0.463387, 

276.311, 20, 0, 0.463387, 

276.311, 21, 0, 0.463387, 

276.311, 22, 0, 0.463387, 

276.311, 23, 0, 0.463387, 

276.311, 24, 0, 0.463387, 

276.311, 25, 0, 0.463387, 

276.311, 26, 0, 0.463387, 

276.311, 27, 0, 0.463387, 

276.311, 28, 0, 0.463387, 

276.311, 29, 0, 0.463387, 

276.311, 30, 0, 0.463387, 

276.311, 31, 0, 0.463387, 

276.311, 32, 0, 0.463387, 

276.311, 33, 0, 0.463387, 

276.311, 34, 0, 0.463387, 

276.311, 35, 0, 0.463387, 

276.311, 36, 0, 0.463387, 

276.311, 37, 0, 0.463387, 

276.311, 38, 0, 0.463387, 

276.311, 39, 0, 0.463387, 

276.311, 40, 0, 0.463387, 

276.311, 41, 0, 0.463387, 

276.311, 42, 0, 0.463387, 

276.311, 43, 0, 0.463387, 

276.311, 44, 0, 0.463387, 

276.311, 45, 0, 0.463387, 

276.311, 46, 0, 0.463387, 

276.311, 47, 0, 0.463387, 

276.311, 48, 0, 0.463387, 

276.311, 49, 0, 0.463387, 

276.311, 50, 0, 0.463387, 

276.311, 51, 0, 0.463387, 

276.311, 52, 0, 0.463387, 

276.311, 53, 0, 0.463387, 

276.311, 54, 0, 0.463387, 

276.311, 55, 0, 0.463387, 

276.311, 56, 0, 0.463387, 

276.311, 57, 0, 0.463387, 

276.311, 58, 0, 0.463387, 

276.311, 59, 0, 0.463387, 

276.311, 60, 0, 0.463387, 

276.311, 61, 0, 0.463387, 

276.311, 62, 0, 0.463387, 

276.311, 63, 0, 0.463387, 

276.311, 64, 0, 0.463387, 

276.311, 65, 0, 0.463387, 

276.311, 66, 0, 0.463387, 

276.311, 67, 0, 0.463387, 

276.311, 68, 0, 0.463387, 

276.311, 69, 0, 0.463387, 

276.311, 70, 0, 0.463387, 

276.311, 71, 0, 0.463387, 

276.311, 72, 0, 0.463387, 

276.311, 73, 0, 0.463387, 

276.311, 74, 0, 0.463387, 

276.311, 75, 0, 0.463387, 

276.311, 76, 0, 0.463387, 

276.311, 77, 0, 0.463387, 

276.311, 78, 0, 0.463387, 

276.311, 79, 0, 0.463387, 

276.311, 80, 0, 0.463387, 

276.311, 81, 0, 0.463387, 

276.311, 82, 0, 0.463387, 

276.311, 83, 0, 0.463387, 

276.311, 84, 0, 0.463387, 

276.311, 85, 0, 0.463387, 

276.311, 86, 0, 0.463387, 

276.311, 87, 0, 0.463387, 

276.311, 88, 0, 0.463387, 

276.311, 89, 0, 0.463387, 

276.311, 90, 0, 0.463387, 

276.311, 91, 0, 0.463387, 

276.311, 92, 0, 0.463387, 

276.311, 93, 0, 0.463387, 

276.311, 94, 0, 0.463387, 

276.311, 95, 0, 0.463387, 

276.311, 96, 0, 0.463387, 

276.311, 97, 0, 0.463387, 

276.311, 98, 0, 0.463387, 

276.311, 99, 0, 0.463387, 

276.311, 100, 0, 0.463387, 

276.311, 101, 0, 0.463387, 

276.311, 102, 0, 0.463387, 

276.311, 103, 0, 0.463387, 

276.311, 104, 0, 0.463387, 

276.311, 105, 0, 0.463387, 

276.311, 106, 0, 0.463387, 

276.311, 107, 0, 0.463387, 

276.311, 108, 0, 0.463387, 

276.311, 109, 0, 0.463387, 

276.311, 110, 0, 0.463387, 

276.311, 111, 0, 0.463387, 

276.311, 112, 0, 0.463387, 

276.311, 113, 0, 0.463387, 

276.311, 114, 0, 0.463387, 

276.311, 115, 0, 0.463387, 

276.311, 116, 0, 0.463387, 

276.311, 117, 0, 0.463387, 

276.311, 118, 0, 0.463387, 

276.311, 119, 0, 0.463387, 

278.469, 0, 0, 0.463387, 

278.469, 1, 0, 0.463387, 

278.469, 2, 0, 0.463387, 

278.469, 3, 0, 0.463387, 

278.469, 4, 0, 0.463387, 

278.469, 5, 0, 0.463387, 

278.469, 6, 0, 0.463387, 

278.469, 7, 0, 0.463387, 

278.469, 8, 0, 0.463387, 

278.469, 9, 0, 0.463387, 

278.469, 10, 0, 0.463387, 

278.469, 11, 0, 0.463387, 

278.469, 12, 0, 0.463387, 

278.469, 13, 0, 0.463387, 

278.469, 14, 0, 0.463387, 

278.469, 15, 0, 0.463387, 

278.469, 16, 0, 0.463387, 

278.469, 17, 0, 0.463387, 

278.469, 18, 0, 0.463387, 

278.469, 19, 0, 0.463387, 

278.469, 20, 0, 0.463387, 

278.469, 21, 0, 0.463387, 

278.469, 22, 0, 0.463387, 

278.469, 23, 0, 0.463387, 

278.469, 24, 0, 0.463387, 

278.469, 25, 0, 0.463387, 

278.469, 26, 0, 0.463387, 

278.469, 27, 0, 0.463387, 

278.469, 28, 0, 0.463387, 

278.469, 29, 0, 0.463387, 

278.469, 30, 0, 0.463387, 

278.469, 31, 0, 0.463387, 

278.469, 32, 0, 0.463387, 

278.469, 33, 0, 0.463387, 

278.469, 34, 0, 0.463387, 

278.469, 35, 0, 0.463387, 

278.469, 36, 0, 0.463387, 

278.469, 37, 0, 0.463387, 

278.469, 38, 0, 0.463387, 

278.469, 39, 0, 0.463387, 

278.469, 40, 0, 0.463387, 

278.469, 41, 0, 0.463387, 

278.469, 42, 0, 0.463387, 

278.469, 43, 0, 0.463387, 

278.469, 44, 0, 0.463387, 

278.469, 45, 0, 0.463387, 

278.469, 46, 0, 0.463387, 

278.469, 47, 0, 0.463387, 

278.469, 48, 0, 0.463387, 

278.469, 49, 0, 0.463387, 

278.469, 50, 0, 0.463387, 

278.469, 51, 0, 0.463387, 

278.469, 52, 0, 0.463387, 

278.469, 53, 0, 0.463387, 

278.469, 54, 0, 0.463387, 

278.469, 55, 0, 0.463387, 

278.469, 56, 0, 0.463387, 

278.469, 57, 0, 0.463387, 

278.469, 58, 0, 0.463387, 

278.469, 59, 0, 0.463387, 

278.469, 60, 0, 0.463387, 

278.469, 61, 0, 0.463387, 

278.469, 62, 0, 0.463387, 

278.469, 63, 0, 0.463387, 

278.469, 64, 0, 0.463387, 

278.469, 65, 0, 0.463387, 

278.469, 66, 0, 0.463387, 

278.469, 67, 0, 0.463387, 

278.469, 68, 0, 0.463387, 

278.469, 69, 0, 0.463387, 

278.469, 70, 0, 0.463387, 

278.469, 71, 0, 0.463387, 

278.469, 72, 0, 0.463387, 

278.469, 73, 0, 0.463387, 

278.469, 74, 0, 0.463387, 

278.469, 75, 0, 0.463387, 

278.469, 76, 0, 0.463387, 

278.469, 77, 0, 0.463387, 

278.469, 78, 0, 0.463387, 

278.469, 79, 0, 0.463387, 

278.469, 80, 0, 0.463387, 

278.469, 81, 0, 0.463387, 

278.469, 82, 0, 0.463387, 

278.469, 83, 0, 0.463387, 

278.469, 84, 0, 0.463387, 

278.469, 85, 0, 0.463387, 

278.469, 86, 0, 0.463387, 

278.469, 87, 0, 0.463387, 

278.469, 88, 0, 0.463387, 

278.469, 89, 0, 0.463387, 

278.469, 90, 0, 0.463387, 

278.469, 91, 0, 0.463387, 

278.469, 92, 0, 0.463387, 

278.469, 93, 0, 0.463387, 

278.469, 94, 0, 0.463387, 

278.469, 95, 0, 0.463387, 

278.469, 96, 0, 0.463387, 

278.469, 97, 0, 0.463387, 

278.469, 98, 0, 0.463387, 

278.469, 99, 0, 0.463387, 

278.469, 100, 0, 0.463387, 

278.469, 101, 0, 0.463387, 

278.469, 102, 0, 0.463387, 

278.469, 103, 0, 0.463387, 

278.469, 104, 0, 0.463387, 

278.469, 105, 0, 0.463387, 

278.469, 106, 0, 0.463387, 

278.469, 107, 0, 0.463387, 

278.469, 108, 0, 0.463387, 

278.469, 109, 0, 0.463387, 

278.469, 110, 0, 0.463387, 

278.469, 111, 0, 0.463387, 

278.469, 112, 0, 0.463387, 

278.469, 113, 0, 0.463387, 

278.469, 114, 0, 0.463387, 

278.469, 115, 0, 0.463387, 

278.469, 116, 0, 0.463387, 

278.469, 117, 0, 0.463387, 

278.469, 118, 0, 0.463387, 

278.469, 119, 0, 0.463387, 

280.626, 0, 0, 0.463387, 

280.626, 1, 0, 0.463387, 

280.626, 2, 0, 0.463387, 

280.626, 3, 0, 0.463387, 

280.626, 4, 0, 0.463387, 

280.626, 5, 0, 0.463387, 

280.626, 6, 0, 0.463387, 

280.626, 7, 0, 0.463387, 

280.626, 8, 0, 0.463387, 

280.626, 9, 0, 0.463387, 

280.626, 10, 0, 0.463387, 

280.626, 11, 0, 0.463387, 

280.626, 12, 0, 0.463387, 

280.626, 13, 0, 0.463387, 

280.626, 14, 0, 0.463387, 

280.626, 15, 0, 0.463387, 

280.626, 16, 0, 0.463387, 

280.626, 17, 0, 0.463387, 

280.626, 18, 0, 0.463387, 

280.626, 19, 0, 0.463387, 

280.626, 20, 0, 0.463387, 

280.626, 21, 0, 0.463387, 

280.626, 22, 0, 0.463387, 

280.626, 23, 0, 0.463387, 

280.626, 24, 0, 0.463387, 

280.626, 25, 0, 0.463387, 

280.626, 26, 0, 0.463387, 

280.626, 27, 0, 0.463387, 

280.626, 28, 0, 0.463387, 

280.626, 29, 0, 0.463387, 

280.626, 30, 0, 0.463387, 

280.626, 31, 0, 0.463387, 

280.626, 32, 0, 0.463387, 

280.626, 33, 0, 0.463387, 

280.626, 34, 0, 0.463387, 

280.626, 35, 0, 0.463387, 

280.626, 36, 0, 0.463387, 

280.626, 37, 0, 0.463387, 

280.626, 38, 0, 0.463387, 

280.626, 39, 0, 0.463387, 

280.626, 40, 0, 0.463387, 

280.626, 41, 0, 0.463387, 

280.626, 42, 0, 0.463387, 

280.626, 43, 0, 0.463387, 

280.626, 44, 0, 0.463387, 

280.626, 45, 0, 0.463387, 

280.626, 46, 0, 0.463387, 

280.626, 47, 0, 0.463387, 

280.626, 48, 0, 0.463387, 

280.626, 49, 0, 0.463387, 

280.626, 50, 0, 0.463387, 

280.626, 51, 0, 0.463387, 

280.626, 52, 0, 0.463387, 

280.626, 53, 0, 0.463387, 

280.626, 54, 0, 0.463387, 

280.626, 55, 0, 0.463387, 

280.626, 56, 0, 0.463387, 

280.626, 57, 0, 0.463387, 

280.626, 58, 0, 0.463387, 

280.626, 59, 0, 0.463387, 

280.626, 60, 0, 0.463387, 

280.626, 61, 0, 0.463387, 

280.626, 62, 0, 0.463387, 

280.626, 63, 0, 0.463387, 

280.626, 64, 0, 0.463387, 

280.626, 65, 0, 0.463387, 

280.626, 66, 0, 0.463387, 

280.626, 67, 0, 0.463387, 

280.626, 68, 0, 0.463387, 

280.626, 69, 0, 0.463387, 

280.626, 70, 0, 0.463387, 

280.626, 71, 0, 0.463387, 

280.626, 72, 0, 0.463387, 

280.626, 73, 0, 0.463387, 

280.626, 74, 0, 0.463387, 

280.626, 75, 0, 0.463387, 

280.626, 76, 0, 0.463387, 

280.626, 77, 0, 0.463387, 

280.626, 78, 0, 0.463387, 

280.626, 79, 0, 0.463387, 

280.626, 80, 0, 0.463387, 

280.626, 81, 0, 0.463387, 

280.626, 82, 0, 0.463387, 

280.626, 83, 0, 0.463387, 

280.626, 84, 0, 0.463387, 

280.626, 85, 0, 0.463387, 

280.626, 86, 0, 0.463387, 

280.626, 87, 0, 0.463387, 

280.626, 88, 0, 0.463387, 

280.626, 89, 0, 0.463387, 

280.626, 90, 0, 0.463387, 

280.626, 91, 0, 0.463387, 

280.626, 92, 0, 0.463387, 

280.626, 93, 0, 0.463387, 

280.626, 94, 0, 0.463387, 

280.626, 95, 0, 0.463387, 

280.626, 96, 0, 0.463387, 

280.626, 97, 0, 0.463387, 

280.626, 98, 0, 0.463387, 

280.626, 99, 0, 0.463387, 

280.626, 100, 0, 0.463387, 

280.626, 101, 0, 0.463387, 

280.626, 102, 0, 0.463387, 

280.626, 103, 0, 0.463387, 

280.626, 104, 0, 0.463387, 

280.626, 105, 0, 0.463387, 

280.626, 106, 0, 0.463387, 

280.626, 107, 0, 0.463387, 

280.626, 108, 0, 0.463387, 

280.626, 109, 0, 0.463387, 

280.626, 110, 0, 0.463387, 

280.626, 111, 0, 0.463387, 

280.626, 112, 0, 0.463387, 

280.626, 113, 0, 0.463387, 

280.626, 114, 0, 0.463387, 

280.626, 115, 0, 0.463387, 

280.626, 116, 0, 0.463387, 

280.626, 117, 0, 0.463387, 

280.626, 118, 0, 0.463387, 

280.626, 119, 0, 0.463387, 

282.784, 0, 0, 0.463387, 

282.784, 1, 0, 0.463387, 

282.784, 2, 0, 0.463387, 

282.784, 3, 0, 0.463387, 

282.784, 4, 0, 0.463387, 

282.784, 5, 0, 0.463387, 

282.784, 6, 0, 0.463387, 

282.784, 7, 0, 0.463387, 

282.784, 8, 0, 0.463387, 

282.784, 9, 0, 0.463387, 

282.784, 10, 0, 0.463387, 

282.784, 11, 0, 0.463387, 

282.784, 12, 0, 0.463387, 

282.784, 13, 0, 0.463387, 

282.784, 14, 0, 0.463387, 

282.784, 15, 0, 0.463387, 

282.784, 16, 0, 0.463387, 

282.784, 17, 0, 0.463387, 

282.784, 18, 0, 0.463387, 

282.784, 19, 0, 0.463387, 

282.784, 20, 0, 0.463387, 

282.784, 21, 0, 0.463387, 

282.784, 22, 0, 0.463387, 

282.784, 23, 0, 0.463387, 

282.784, 24, 0, 0.463387, 

282.784, 25, 0, 0.463387, 

282.784, 26, 0, 0.463387, 

282.784, 27, 0, 0.463387, 

282.784, 28, 0, 0.463387, 

282.784, 29, 0, 0.463387, 

282.784, 30, 0, 0.463387, 

282.784, 31, 0, 0.463387, 

282.784, 32, 0, 0.463387, 

282.784, 33, 0, 0.463387, 

282.784, 34, 0, 0.463387, 

282.784, 35, 0, 0.463387, 

282.784, 36, 0, 0.463387, 

282.784, 37, 0, 0.463387, 

282.784, 38, 0, 0.463387, 

282.784, 39, 0, 0.463387, 

282.784, 40, 0, 0.463387, 

282.784, 41, 0, 0.463387, 

282.784, 42, 0, 0.463387, 

282.784, 43, 0, 0.463387, 

282.784, 44, 0, 0.463387, 

282.784, 45, 0, 0.463387, 

282.784, 46, 0, 0.463387, 

282.784, 47, 0, 0.463387, 

282.784, 48, 0, 0.463387, 

282.784, 49, 0, 0.463387, 

282.784, 50, 0, 0.463387, 

282.784, 51, 0, 0.463387, 

282.784, 52, 0, 0.463387, 

282.784, 53, 0, 0.463387, 

282.784, 54, 0, 0.463387, 

282.784, 55, 0, 0.463387, 

282.784, 56, 0, 0.463387, 

282.784, 57, 0, 0.463387, 

282.784, 58, 0, 0.463387, 

282.784, 59, 0, 0.463387, 

282.784, 60, 0, 0.463387, 

282.784, 61, 0, 0.463387, 

282.784, 62, 0, 0.463387, 

282.784, 63, 0, 0.463387, 

282.784, 64, 0, 0.463387, 

282.784, 65, 0, 0.463387, 

282.784, 66, 0, 0.463387, 

282.784, 67, 0, 0.463387, 

282.784, 68, 0, 0.463387, 

282.784, 69, 0, 0.463387, 

282.784, 70, 0, 0.463387, 

282.784, 71, 0, 0.463387, 

282.784, 72, 0, 0.463387, 

282.784, 73, 0, 0.463387, 

282.784, 74, 0, 0.463387, 

282.784, 75, 0, 0.463387, 

282.784, 76, 0, 0.463387, 

282.784, 77, 0, 0.463387, 

282.784, 78, 0, 0.463387, 

282.784, 79, 0, 0.463387, 

282.784, 80, 0, 0.463387, 

282.784, 81, 0, 0.463387, 

282.784, 82, 0, 0.463387, 

282.784, 83, 0, 0.463387, 

282.784, 84, 0, 0.463387, 

282.784, 85, 0, 0.463387, 

282.784, 86, 0, 0.463387, 

282.784, 87, 0, 0.463387, 

282.784, 88, 0, 0.463387, 

282.784, 89, 0, 0.463387, 

282.784, 90, 0, 0.463387, 

282.784, 91, 0, 0.463387, 

282.784, 92, 0, 0.463387, 

282.784, 93, 0, 0.463387, 

282.784, 94, 0, 0.463387, 

282.784, 95, 0, 0.463387, 

282.784, 96, 0, 0.463387, 

282.784, 97, 0, 0.463387, 

282.784, 98, 0, 0.463387, 

282.784, 99, 0, 0.463387, 

282.784, 100, 0, 0.463387, 

282.784, 101, 0, 0.463387, 

282.784, 102, 0, 0.463387, 

282.784, 103, 0, 0.463387, 

282.784, 104, 0, 0.463387, 

282.784, 105, 0, 0.463387, 

282.784, 106, 0, 0.463387, 

282.784, 107, 0, 0.463387, 

282.784, 108, 0, 0.463387, 

282.784, 109, 0, 0.463387, 

282.784, 110, 0, 0.463387, 

282.784, 111, 0, 0.463387, 

282.784, 112, 0, 0.463387, 

282.784, 113, 0, 0.463387, 

282.784, 114, 0, 0.463387, 

282.784, 115, 0, 0.463387, 

282.784, 116, 0, 0.463387, 

282.784, 117, 0, 0.463387, 

282.784, 118, 0, 0.463387, 

282.784, 119, 0, 0.463387, 

284.942, 0, 0, 0.463387, 

284.942, 1, 0, 0.463387, 

284.942, 2, 0, 0.463387, 

284.942, 3, 0, 0.463387, 

284.942, 4, 0, 0.463387, 

284.942, 5, 0, 0.463387, 

284.942, 6, 0, 0.463387, 

284.942, 7, 0, 0.463387, 

284.942, 8, 0, 0.463387, 

284.942, 9, 0, 0.463387, 

284.942, 10, 0, 0.463387, 

284.942, 11, 0, 0.463387, 

284.942, 12, 0, 0.463387, 

284.942, 13, 0, 0.463387, 

284.942, 14, 0, 0.463387, 

284.942, 15, 0, 0.463387, 

284.942, 16, 0, 0.463387, 

284.942, 17, 0, 0.463387, 

284.942, 18, 0, 0.463387, 

284.942, 19, 0, 0.463387, 

284.942, 20, 0, 0.463387, 

284.942, 21, 0, 0.463387, 

284.942, 22, 0, 0.463387, 

284.942, 23, 0, 0.463387, 

284.942, 24, 0, 0.463387, 

284.942, 25, 0, 0.463387, 

284.942, 26, 0, 0.463387, 

284.942, 27, 0, 0.463387, 

284.942, 28, 0, 0.463387, 

284.942, 29, 0, 0.463387, 

284.942, 30, 0, 0.463387, 

284.942, 31, 0, 0.463387, 

284.942, 32, 0, 0.463387, 

284.942, 33, 0, 0.463387, 

284.942, 34, 0, 0.463387, 

284.942, 35, 0, 0.463387, 

284.942, 36, 0, 0.463387, 

284.942, 37, 0, 0.463387, 

284.942, 38, 0, 0.463387, 

284.942, 39, 0, 0.463387, 

284.942, 40, 0, 0.463387, 

284.942, 41, 0, 0.463387, 

284.942, 42, 0, 0.463387, 

284.942, 43, 0, 0.463387, 

284.942, 44, 0, 0.463387, 

284.942, 45, 0, 0.463387, 

284.942, 46, 0, 0.463387, 

284.942, 47, 0, 0.463387, 

284.942, 48, 0, 0.463387, 

284.942, 49, 0, 0.463387, 

284.942, 50, 0, 0.463387, 

284.942, 51, 0, 0.463387, 

284.942, 52, 0, 0.463387, 

284.942, 53, 0, 0.463387, 

284.942, 54, 0, 0.463387, 

284.942, 55, 0, 0.463387, 

284.942, 56, 0, 0.463387, 

284.942, 57, 0, 0.463387, 

284.942, 58, 0, 0.463387, 

284.942, 59, 0, 0.463387, 

284.942, 60, 0, 0.463387, 

284.942, 61, 0, 0.463387, 

284.942, 62, 0, 0.463387, 

284.942, 63, 0, 0.463387, 

284.942, 64, 0, 0.463387, 

284.942, 65, 0, 0.463387, 

284.942, 66, 0, 0.463387, 

284.942, 67, 0, 0.463387, 

284.942, 68, 0, 0.463387, 

284.942, 69, 0, 0.463387, 

284.942, 70, 0, 0.463387, 

284.942, 71, 0, 0.463387, 

284.942, 72, 0, 0.463387, 

284.942, 73, 0, 0.463387, 

284.942, 74, 0, 0.463387, 

284.942, 75, 0, 0.463387, 

284.942, 76, 0, 0.463387, 

284.942, 77, 0, 0.463387, 

284.942, 78, 0, 0.463387, 

284.942, 79, 0, 0.463387, 

284.942, 80, 0, 0.463387, 

284.942, 81, 0, 0.463387, 

284.942, 82, 0, 0.463387, 

284.942, 83, 0, 0.463387, 

284.942, 84, 0, 0.463387, 

284.942, 85, 0, 0.463387, 

284.942, 86, 0, 0.463387, 

284.942, 87, 0, 0.463387, 

284.942, 88, 0, 0.463387, 

284.942, 89, 0, 0.463387, 

284.942, 90, 0, 0.463387, 

284.942, 91, 0, 0.463387, 

284.942, 92, 0, 0.463387, 

284.942, 93, 0, 0.463387, 

284.942, 94, 0, 0.463387, 

284.942, 95, 0, 0.463387, 

284.942, 96, 0, 0.463387, 

284.942, 97, 0, 0.463387, 

284.942, 98, 0, 0.463387, 

284.942, 99, 0, 0.463387, 

284.942, 100, 0, 0.463387, 

284.942, 101, 0, 0.463387, 

284.942, 102, 0, 0.463387, 

284.942, 103, 0, 0.463387, 

284.942, 104, 0, 0.463387, 

284.942, 105, 0, 0.463387, 

284.942, 106, 0, 0.463387, 

284.942, 107, 0, 0.463387, 

284.942, 108, 0, 0.463387, 

284.942, 109, 0, 0.463387, 

284.942, 110, 0, 0.463387, 

284.942, 111, 0, 0.463387, 

284.942, 112, 0, 0.463387, 

284.942, 113, 0, 0.463387, 

284.942, 114, 0, 0.463387, 

284.942, 115, 0, 0.463387, 

284.942, 116, 0, 0.463387, 

284.942, 117, 0, 0.463387, 

284.942, 118, 0, 0.463387, 

284.942, 119, 0, 0.463387, 

287.1, 0, 0, 0.463387, 

287.1, 1, 0, 0.463387, 

287.1, 2, 0, 0.463387, 

287.1, 3, 0, 0.463387, 

287.1, 4, 0, 0.463387, 

287.1, 5, 0, 0.463387, 

287.1, 6, 0, 0.463387, 

287.1, 7, 0, 0.463387, 

287.1, 8, 0, 0.463387, 

287.1, 9, 0, 0.463387, 

287.1, 10, 0, 0.463387, 

287.1, 11, 0, 0.463387, 

287.1, 12, 0, 0.463387, 

287.1, 13, 0, 0.463387, 

287.1, 14, 0, 0.463387, 

287.1, 15, 0, 0.463387, 

287.1, 16, 0, 0.463387, 

287.1, 17, 0, 0.463387, 

287.1, 18, 0, 0.463387, 

287.1, 19, 0, 0.463387, 

287.1, 20, 0, 0.463387, 

287.1, 21, 0, 0.463387, 

287.1, 22, 0, 0.463387, 

287.1, 23, 0, 0.463387, 

287.1, 24, 0, 0.463387, 

287.1, 25, 0, 0.463387, 

287.1, 26, 0, 0.463387, 

287.1, 27, 0, 0.463387, 

287.1, 28, 0, 0.463387, 

287.1, 29, 0, 0.463387, 

287.1, 30, 0, 0.463387, 

287.1, 31, 0, 0.463387, 

287.1, 32, 0, 0.463387, 

287.1, 33, 0, 0.463387, 

287.1, 34, 0, 0.463387, 

287.1, 35, 0, 0.463387, 

287.1, 36, 0, 0.463387, 

287.1, 37, 0, 0.463387, 

287.1, 38, 0, 0.463387, 

287.1, 39, 0, 0.463387, 

287.1, 40, 0, 0.463387, 

287.1, 41, 0, 0.463387, 

287.1, 42, 0, 0.463387, 

287.1, 43, 0, 0.463387, 

287.1, 44, 0, 0.463387, 

287.1, 45, 0, 0.463387, 

287.1, 46, 0, 0.463387, 

287.1, 47, 0, 0.463387, 

287.1, 48, 0, 0.463387, 

287.1, 49, 0, 0.463387, 

287.1, 50, 0, 0.463387, 

287.1, 51, 0, 0.463387, 

287.1, 52, 0, 0.463387, 

287.1, 53, 0, 0.463387, 

287.1, 54, 0, 0.463387, 

287.1, 55, 0, 0.463387, 

287.1, 56, 0, 0.463387, 

287.1, 57, 0, 0.463387, 

287.1, 58, 0, 0.463387, 

287.1, 59, 0, 0.463387, 

287.1, 60, 0, 0.463387, 

287.1, 61, 0, 0.463387, 

287.1, 62, 0, 0.463387, 

287.1, 63, 0, 0.463387, 

287.1, 64, 0, 0.463387, 

287.1, 65, 0, 0.463387, 

287.1, 66, 0, 0.463387, 

287.1, 67, 0, 0.463387, 

287.1, 68, 0, 0.463387, 

287.1, 69, 0, 0.463387, 

287.1, 70, 0, 0.463387, 

287.1, 71, 0, 0.463387, 

287.1, 72, 0, 0.463387, 

287.1, 73, 0, 0.463387, 

287.1, 74, 0, 0.463387, 

287.1, 75, 0, 0.463387, 

287.1, 76, 0, 0.463387, 

287.1, 77, 0, 0.463387, 

287.1, 78, 0, 0.463387, 

287.1, 79, 0, 0.463387, 

287.1, 80, 0, 0.463387, 

287.1, 81, 0, 0.463387, 

287.1, 82, 0, 0.463387, 

287.1, 83, 0, 0.463387, 

287.1, 84, 0, 0.463387, 

287.1, 85, 0, 0.463387, 

287.1, 86, 0, 0.463387, 

287.1, 87, 0, 0.463387, 

287.1, 88, 0, 0.463387, 

287.1, 89, 0, 0.463387, 

287.1, 90, 0, 0.463387, 

287.1, 91, 0, 0.463387, 

287.1, 92, 0, 0.463387, 

287.1, 93, 0, 0.463387, 

287.1, 94, 0, 0.463387, 

287.1, 95, 0, 0.463387, 

287.1, 96, 0, 0.463387, 

287.1, 97, 0, 0.463387, 

287.1, 98, 0, 0.463387, 

287.1, 99, 0, 0.463387, 

287.1, 100, 0, 0.463387, 

287.1, 101, 0, 0.463387, 

287.1, 102, 0, 0.463387, 

287.1, 103, 0, 0.463387, 

287.1, 104, 0, 0.463387, 

287.1, 105, 0, 0.463387, 

287.1, 106, 0, 0.463387, 

287.1, 107, 0, 0.463387, 

287.1, 108, 0, 0.463387, 

287.1, 109, 0, 0.463387, 

287.1, 110, 0, 0.463387, 

287.1, 111, 0, 0.463387, 

287.1, 112, 0, 0.463387, 

287.1, 113, 0, 0.463387, 

287.1, 114, 0, 0.463387, 

287.1, 115, 0, 0.463387, 

287.1, 116, 0, 0.463387, 

287.1, 117, 0, 0.463387, 

287.1, 118, 0, 0.463387, 

287.1, 119, 0, 0.463387, 

289.258, 0, 0, 0.463387, 

289.258, 1, 0, 0.463387, 

289.258, 2, 0, 0.463387, 

289.258, 3, 0, 0.463387, 

289.258, 4, 0, 0.463387, 

289.258, 5, 0, 0.463387, 

289.258, 6, 0, 0.463387, 

289.258, 7, 0, 0.463387, 

289.258, 8, 0, 0.463387, 

289.258, 9, 0, 0.463387, 

289.258, 10, 0, 0.463387, 

289.258, 11, 0, 0.463387, 

289.258, 12, 0, 0.463387, 

289.258, 13, 0, 0.463387, 

289.258, 14, 0, 0.463387, 

289.258, 15, 0, 0.463387, 

289.258, 16, 0, 0.463387, 

289.258, 17, 0, 0.463387, 

289.258, 18, 0, 0.463387, 

289.258, 19, 0, 0.463387, 

289.258, 20, 0, 0.463387, 

289.258, 21, 0, 0.463387, 

289.258, 22, 0, 0.463387, 

289.258, 23, 0, 0.463387, 

289.258, 24, 0, 0.463387, 

289.258, 25, 0, 0.463387, 

289.258, 26, 0, 0.463387, 

289.258, 27, 0, 0.463387, 

289.258, 28, 0, 0.463387, 

289.258, 29, 0, 0.463387, 

289.258, 30, 0, 0.463387, 

289.258, 31, 0, 0.463387, 

289.258, 32, 0, 0.463387, 

289.258, 33, 0, 0.463387, 

289.258, 34, 0, 0.463387, 

289.258, 35, 0, 0.463387, 

289.258, 36, 0, 0.463387, 

289.258, 37, 0, 0.463387, 

289.258, 38, 0, 0.463387, 

289.258, 39, 0, 0.463387, 

289.258, 40, 0, 0.463387, 

289.258, 41, 0, 0.463387, 

289.258, 42, 0, 0.463387, 

289.258, 43, 0, 0.463387, 

289.258, 44, 0, 0.463387, 

289.258, 45, 0, 0.463387, 

289.258, 46, 0, 0.463387, 

289.258, 47, 0, 0.463387, 

289.258, 48, 0, 0.463387, 

289.258, 49, 0, 0.463387, 

289.258, 50, 0, 0.463387, 

289.258, 51, 0, 0.463387, 

289.258, 52, 0, 0.463387, 

289.258, 53, 0, 0.463387, 

289.258, 54, 0, 0.463387, 

289.258, 55, 0, 0.463387, 

289.258, 56, 0, 0.463387, 

289.258, 57, 0, 0.463387, 

289.258, 58, 0, 0.463387, 

289.258, 59, 0, 0.463387, 

289.258, 60, 0, 0.463387, 

289.258, 61, 0, 0.463387, 

289.258, 62, 0, 0.463387, 

289.258, 63, 0, 0.463387, 

289.258, 64, 0, 0.463387, 

289.258, 65, 0, 0.463387, 

289.258, 66, 0, 0.463387, 

289.258, 67, 0, 0.463387, 

289.258, 68, 0, 0.463387, 

289.258, 69, 0, 0.463387, 

289.258, 70, 0, 0.463387, 

289.258, 71, 0, 0.463387, 

289.258, 72, 0, 0.463387, 

289.258, 73, 0, 0.463387, 

289.258, 74, 0, 0.463387, 

289.258, 75, 0, 0.463387, 

289.258, 76, 0, 0.463387, 

289.258, 77, 0, 0.463387, 

289.258, 78, 0, 0.463387, 

289.258, 79, 0, 0.463387, 

289.258, 80, 0, 0.463387, 

289.258, 81, 0, 0.463387, 

289.258, 82, 0, 0.463387, 

289.258, 83, 0, 0.463387, 

289.258, 84, 0, 0.463387, 

289.258, 85, 0, 0.463387, 

289.258, 86, 0, 0.463387, 

289.258, 87, 0, 0.463387, 

289.258, 88, 0, 0.463387, 

289.258, 89, 0, 0.463387, 

289.258, 90, 0, 0.463387, 

289.258, 91, 0, 0.463387, 

289.258, 92, 0, 0.463387, 

289.258, 93, 0, 0.463387, 

289.258, 94, 0, 0.463387, 

289.258, 95, 0, 0.463387, 

289.258, 96, 0, 0.463387, 

289.258, 97, 0, 0.463387, 

289.258, 98, 0, 0.463387, 

289.258, 99, 0, 0.463387, 

289.258, 100, 0, 0.463387, 

289.258, 101, 0, 0.463387, 

289.258, 102, 0, 0.463387, 

289.258, 103, 0, 0.463387, 

289.258, 104, 0, 0.463387, 

289.258, 105, 0, 0.463387, 

289.258, 106, 0, 0.463387, 

289.258, 107, 0, 0.463387, 

289.258, 108, 0, 0.463387, 

289.258, 109, 0, 0.463387, 

289.258, 110, 0, 0.463387, 

289.258, 111, 0, 0.463387, 

289.258, 112, 0, 0.463387, 

289.258, 113, 0, 0.463387, 

289.258, 114, 0, 0.463387, 

289.258, 115, 0, 0.463387, 

289.258, 116, 0, 0.463387, 

289.258, 117, 0, 0.463387, 

289.258, 118, 0, 0.463387, 

289.258, 119, 0, 0.463387, 

291.416, 0, 0, 0.463387, 

291.416, 1, 0, 0.463387, 

291.416, 2, 0, 0.463387, 

291.416, 3, 0, 0.463387, 

291.416, 4, 0, 0.463387, 

291.416, 5, 0, 0.463387, 

291.416, 6, 0, 0.463387, 

291.416, 7, 0, 0.463387, 

291.416, 8, 0, 0.463387, 

291.416, 9, 0, 0.463387, 

291.416, 10, 0, 0.463387, 

291.416, 11, 0, 0.463387, 

291.416, 12, 0, 0.463387, 

291.416, 13, 0, 0.463387, 

291.416, 14, 0, 0.463387, 

291.416, 15, 0, 0.463387, 

291.416, 16, 0, 0.463387, 

291.416, 17, 0, 0.463387, 

291.416, 18, 0, 0.463387, 

291.416, 19, 0, 0.463387, 

291.416, 20, 0, 0.463387, 

291.416, 21, 0, 0.463387, 

291.416, 22, 0, 0.463387, 

291.416, 23, 0, 0.463387, 

291.416, 24, 0, 0.463387, 

291.416, 25, 0, 0.463387, 

291.416, 26, 0, 0.463387, 

291.416, 27, 0, 0.463387, 

291.416, 28, 0, 0.463387, 

291.416, 29, 0, 0.463387, 

291.416, 30, 0, 0.463387, 

291.416, 31, 0, 0.463387, 

291.416, 32, 0, 0.463387, 

291.416, 33, 0, 0.463387, 

291.416, 34, 0, 0.463387, 

291.416, 35, 0, 0.463387, 

291.416, 36, 0, 0.463387, 

291.416, 37, 0, 0.463387, 

291.416, 38, 0, 0.463387, 

291.416, 39, 0, 0.463387, 

291.416, 40, 0, 0.463387, 

291.416, 41, 0, 0.463387, 

291.416, 42, 0, 0.463387, 

291.416, 43, 0, 0.463387, 

291.416, 44, 0, 0.463387, 

291.416, 45, 0, 0.463387, 

291.416, 46, 0, 0.463387, 

291.416, 47, 0, 0.463387, 

291.416, 48, 0, 0.463387, 

291.416, 49, 0, 0.463387, 

291.416, 50, 0, 0.463387, 

291.416, 51, 0, 0.463387, 

291.416, 52, 0, 0.463387, 

291.416, 53, 0, 0.463387, 

291.416, 54, 0, 0.463387, 

291.416, 55, 0, 0.463387, 

291.416, 56, 0, 0.463387, 

291.416, 57, 0, 0.463387, 

291.416, 58, 0, 0.463387, 

291.416, 59, 0, 0.463387, 

291.416, 60, 0, 0.463387, 

291.416, 61, 0, 0.463387, 

291.416, 62, 0, 0.463387, 

291.416, 63, 0, 0.463387, 

291.416, 64, 0, 0.463387, 

291.416, 65, 0, 0.463387, 

291.416, 66, 0, 0.463387, 

291.416, 67, 0, 0.463387, 

291.416, 68, 0, 0.463387, 

291.416, 69, 0, 0.463387, 

291.416, 70, 0, 0.463387, 

291.416, 71, 0, 0.463387, 

291.416, 72, 0, 0.463387, 

291.416, 73, 0, 0.463387, 

291.416, 74, 0, 0.463387, 

291.416, 75, 0, 0.463387, 

291.416, 76, 0, 0.463387, 

291.416, 77, 0, 0.463387, 

291.416, 78, 0, 0.463387, 

291.416, 79, 0, 0.463387, 

291.416, 80, 0, 0.463387, 

291.416, 81, 0, 0.463387, 

291.416, 82, 0, 0.463387, 

291.416, 83, 0, 0.463387, 

291.416, 84, 0, 0.463387, 

291.416, 85, 0, 0.463387, 

291.416, 86, 0, 0.463387, 

291.416, 87, 0, 0.463387, 

291.416, 88, 0, 0.463387, 

291.416, 89, 0, 0.463387, 

291.416, 90, 0, 0.463387, 

291.416, 91, 0, 0.463387, 

291.416, 92, 0, 0.463387, 

291.416, 93, 0, 0.463387, 

291.416, 94, 0, 0.463387, 

291.416, 95, 0, 0.463387, 

291.416, 96, 0, 0.463387, 

291.416, 97, 0, 0.463387, 

291.416, 98, 0, 0.463387, 

291.416, 99, 0, 0.463387, 

291.416, 100, 0, 0.463387, 

291.416, 101, 0, 0.463387, 

291.416, 102, 0, 0.463387, 

291.416, 103, 0, 0.463387, 

291.416, 104, 0, 0.463387, 

291.416, 105, 0, 0.463387, 

291.416, 106, 0, 0.463387, 

291.416, 107, 0, 0.463387, 

291.416, 108, 0, 0.463387, 

291.416, 109, 0, 0.463387, 

291.416, 110, 0, 0.463387, 

291.416, 111, 0, 0.463387, 

291.416, 112, 0, 0.463387, 

291.416, 113, 0, 0.463387, 

291.416, 114, 0, 0.463387, 

291.416, 115, 0, 0.463387, 

291.416, 116, 0, 0.463387, 

291.416, 117, 0, 0.463387, 

291.416, 118, 0, 0.463387, 

291.416, 119, 0, 0.463387, 

293.573, 0, 0, 0.463387, 

293.573, 1, 0, 0.463387, 

293.573, 2, 0, 0.463387, 

293.573, 3, 0, 0.463387, 

293.573, 4, 0, 0.463387, 

293.573, 5, 0, 0.463387, 

293.573, 6, 0, 0.463387, 

293.573, 7, 0, 0.463387, 

293.573, 8, 0, 0.463387, 

293.573, 9, 0, 0.463387, 

293.573, 10, 0, 0.463387, 

293.573, 11, 0, 0.463387, 

293.573, 12, 0, 0.463387, 

293.573, 13, 0, 0.463387, 

293.573, 14, 0, 0.463387, 

293.573, 15, 0, 0.463387, 

293.573, 16, 0, 0.463387, 

293.573, 17, 0, 0.463387, 

293.573, 18, 0, 0.463387, 

293.573, 19, 0, 0.463387, 

293.573, 20, 0, 0.463387, 

293.573, 21, 0, 0.463387, 

293.573, 22, 0, 0.463387, 

293.573, 23, 0, 0.463387, 

293.573, 24, 0, 0.463387, 

293.573, 25, 0, 0.463387, 

293.573, 26, 0, 0.463387, 

293.573, 27, 0, 0.463387, 

293.573, 28, 0, 0.463387, 

293.573, 29, 0, 0.463387, 

293.573, 30, 0, 0.463387, 

293.573, 31, 0, 0.463387, 

293.573, 32, 0, 0.463387, 

293.573, 33, 0, 0.463387, 

293.573, 34, 0, 0.463387, 

293.573, 35, 0, 0.463387, 

293.573, 36, 0, 0.463387, 

293.573, 37, 0, 0.463387, 

293.573, 38, 0, 0.463387, 

293.573, 39, 0, 0.463387, 

293.573, 40, 0, 0.463387, 

293.573, 41, 0, 0.463387, 

293.573, 42, 0, 0.463387, 

293.573, 43, 0, 0.463387, 

293.573, 44, 0, 0.463387, 

293.573, 45, 0, 0.463387, 

293.573, 46, 0, 0.463387, 

293.573, 47, 0, 0.463387, 

293.573, 48, 0, 0.463387, 

293.573, 49, 0, 0.463387, 

293.573, 50, 0, 0.463387, 

293.573, 51, 0, 0.463387, 

293.573, 52, 0, 0.463387, 

293.573, 53, 0, 0.463387, 

293.573, 54, 0, 0.463387, 

293.573, 55, 0, 0.463387, 

293.573, 56, 0, 0.463387, 

293.573, 57, 0, 0.463387, 

293.573, 58, 0, 0.463387, 

293.573, 59, 0, 0.463387, 

293.573, 60, 0, 0.463387, 

293.573, 61, 0, 0.463387, 

293.573, 62, 0, 0.463387, 

293.573, 63, 0, 0.463387, 

293.573, 64, 0, 0.463387, 

293.573, 65, 0, 0.463387, 

293.573, 66, 0, 0.463387, 

293.573, 67, 0, 0.463387, 

293.573, 68, 0, 0.463387, 

293.573, 69, 0, 0.463387, 

293.573, 70, 0, 0.463387, 

293.573, 71, 0, 0.463387, 

293.573, 72, 0, 0.463387, 

293.573, 73, 0, 0.463387, 

293.573, 74, 0, 0.463387, 

293.573, 75, 0, 0.463387, 

293.573, 76, 0, 0.463387, 

293.573, 77, 0, 0.463387, 

293.573, 78, 0, 0.463387, 

293.573, 79, 0, 0.463387, 

293.573, 80, 0, 0.463387, 

293.573, 81, 0, 0.463387, 

293.573, 82, 0, 0.463387, 

293.573, 83, 0, 0.463387, 

293.573, 84, 0, 0.463387, 

293.573, 85, 0, 0.463387, 

293.573, 86, 0, 0.463387, 

293.573, 87, 0, 0.463387, 

293.573, 88, 0, 0.463387, 

293.573, 89, 0, 0.463387, 

293.573, 90, 0, 0.463387, 

293.573, 91, 0, 0.463387, 

293.573, 92, 0, 0.463387, 

293.573, 93, 0, 0.463387, 

293.573, 94, 0, 0.463387, 

293.573, 95, 0, 0.463387, 

293.573, 96, 0, 0.463387, 

293.573, 97, 0, 0.463387, 

293.573, 98, 0, 0.463387, 

293.573, 99, 0, 0.463387, 

293.573, 100, 0, 0.463387, 

293.573, 101, 0, 0.463387, 

293.573, 102, 0, 0.463387, 

293.573, 103, 0, 0.463387, 

293.573, 104, 0, 0.463387, 

293.573, 105, 0, 0.463387, 

293.573, 106, 0, 0.463387, 

293.573, 107, 0, 0.463387, 

293.573, 108, 0, 0.463387, 

293.573, 109, 0, 0.463387, 

293.573, 110, 0, 0.463387, 

293.573, 111, 0, 0.463387, 

293.573, 112, 0, 0.463387, 

293.573, 113, 0, 0.463387, 

293.573, 114, 0, 0.463387, 

293.573, 115, 0, 0.463387, 

293.573, 116, 0, 0.463387, 

293.573, 117, 0, 0.463387, 

293.573, 118, 0, 0.463387, 

293.573, 119, 0, 0.463387, 

295.731, 0, 0, 0.463387, 

295.731, 1, 0, 0.463387, 

295.731, 2, 0, 0.463387, 

295.731, 3, 0, 0.463387, 

295.731, 4, 0, 0.463387, 

295.731, 5, 0, 0.463387, 

295.731, 6, 0, 0.463387, 

295.731, 7, 0, 0.463387, 

295.731, 8, 0, 0.463387, 

295.731, 9, 0, 0.463387, 

295.731, 10, 0, 0.463387, 

295.731, 11, 0, 0.463387, 

295.731, 12, 0, 0.463387, 

295.731, 13, 0, 0.463387, 

295.731, 14, 0, 0.463387, 

295.731, 15, 0, 0.463387, 

295.731, 16, 0, 0.463387, 

295.731, 17, 0, 0.463387, 

295.731, 18, 0, 0.463387, 

295.731, 19, 0, 0.463387, 

295.731, 20, 0, 0.463387, 

295.731, 21, 0, 0.463387, 

295.731, 22, 0, 0.463387, 

295.731, 23, 0, 0.463387, 

295.731, 24, 0, 0.463387, 

295.731, 25, 0, 0.463387, 

295.731, 26, 0, 0.463387, 

295.731, 27, 0, 0.463387, 

295.731, 28, 0, 0.463387, 

295.731, 29, 0, 0.463387, 

295.731, 30, 0, 0.463387, 

295.731, 31, 0, 0.463387, 

295.731, 32, 0, 0.463387, 

295.731, 33, 0, 0.463387, 

295.731, 34, 0, 0.463387, 

295.731, 35, 0, 0.463387, 

295.731, 36, 0, 0.463387, 

295.731, 37, 0, 0.463387, 

295.731, 38, 0, 0.463387, 

295.731, 39, 0, 0.463387, 

295.731, 40, 0, 0.463387, 

295.731, 41, 0, 0.463387, 

295.731, 42, 0, 0.463387, 

295.731, 43, 0, 0.463387, 

295.731, 44, 0, 0.463387, 

295.731, 45, 0, 0.463387, 

295.731, 46, 0, 0.463387, 

295.731, 47, 0, 0.463387, 

295.731, 48, 0, 0.463387, 

295.731, 49, 0, 0.463387, 

295.731, 50, 0, 0.463387, 

295.731, 51, 0, 0.463387, 

295.731, 52, 0, 0.463387, 

295.731, 53, 0, 0.463387, 

295.731, 54, 0, 0.463387, 

295.731, 55, 0, 0.463387, 

295.731, 56, 0, 0.463387, 

295.731, 57, 0, 0.463387, 

295.731, 58, 0, 0.463387, 

295.731, 59, 0, 0.463387, 

295.731, 60, 0, 0.463387, 

295.731, 61, 0, 0.463387, 

295.731, 62, 0, 0.463387, 

295.731, 63, 0, 0.463387, 

295.731, 64, 0, 0.463387, 

295.731, 65, 0, 0.463387, 

295.731, 66, 0, 0.463387, 

295.731, 67, 0, 0.463387, 

295.731, 68, 0, 0.463387, 

295.731, 69, 0, 0.463387, 

295.731, 70, 0, 0.463387, 

295.731, 71, 0, 0.463387, 

295.731, 72, 0, 0.463387, 

295.731, 73, 0, 0.463387, 

295.731, 74, 0, 0.463387, 

295.731, 75, 0, 0.463387, 

295.731, 76, 0, 0.463387, 

295.731, 77, 0, 0.463387, 

295.731, 78, 0, 0.463387, 

295.731, 79, 0, 0.463387, 

295.731, 80, 0, 0.463387, 

295.731, 81, 0, 0.463387, 

295.731, 82, 0, 0.463387, 

295.731, 83, 0, 0.463387, 

295.731, 84, 0, 0.463387, 

295.731, 85, 0, 0.463387, 

295.731, 86, 0, 0.463387, 

295.731, 87, 0, 0.463387, 

295.731, 88, 0, 0.463387, 

295.731, 89, 0, 0.463387, 

295.731, 90, 0, 0.463387, 

295.731, 91, 0, 0.463387, 

295.731, 92, 0, 0.463387, 

295.731, 93, 0, 0.463387, 

295.731, 94, 0, 0.463387, 

295.731, 95, 0, 0.463387, 

295.731, 96, 0, 0.463387, 

295.731, 97, 0, 0.463387, 

295.731, 98, 0, 0.463387, 

295.731, 99, 0, 0.463387, 

295.731, 100, 0, 0.463387, 

295.731, 101, 0, 0.463387, 

295.731, 102, 0, 0.463387, 

295.731, 103, 0, 0.463387, 

295.731, 104, 0, 0.463387, 

295.731, 105, 0, 0.463387, 

295.731, 106, 0, 0.463387, 

295.731, 107, 0, 0.463387, 

295.731, 108, 0, 0.463387, 

295.731, 109, 0, 0.463387, 

295.731, 110, 0, 0.463387, 

295.731, 111, 0, 0.463387, 

295.731, 112, 0, 0.463387, 

295.731, 113, 0, 0.463387, 

295.731, 114, 0, 0.463387, 

295.731, 115, 0, 0.463387, 

295.731, 116, 0, 0.463387, 

295.731, 117, 0, 0.463387, 

295.731, 118, 0, 0.463387, 

295.731, 119, 0, 0.463387, 

297.889, 0, 0, 0.463387, 

297.889, 1, 0, 0.463387, 

297.889, 2, 0, 0.463387, 

297.889, 3, 0, 0.463387, 

297.889, 4, 0, 0.463387, 

297.889, 5, 0, 0.463387, 

297.889, 6, 0, 0.463387, 

297.889, 7, 0, 0.463387, 

297.889, 8, 0, 0.463387, 

297.889, 9, 0, 0.463387, 

297.889, 10, 0, 0.463387, 

297.889, 11, 0, 0.463387, 

297.889, 12, 0, 0.463387, 

297.889, 13, 0, 0.463387, 

297.889, 14, 0, 0.463387, 

297.889, 15, 0, 0.463387, 

297.889, 16, 0, 0.463387, 

297.889, 17, 0, 0.463387, 

297.889, 18, 0, 0.463387, 

297.889, 19, 0, 0.463387, 

297.889, 20, 0, 0.463387, 

297.889, 21, 0, 0.463387, 

297.889, 22, 0, 0.463387, 

297.889, 23, 0, 0.463387, 

297.889, 24, 0, 0.463387, 

297.889, 25, 0, 0.463387, 

297.889, 26, 0, 0.463387, 

297.889, 27, 0, 0.463387, 

297.889, 28, 0, 0.463387, 

297.889, 29, 0, 0.463387, 

297.889, 30, 0, 0.463387, 

297.889, 31, 0, 0.463387, 

297.889, 32, 0, 0.463387, 

297.889, 33, 0, 0.463387, 

297.889, 34, 0, 0.463387, 

297.889, 35, 0, 0.463387, 

297.889, 36, 0, 0.463387, 

297.889, 37, 0, 0.463387, 

297.889, 38, 0, 0.463387, 

297.889, 39, 0, 0.463387, 

297.889, 40, 0, 0.463387, 

297.889, 41, 0, 0.463387, 

297.889, 42, 0, 0.463387, 

297.889, 43, 0, 0.463387, 

297.889, 44, 0, 0.463387, 

297.889, 45, 0, 0.463387, 

297.889, 46, 0, 0.463387, 

297.889, 47, 0, 0.463387, 

297.889, 48, 0, 0.463387, 

297.889, 49, 0, 0.463387, 

297.889, 50, 0, 0.463387, 

297.889, 51, 0, 0.463387, 

297.889, 52, 0, 0.463387, 

297.889, 53, 0, 0.463387, 

297.889, 54, 0, 0.463387, 

297.889, 55, 0, 0.463387, 

297.889, 56, 0, 0.463387, 

297.889, 57, 0, 0.463387, 

297.889, 58, 0, 0.463387, 

297.889, 59, 0, 0.463387, 

297.889, 60, 0, 0.463387, 

297.889, 61, 0, 0.463387, 

297.889, 62, 0, 0.463387, 

297.889, 63, 0, 0.463387, 

297.889, 64, 0, 0.463387, 

297.889, 65, 0, 0.463387, 

297.889, 66, 0, 0.463387, 

297.889, 67, 0, 0.463387, 

297.889, 68, 0, 0.463387, 

297.889, 69, 0, 0.463387, 

297.889, 70, 0, 0.463387, 

297.889, 71, 0, 0.463387, 

297.889, 72, 0, 0.463387, 

297.889, 73, 0, 0.463387, 

297.889, 74, 0, 0.463387, 

297.889, 75, 0, 0.463387, 

297.889, 76, 0, 0.463387, 

297.889, 77, 0, 0.463387, 

297.889, 78, 0, 0.463387, 

297.889, 79, 0, 0.463387, 

297.889, 80, 0, 0.463387, 

297.889, 81, 0, 0.463387, 

297.889, 82, 0, 0.463387, 

297.889, 83, 0, 0.463387, 

297.889, 84, 0, 0.463387, 

297.889, 85, 0, 0.463387, 

297.889, 86, 0, 0.463387, 

297.889, 87, 0, 0.463387, 

297.889, 88, 0, 0.463387, 

297.889, 89, 0, 0.463387, 

297.889, 90, 0, 0.463387, 

297.889, 91, 0, 0.463387, 

297.889, 92, 0, 0.463387, 

297.889, 93, 0, 0.463387, 

297.889, 94, 0, 0.463387, 

297.889, 95, 0, 0.463387, 

297.889, 96, 0, 0.463387, 

297.889, 97, 0, 0.463387, 

297.889, 98, 0, 0.463387, 

297.889, 99, 0, 0.463387, 

297.889, 100, 0, 0.463387, 

297.889, 101, 0, 0.463387, 

297.889, 102, 0, 0.463387, 

297.889, 103, 0, 0.463387, 

297.889, 104, 0, 0.463387, 

297.889, 105, 0, 0.463387, 

297.889, 106, 0, 0.463387, 

297.889, 107, 0, 0.463387, 

297.889, 108, 0, 0.463387, 

297.889, 109, 0, 0.463387, 

297.889, 110, 0, 0.463387, 

297.889, 111, 0, 0.463387, 

297.889, 112, 0, 0.463387, 

297.889, 113, 0, 0.463387, 

297.889, 114, 0, 0.463387, 

297.889, 115, 0, 0.463387, 

297.889, 116, 0, 0.463387, 

297.889, 117, 0, 0.463387, 

297.889, 118, 0, 0.463387, 

297.889, 119, 0, 0.463387, 

300.047, 0, 0, 0.463387, 

300.047, 1, 0, 0.463387, 

300.047, 2, 0, 0.463387, 

300.047, 3, 0, 0.463387, 

300.047, 4, 0, 0.463387, 

300.047, 5, 0, 0.463387, 

300.047, 6, 0, 0.463387, 

300.047, 7, 0, 0.463387, 

300.047, 8, 0, 0.463387, 

300.047, 9, 0, 0.463387, 

300.047, 10, 0, 0.463387, 

300.047, 11, 0, 0.463387, 

300.047, 12, 0, 0.463387, 

300.047, 13, 0, 0.463387, 

300.047, 14, 0, 0.463387, 

300.047, 15, 0, 0.463387, 

300.047, 16, 0, 0.463387, 

300.047, 17, 0, 0.463387, 

300.047, 18, 0, 0.463387, 

300.047, 19, 0, 0.463387, 

300.047, 20, 0, 0.463387, 

300.047, 21, 0, 0.463387, 

300.047, 22, 0, 0.463387, 

300.047, 23, 0, 0.463387, 

300.047, 24, 0, 0.463387, 

300.047, 25, 0, 0.463387, 

300.047, 26, 0, 0.463387, 

300.047, 27, 0, 0.463387, 

300.047, 28, 0, 0.463387, 

300.047, 29, 0, 0.463387, 

300.047, 30, 0, 0.463387, 

300.047, 31, 0, 0.463387, 

300.047, 32, 0, 0.463387, 

300.047, 33, 0, 0.463387, 

300.047, 34, 0, 0.463387, 

300.047, 35, 0, 0.463387, 

300.047, 36, 0, 0.463387, 

300.047, 37, 0, 0.463387, 

300.047, 38, 0, 0.463387, 

300.047, 39, 0, 0.463387, 

300.047, 40, 0, 0.463387, 

300.047, 41, 0, 0.463387, 

300.047, 42, 0, 0.463387, 

300.047, 43, 0, 0.463387, 

300.047, 44, 0, 0.463387, 

300.047, 45, 0, 0.463387, 

300.047, 46, 0, 0.463387, 

300.047, 47, 0, 0.463387, 

300.047, 48, 0, 0.463387, 

300.047, 49, 0, 0.463387, 

300.047, 50, 0, 0.463387, 

300.047, 51, 0, 0.463387, 

300.047, 52, 0, 0.463387, 

300.047, 53, 0, 0.463387, 

300.047, 54, 0, 0.463387, 

300.047, 55, 0, 0.463387, 

300.047, 56, 0, 0.463387, 

300.047, 57, 0, 0.463387, 

300.047, 58, 0, 0.463387, 

300.047, 59, 0, 0.463387, 

300.047, 60, 0, 0.463387, 

300.047, 61, 0, 0.463387, 

300.047, 62, 0, 0.463387, 

300.047, 63, 0, 0.463387, 

300.047, 64, 0, 0.463387, 

300.047, 65, 0, 0.463387, 

300.047, 66, 0, 0.463387, 

300.047, 67, 0, 0.463387, 

300.047, 68, 0, 0.463387, 

300.047, 69, 0, 0.463387, 

300.047, 70, 0, 0.463387, 

300.047, 71, 0, 0.463387, 

300.047, 72, 0, 0.463387, 

300.047, 73, 0, 0.463387, 

300.047, 74, 0, 0.463387, 

300.047, 75, 0, 0.463387, 

300.047, 76, 0, 0.463387, 

300.047, 77, 0, 0.463387, 

300.047, 78, 0, 0.463387, 

300.047, 79, 0, 0.463387, 

300.047, 80, 0, 0.463387, 

300.047, 81, 0, 0.463387, 

300.047, 82, 0, 0.463387, 

300.047, 83, 0, 0.463387, 

300.047, 84, 0, 0.463387, 

300.047, 85, 0, 0.463387, 

300.047, 86, 0, 0.463387, 

300.047, 87, 0, 0.463387, 

300.047, 88, 0, 0.463387, 

300.047, 89, 0, 0.463387, 

300.047, 90, 0, 0.463387, 

300.047, 91, 0, 0.463387, 

300.047, 92, 0, 0.463387, 

300.047, 93, 0, 0.463387, 

300.047, 94, 0, 0.463387, 

300.047, 95, 0, 0.463387, 

300.047, 96, 0, 0.463387, 

300.047, 97, 0, 0.463387, 

300.047, 98, 0, 0.463387, 

300.047, 99, 0, 0.463387, 

300.047, 100, 0, 0.463387, 

300.047, 101, 0, 0.463387, 

300.047, 102, 0, 0.463387, 

300.047, 103, 0, 0.463387, 

300.047, 104, 0, 0.463387, 

300.047, 105, 0, 0.463387, 

300.047, 106, 0, 0.463387, 

300.047, 107, 0, 0.463387, 

300.047, 108, 0, 0.463387, 

300.047, 109, 0, 0.463387, 

300.047, 110, 0, 0.463387, 

300.047, 111, 0, 0.463387, 

300.047, 112, 0, 0.463387, 

300.047, 113, 0, 0.463387, 

300.047, 114, 0, 0.463387, 

300.047, 115, 0, 0.463387, 

300.047, 116, 0, 0.463387, 

300.047, 117, 0, 0.463387, 

300.047, 118, 0, 0.463387, 

300.047, 119, 0, 0.463387, 

302.205, 0, 0, 0.463387, 

302.205, 1, 0, 0.463387, 

302.205, 2, 0, 0.463387, 

302.205, 3, 0, 0.463387, 

302.205, 4, 0, 0.463387, 

302.205, 5, 0, 0.463387, 

302.205, 6, 0, 0.463387, 

302.205, 7, 0, 0.463387, 

302.205, 8, 0, 0.463387, 

302.205, 9, 0, 0.463387, 

302.205, 10, 0, 0.463387, 

302.205, 11, 0, 0.463387, 

302.205, 12, 0, 0.463387, 

302.205, 13, 0, 0.463387, 

302.205, 14, 0, 0.463387, 

302.205, 15, 0, 0.463387, 

302.205, 16, 0, 0.463387, 

302.205, 17, 0, 0.463387, 

302.205, 18, 0, 0.463387, 

302.205, 19, 0, 0.463387, 

302.205, 20, 0, 0.463387, 

302.205, 21, 0, 0.463387, 

302.205, 22, 0, 0.463387, 

302.205, 23, 0, 0.463387, 

302.205, 24, 0, 0.463387, 

302.205, 25, 0, 0.463387, 

302.205, 26, 0, 0.463387, 

302.205, 27, 0, 0.463387, 

302.205, 28, 0, 0.463387, 

302.205, 29, 0, 0.463387, 

302.205, 30, 0, 0.463387, 

302.205, 31, 0, 0.463387, 

302.205, 32, 0, 0.463387, 

302.205, 33, 0, 0.463387, 

302.205, 34, 0, 0.463387, 

302.205, 35, 0, 0.463387, 

302.205, 36, 0, 0.463387, 

302.205, 37, 0, 0.463387, 

302.205, 38, 0, 0.463387, 

302.205, 39, 0, 0.463387, 

302.205, 40, 0, 0.463387, 

302.205, 41, 0, 0.463387, 

302.205, 42, 0, 0.463387, 

302.205, 43, 0, 0.463387, 

302.205, 44, 0, 0.463387, 

302.205, 45, 0, 0.463387, 

302.205, 46, 0, 0.463387, 

302.205, 47, 0, 0.463387, 

302.205, 48, 0, 0.463387, 

302.205, 49, 0, 0.463387, 

302.205, 50, 0, 0.463387, 

302.205, 51, 0, 0.463387, 

302.205, 52, 0, 0.463387, 

302.205, 53, 0, 0.463387, 

302.205, 54, 0, 0.463387, 

302.205, 55, 0, 0.463387, 

302.205, 56, 0, 0.463387, 

302.205, 57, 0, 0.463387, 

302.205, 58, 0, 0.463387, 

302.205, 59, 0, 0.463387, 

302.205, 60, 0, 0.463387, 

302.205, 61, 0, 0.463387, 

302.205, 62, 0, 0.463387, 

302.205, 63, 0, 0.463387, 

302.205, 64, 0, 0.463387, 

302.205, 65, 0, 0.463387, 

302.205, 66, 0, 0.463387, 

302.205, 67, 0, 0.463387, 

302.205, 68, 0, 0.463387, 

302.205, 69, 0, 0.463387, 

302.205, 70, 0, 0.463387, 

302.205, 71, 0, 0.463387, 

302.205, 72, 0, 0.463387, 

302.205, 73, 0, 0.463387, 

302.205, 74, 0, 0.463387, 

302.205, 75, 0, 0.463387, 

302.205, 76, 0, 0.463387, 

302.205, 77, 0, 0.463387, 

302.205, 78, 0, 0.463387, 

302.205, 79, 0, 0.463387, 

302.205, 80, 0, 0.463387, 

302.205, 81, 0, 0.463387, 

302.205, 82, 0, 0.463387, 

302.205, 83, 0, 0.463387, 

302.205, 84, 0, 0.463387, 

302.205, 85, 0, 0.463387, 

302.205, 86, 0, 0.463387, 

302.205, 87, 0, 0.463387, 

302.205, 88, 0, 0.463387, 

302.205, 89, 0, 0.463387, 

302.205, 90, 0, 0.463387, 

302.205, 91, 0, 0.463387, 

302.205, 92, 0, 0.463387, 

302.205, 93, 0, 0.463387, 

302.205, 94, 0, 0.463387, 

302.205, 95, 0, 0.463387, 

302.205, 96, 0, 0.463387, 

302.205, 97, 0, 0.463387, 

302.205, 98, 0, 0.463387, 

302.205, 99, 0, 0.463387, 

302.205, 100, 0, 0.463387, 

302.205, 101, 0, 0.463387, 

302.205, 102, 0, 0.463387, 

302.205, 103, 0, 0.463387, 

302.205, 104, 0, 0.463387, 

302.205, 105, 0, 0.463387, 

302.205, 106, 0, 0.463387, 

302.205, 107, 0, 0.463387, 

302.205, 108, 0, 0.463387, 

302.205, 109, 0, 0.463387, 

302.205, 110, 0, 0.463387, 

302.205, 111, 0, 0.463387, 

302.205, 112, 0, 0.463387, 

302.205, 113, 0, 0.463387, 

302.205, 114, 0, 0.463387, 

302.205, 115, 0, 0.463387, 

302.205, 116, 0, 0.463387, 

302.205, 117, 0, 0.463387, 

302.205, 118, 0, 0.463387, 

302.205, 119, 0, 0.463387, 

304.362, 0, 0, 0.463387, 

304.362, 1, 0, 0.463387, 

304.362, 2, 0, 0.463387, 

304.362, 3, 0, 0.463387, 

304.362, 4, 0, 0.463387, 

304.362, 5, 0, 0.463387, 

304.362, 6, 0, 0.463387, 

304.362, 7, 0, 0.463387, 

304.362, 8, 0, 0.463387, 

304.362, 9, 0, 0.463387, 

304.362, 10, 0, 0.463387, 

304.362, 11, 0, 0.463387, 

304.362, 12, 0, 0.463387, 

304.362, 13, 0, 0.463387, 

304.362, 14, 0, 0.463387, 

304.362, 15, 0, 0.463387, 

304.362, 16, 0, 0.463387, 

304.362, 17, 0, 0.463387, 

304.362, 18, 0, 0.463387, 

304.362, 19, 0, 0.463387, 

304.362, 20, 0, 0.463387, 

304.362, 21, 0, 0.463387, 

304.362, 22, 0, 0.463387, 

304.362, 23, 0, 0.463387, 

304.362, 24, 0, 0.463387, 

304.362, 25, 0, 0.463387, 

304.362, 26, 0, 0.463387, 

304.362, 27, 0, 0.463387, 

304.362, 28, 0, 0.463387, 

304.362, 29, 0, 0.463387, 

304.362, 30, 0, 0.463387, 

304.362, 31, 0, 0.463387, 

304.362, 32, 0, 0.463387, 

304.362, 33, 0, 0.463387, 

304.362, 34, 0, 0.463387, 

304.362, 35, 0, 0.463387, 

304.362, 36, 0, 0.463387, 

304.362, 37, 0, 0.463387, 

304.362, 38, 0, 0.463387, 

304.362, 39, 0, 0.463387, 

304.362, 40, 0, 0.463387, 

304.362, 41, 0, 0.463387, 

304.362, 42, 0, 0.463387, 

304.362, 43, 0, 0.463387, 

304.362, 44, 0, 0.463387, 

304.362, 45, 0, 0.463387, 

304.362, 46, 0, 0.463387, 

304.362, 47, 0, 0.463387, 

304.362, 48, 0, 0.463387, 

304.362, 49, 0, 0.463387, 

304.362, 50, 0, 0.463387, 

304.362, 51, 0, 0.463387, 

304.362, 52, 0, 0.463387, 

304.362, 53, 0, 0.463387, 

304.362, 54, 0, 0.463387, 

304.362, 55, 0, 0.463387, 

304.362, 56, 0, 0.463387, 

304.362, 57, 0, 0.463387, 

304.362, 58, 0, 0.463387, 

304.362, 59, 0, 0.463387, 

304.362, 60, 0, 0.463387, 

304.362, 61, 0, 0.463387, 

304.362, 62, 0, 0.463387, 

304.362, 63, 0, 0.463387, 

304.362, 64, 0, 0.463387, 

304.362, 65, 0, 0.463387, 

304.362, 66, 0, 0.463387, 

304.362, 67, 0, 0.463387, 

304.362, 68, 0, 0.463387, 

304.362, 69, 0, 0.463387, 

304.362, 70, 0, 0.463387, 

304.362, 71, 0, 0.463387, 

304.362, 72, 0, 0.463387, 

304.362, 73, 0, 0.463387, 

304.362, 74, 0, 0.463387, 

304.362, 75, 0, 0.463387, 

304.362, 76, 0, 0.463387, 

304.362, 77, 0, 0.463387, 

304.362, 78, 0, 0.463387, 

304.362, 79, 0, 0.463387, 

304.362, 80, 0, 0.463387, 

304.362, 81, 0, 0.463387, 

304.362, 82, 0, 0.463387, 

304.362, 83, 0, 0.463387, 

304.362, 84, 0, 0.463387, 

304.362, 85, 0, 0.463387, 

304.362, 86, 0, 0.463387, 

304.362, 87, 0, 0.463387, 

304.362, 88, 0, 0.463387, 

304.362, 89, 0, 0.463387, 

304.362, 90, 0, 0.463387, 

304.362, 91, 0, 0.463387, 

304.362, 92, 0, 0.463387, 

304.362, 93, 0, 0.463387, 

304.362, 94, 0, 0.463387, 

304.362, 95, 0, 0.463387, 

304.362, 96, 0, 0.463387, 

304.362, 97, 0, 0.463387, 

304.362, 98, 0, 0.463387, 

304.362, 99, 0, 0.463387, 

304.362, 100, 0, 0.463387, 

304.362, 101, 0, 0.463387, 

304.362, 102, 0, 0.463387, 

304.362, 103, 0, 0.463387, 

304.362, 104, 0, 0.463387, 

304.362, 105, 0, 0.463387, 

304.362, 106, 0, 0.463387, 

304.362, 107, 0, 0.463387, 

304.362, 108, 0, 0.463387, 

304.362, 109, 0, 0.463387, 

304.362, 110, 0, 0.463387, 

304.362, 111, 0, 0.463387, 

304.362, 112, 0, 0.463387, 

304.362, 113, 0, 0.463387, 

304.362, 114, 0, 0.463387, 

304.362, 115, 0, 0.463387, 

304.362, 116, 0, 0.463387, 

304.362, 117, 0, 0.463387, 

304.362, 118, 0, 0.463387, 

304.362, 119, 0, 0.463387, 

306.52, 0, 0, 0.463387, 

306.52, 1, 0, 0.463387, 

306.52, 2, 0, 0.463387, 

306.52, 3, 0, 0.463387, 

306.52, 4, 0, 0.463387, 

306.52, 5, 0, 0.463387, 

306.52, 6, 0, 0.463387, 

306.52, 7, 0, 0.463387, 

306.52, 8, 0, 0.463387, 

306.52, 9, 0, 0.463387, 

306.52, 10, 0, 0.463387, 

306.52, 11, 0, 0.463387, 

306.52, 12, 0, 0.463387, 

306.52, 13, 0, 0.463387, 

306.52, 14, 0, 0.463387, 

306.52, 15, 0, 0.463387, 

306.52, 16, 0, 0.463387, 

306.52, 17, 0, 0.463387, 

306.52, 18, 0, 0.463387, 

306.52, 19, 0, 0.463387, 

306.52, 20, 0, 0.463387, 

306.52, 21, 0, 0.463387, 

306.52, 22, 0, 0.463387, 

306.52, 23, 0, 0.463387, 

306.52, 24, 0, 0.463387, 

306.52, 25, 0, 0.463387, 

306.52, 26, 0, 0.463387, 

306.52, 27, 0, 0.463387, 

306.52, 28, 0, 0.463387, 

306.52, 29, 0, 0.463387, 

306.52, 30, 0, 0.463387, 

306.52, 31, 0, 0.463387, 

306.52, 32, 0, 0.463387, 

306.52, 33, 0, 0.463387, 

306.52, 34, 0, 0.463387, 

306.52, 35, 0, 0.463387, 

306.52, 36, 0, 0.463387, 

306.52, 37, 0, 0.463387, 

306.52, 38, 0, 0.463387, 

306.52, 39, 0, 0.463387, 

306.52, 40, 0, 0.463387, 

306.52, 41, 0, 0.463387, 

306.52, 42, 0, 0.463387, 

306.52, 43, 0, 0.463387, 

306.52, 44, 0, 0.463387, 

306.52, 45, 0, 0.463387, 

306.52, 46, 0, 0.463387, 

306.52, 47, 0, 0.463387, 

306.52, 48, 0, 0.463387, 

306.52, 49, 0, 0.463387, 

306.52, 50, 0, 0.463387, 

306.52, 51, 0, 0.463387, 

306.52, 52, 0, 0.463387, 

306.52, 53, 0, 0.463387, 

306.52, 54, 0, 0.463387, 

306.52, 55, 0, 0.463387, 

306.52, 56, 0, 0.463387, 

306.52, 57, 0, 0.463387, 

306.52, 58, 0, 0.463387, 

306.52, 59, 0, 0.463387, 

306.52, 60, 0, 0.463387, 

306.52, 61, 0, 0.463387, 

306.52, 62, 0, 0.463387, 

306.52, 63, 0, 0.463387, 

306.52, 64, 0, 0.463387, 

306.52, 65, 0, 0.463387, 

306.52, 66, 0, 0.463387, 

306.52, 67, 0, 0.463387, 

306.52, 68, 0, 0.463387, 

306.52, 69, 0, 0.463387, 

306.52, 70, 0, 0.463387, 

306.52, 71, 0, 0.463387, 

306.52, 72, 0, 0.463387, 

306.52, 73, 0, 0.463387, 

306.52, 74, 0, 0.463387, 

306.52, 75, 0, 0.463387, 

306.52, 76, 0, 0.463387, 

306.52, 77, 0, 0.463387, 

306.52, 78, 0, 0.463387, 

306.52, 79, 0, 0.463387, 

306.52, 80, 0, 0.463387, 

306.52, 81, 0, 0.463387, 

306.52, 82, 0, 0.463387, 

306.52, 83, 0, 0.463387, 

306.52, 84, 0, 0.463387, 

306.52, 85, 0, 0.463387, 

306.52, 86, 0, 0.463387, 

306.52, 87, 0, 0.463387, 

306.52, 88, 0, 0.463387, 

306.52, 89, 0, 0.463387, 

306.52, 90, 0, 0.463387, 

306.52, 91, 0, 0.463387, 

306.52, 92, 0, 0.463387, 

306.52, 93, 0, 0.463387, 

306.52, 94, 0, 0.463387, 

306.52, 95, 0, 0.463387, 

306.52, 96, 0, 0.463387, 

306.52, 97, 0, 0.463387, 

306.52, 98, 0, 0.463387, 

306.52, 99, 0, 0.463387, 

306.52, 100, 0, 0.463387, 

306.52, 101, 0, 0.463387, 

306.52, 102, 0, 0.463387, 

306.52, 103, 0, 0.463387, 

306.52, 104, 0, 0.463387, 

306.52, 105, 0, 0.463387, 

306.52, 106, 0, 0.463387, 

306.52, 107, 0, 0.463387, 

306.52, 108, 0, 0.463387, 

306.52, 109, 0, 0.463387, 

306.52, 110, 0, 0.463387, 

306.52, 111, 0, 0.463387, 

306.52, 112, 0, 0.463387, 

306.52, 113, 0, 0.463387, 

306.52, 114, 0, 0.463387, 

306.52, 115, 0, 0.463387, 

306.52, 116, 0, 0.463387, 

306.52, 117, 0, 0.463387, 

306.52, 118, 0, 0.463387, 

306.52, 119, 0, 0.463387, 

308.678, 0, 0, 0.463387, 

308.678, 1, 0, 0.463387, 

308.678, 2, 0, 0.463387, 

308.678, 3, 0, 0.463387, 

308.678, 4, 0, 0.463387, 

308.678, 5, 0, 0.463387, 

308.678, 6, 0, 0.463387, 

308.678, 7, 0, 0.463387, 

308.678, 8, 0, 0.463387, 

308.678, 9, 0, 0.463387, 

308.678, 10, 0, 0.463387, 

308.678, 11, 0, 0.463387, 

308.678, 12, 0, 0.463387, 

308.678, 13, 0, 0.463387, 

308.678, 14, 0, 0.463387, 

308.678, 15, 0, 0.463387, 

308.678, 16, 0, 0.463387, 

308.678, 17, 0, 0.463387, 

308.678, 18, 0, 0.463387, 

308.678, 19, 0, 0.463387, 

308.678, 20, 0, 0.463387, 

308.678, 21, 0, 0.463387, 

308.678, 22, 0, 0.463387, 

308.678, 23, 0, 0.463387, 

308.678, 24, 0, 0.463387, 

308.678, 25, 0, 0.463387, 

308.678, 26, 0, 0.463387, 

308.678, 27, 0, 0.463387, 

308.678, 28, 0, 0.463387, 

308.678, 29, 0, 0.463387, 

308.678, 30, 0, 0.463387, 

308.678, 31, 0, 0.463387, 

308.678, 32, 0, 0.463387, 

308.678, 33, 0, 0.463387, 

308.678, 34, 0, 0.463387, 

308.678, 35, 0, 0.463387, 

308.678, 36, 0, 0.463387, 

308.678, 37, 0, 0.463387, 

308.678, 38, 0, 0.463387, 

308.678, 39, 0, 0.463387, 

308.678, 40, 0, 0.463387, 

308.678, 41, 0, 0.463387, 

308.678, 42, 0, 0.463387, 

308.678, 43, 0, 0.463387, 

308.678, 44, 0, 0.463387, 

308.678, 45, 0, 0.463387, 

308.678, 46, 0, 0.463387, 

308.678, 47, 0, 0.463387, 

308.678, 48, 0, 0.463387, 

308.678, 49, 0, 0.463387, 

308.678, 50, 0, 0.463387, 

308.678, 51, 0, 0.463387, 

308.678, 52, 0, 0.463387, 

308.678, 53, 0, 0.463387, 

308.678, 54, 0, 0.463387, 

308.678, 55, 0, 0.463387, 

308.678, 56, 0, 0.463387, 

308.678, 57, 0, 0.463387, 

308.678, 58, 0, 0.463387, 

308.678, 59, 0, 0.463387, 

308.678, 60, 0, 0.463387, 

308.678, 61, 0, 0.463387, 

308.678, 62, 0, 0.463387, 

308.678, 63, 0, 0.463387, 

308.678, 64, 0, 0.463387, 

308.678, 65, 0, 0.463387, 

308.678, 66, 0, 0.463387, 

308.678, 67, 0, 0.463387, 

308.678, 68, 0, 0.463387, 

308.678, 69, 0, 0.463387, 

308.678, 70, 0, 0.463387, 

308.678, 71, 0, 0.463387, 

308.678, 72, 0, 0.463387, 

308.678, 73, 0, 0.463387, 

308.678, 74, 0, 0.463387, 

308.678, 75, 0, 0.463387, 

308.678, 76, 0, 0.463387, 

308.678, 77, 0, 0.463387, 

308.678, 78, 0, 0.463387, 

308.678, 79, 0, 0.463387, 

308.678, 80, 0, 0.463387, 

308.678, 81, 0, 0.463387, 

308.678, 82, 0, 0.463387, 

308.678, 83, 0, 0.463387, 

308.678, 84, 0, 0.463387, 

308.678, 85, 0, 0.463387, 

308.678, 86, 0, 0.463387, 

308.678, 87, 0, 0.463387, 

308.678, 88, 0, 0.463387, 

308.678, 89, 0, 0.463387, 

308.678, 90, 0, 0.463387, 

308.678, 91, 0, 0.463387, 

308.678, 92, 0, 0.463387, 

308.678, 93, 0, 0.463387, 

308.678, 94, 0, 0.463387, 

308.678, 95, 0, 0.463387, 

308.678, 96, 0, 0.463387, 

308.678, 97, 0, 0.463387, 

308.678, 98, 0, 0.463387, 

308.678, 99, 0, 0.463387, 

308.678, 100, 0, 0.463387, 

308.678, 101, 0, 0.463387, 

308.678, 102, 0, 0.463387, 

308.678, 103, 0, 0.463387, 

308.678, 104, 0, 0.463387, 

308.678, 105, 0, 0.463387, 

308.678, 106, 0, 0.463387, 

308.678, 107, 0, 0.463387, 

308.678, 108, 0, 0.463387, 

308.678, 109, 0, 0.463387, 

308.678, 110, 0, 0.463387, 

308.678, 111, 0, 0.463387, 

308.678, 112, 0, 0.463387, 

308.678, 113, 0, 0.463387, 

308.678, 114, 0, 0.463387, 

308.678, 115, 0, 0.463387, 

308.678, 116, 0, 0.463387, 

308.678, 117, 0, 0.463387, 

308.678, 118, 0, 0.463387, 

308.678, 119, 0, 0.463387, 

310.836, 0, 0, 0.463387, 

310.836, 1, 0, 0.463387, 

310.836, 2, 0, 0.463387, 

310.836, 3, 0, 0.463387, 

310.836, 4, 0, 0.463387, 

310.836, 5, 0, 0.463387, 

310.836, 6, 0, 0.463387, 

310.836, 7, 0, 0.463387, 

310.836, 8, 0, 0.463387, 

310.836, 9, 0, 0.463387, 

310.836, 10, 0, 0.463387, 

310.836, 11, 0, 0.463387, 

310.836, 12, 0, 0.463387, 

310.836, 13, 0, 0.463387, 

310.836, 14, 0, 0.463387, 

310.836, 15, 0, 0.463387, 

310.836, 16, 0, 0.463387, 

310.836, 17, 0, 0.463387, 

310.836, 18, 0, 0.463387, 

310.836, 19, 0, 0.463387, 

310.836, 20, 0, 0.463387, 

310.836, 21, 0, 0.463387, 

310.836, 22, 0, 0.463387, 

310.836, 23, 0, 0.463387, 

310.836, 24, 0, 0.463387, 

310.836, 25, 0, 0.463387, 

310.836, 26, 0, 0.463387, 

310.836, 27, 0, 0.463387, 

310.836, 28, 0, 0.463387, 

310.836, 29, 0, 0.463387, 

310.836, 30, 0, 0.463387, 

310.836, 31, 0, 0.463387, 

310.836, 32, 0, 0.463387, 

310.836, 33, 0, 0.463387, 

310.836, 34, 0, 0.463387, 

310.836, 35, 0, 0.463387, 

310.836, 36, 0, 0.463387, 

310.836, 37, 0, 0.463387, 

310.836, 38, 0, 0.463387, 

310.836, 39, 0, 0.463387, 

310.836, 40, 0, 0.463387, 

310.836, 41, 0, 0.463387, 

310.836, 42, 0, 0.463387, 

310.836, 43, 0, 0.463387, 

310.836, 44, 0, 0.463387, 

310.836, 45, 0, 0.463387, 

310.836, 46, 0, 0.463387, 

310.836, 47, 0, 0.463387, 

310.836, 48, 0, 0.463387, 

310.836, 49, 0, 0.463387, 

310.836, 50, 0, 0.463387, 

310.836, 51, 0, 0.463387, 

310.836, 52, 0, 0.463387, 

310.836, 53, 0, 0.463387, 

310.836, 54, 0, 0.463387, 

310.836, 55, 0, 0.463387, 

310.836, 56, 0, 0.463387, 

310.836, 57, 0, 0.463387, 

310.836, 58, 0, 0.463387, 

310.836, 59, 0, 0.463387, 

310.836, 60, 0, 0.463387, 

310.836, 61, 0, 0.463387, 

310.836, 62, 0, 0.463387, 

310.836, 63, 0, 0.463387, 

310.836, 64, 0, 0.463387, 

310.836, 65, 0, 0.463387, 

310.836, 66, 0, 0.463387, 

310.836, 67, 0, 0.463387, 

310.836, 68, 0, 0.463387, 

310.836, 69, 0, 0.463387, 

310.836, 70, 0, 0.463387, 

310.836, 71, 0, 0.463387, 

310.836, 72, 0, 0.463387, 

310.836, 73, 0, 0.463387, 

310.836, 74, 0, 0.463387, 

310.836, 75, 0, 0.463387, 

310.836, 76, 0, 0.463387, 

310.836, 77, 0, 0.463387, 

310.836, 78, 0, 0.463387, 

310.836, 79, 0, 0.463387, 

310.836, 80, 0, 0.463387, 

310.836, 81, 0, 0.463387, 

310.836, 82, 0, 0.463387, 

310.836, 83, 0, 0.463387, 

310.836, 84, 0, 0.463387, 

310.836, 85, 0, 0.463387, 

310.836, 86, 0, 0.463387, 

310.836, 87, 0, 0.463387, 

310.836, 88, 0, 0.463387, 

310.836, 89, 0, 0.463387, 

310.836, 90, 0, 0.463387, 

310.836, 91, 0, 0.463387, 

310.836, 92, 0, 0.463387, 

310.836, 93, 0, 0.463387, 

310.836, 94, 0, 0.463387, 

310.836, 95, 0, 0.463387, 

310.836, 96, 0, 0.463387, 

310.836, 97, 0, 0.463387, 

310.836, 98, 0, 0.463387, 

310.836, 99, 0, 0.463387, 

310.836, 100, 0, 0.463387, 

310.836, 101, 0, 0.463387, 

310.836, 102, 0, 0.463387, 

310.836, 103, 0, 0.463387, 

310.836, 104, 0, 0.463387, 

310.836, 105, 0, 0.463387, 

310.836, 106, 0, 0.463387, 

310.836, 107, 0, 0.463387, 

310.836, 108, 0, 0.463387, 

310.836, 109, 0, 0.463387, 

310.836, 110, 0, 0.463387, 

310.836, 111, 0, 0.463387, 

310.836, 112, 0, 0.463387, 

310.836, 113, 0, 0.463387, 

310.836, 114, 0, 0.463387, 

310.836, 115, 0, 0.463387, 

310.836, 116, 0, 0.463387, 

310.836, 117, 0, 0.463387, 

310.836, 118, 0, 0.463387, 

310.836, 119, 0, 0.463387, 

312.994, 0, 0, 0.463387, 

312.994, 1, 0, 0.463387, 

312.994, 2, 0, 0.463387, 

312.994, 3, 0, 0.463387, 

312.994, 4, 0, 0.463387, 

312.994, 5, 0, 0.463387, 

312.994, 6, 0, 0.463387, 

312.994, 7, 0, 0.463387, 

312.994, 8, 0, 0.463387, 

312.994, 9, 0, 0.463387, 

312.994, 10, 0, 0.463387, 

312.994, 11, 0, 0.463387, 

312.994, 12, 0, 0.463387, 

312.994, 13, 0, 0.463387, 

312.994, 14, 0, 0.463387, 

312.994, 15, 0, 0.463387, 

312.994, 16, 0, 0.463387, 

312.994, 17, 0, 0.463387, 

312.994, 18, 0, 0.463387, 

312.994, 19, 0, 0.463387, 

312.994, 20, 0, 0.463387, 

312.994, 21, 0, 0.463387, 

312.994, 22, 0, 0.463387, 

312.994, 23, 0, 0.463387, 

312.994, 24, 0, 0.463387, 

312.994, 25, 0, 0.463387, 

312.994, 26, 0, 0.463387, 

312.994, 27, 0, 0.463387, 

312.994, 28, 0, 0.463387, 

312.994, 29, 0, 0.463387, 

312.994, 30, 0, 0.463387, 

312.994, 31, 0, 0.463387, 

312.994, 32, 0, 0.463387, 

312.994, 33, 0, 0.463387, 

312.994, 34, 0, 0.463387, 

312.994, 35, 0, 0.463387, 

312.994, 36, 0, 0.463387, 

312.994, 37, 0, 0.463387, 

312.994, 38, 0, 0.463387, 

312.994, 39, 0, 0.463387, 

312.994, 40, 0, 0.463387, 

312.994, 41, 0, 0.463387, 

312.994, 42, 0, 0.463387, 

312.994, 43, 0, 0.463387, 

312.994, 44, 0, 0.463387, 

312.994, 45, 0, 0.463387, 

312.994, 46, 0, 0.463387, 

312.994, 47, 0, 0.463387, 

312.994, 48, 0, 0.463387, 

312.994, 49, 0, 0.463387, 

312.994, 50, 0, 0.463387, 

312.994, 51, 0, 0.463387, 

312.994, 52, 0, 0.463387, 

312.994, 53, 0, 0.463387, 

312.994, 54, 0, 0.463387, 

312.994, 55, 0, 0.463387, 

312.994, 56, 0, 0.463387, 

312.994, 57, 0, 0.463387, 

312.994, 58, 0, 0.463387, 

312.994, 59, 0, 0.463387, 

312.994, 60, 0, 0.463387, 

312.994, 61, 0, 0.463387, 

312.994, 62, 0, 0.463387, 

312.994, 63, 0, 0.463387, 

312.994, 64, 0, 0.463387, 

312.994, 65, 0, 0.463387, 

312.994, 66, 0, 0.463387, 

312.994, 67, 0, 0.463387, 

312.994, 68, 0, 0.463387, 

312.994, 69, 0, 0.463387, 

312.994, 70, 0, 0.463387, 

312.994, 71, 0, 0.463387, 

312.994, 72, 0, 0.463387, 

312.994, 73, 0, 0.463387, 

312.994, 74, 0, 0.463387, 

312.994, 75, 0, 0.463387, 

312.994, 76, 0, 0.463387, 

312.994, 77, 0, 0.463387, 

312.994, 78, 0, 0.463387, 

312.994, 79, 0, 0.463387, 

312.994, 80, 0, 0.463387, 

312.994, 81, 0, 0.463387, 

312.994, 82, 0, 0.463387, 

312.994, 83, 0, 0.463387, 

312.994, 84, 0, 0.463387, 

312.994, 85, 0, 0.463387, 

312.994, 86, 0, 0.463387, 

312.994, 87, 0, 0.463387, 

312.994, 88, 0, 0.463387, 

312.994, 89, 0, 0.463387, 

312.994, 90, 0, 0.463387, 

312.994, 91, 0, 0.463387, 

312.994, 92, 0, 0.463387, 

312.994, 93, 0, 0.463387, 

312.994, 94, 0, 0.463387, 

312.994, 95, 0, 0.463387, 

312.994, 96, 0, 0.463387, 

312.994, 97, 0, 0.463387, 

312.994, 98, 0, 0.463387, 

312.994, 99, 0, 0.463387, 

312.994, 100, 0, 0.463387, 

312.994, 101, 0, 0.463387, 

312.994, 102, 0, 0.463387, 

312.994, 103, 0, 0.463387, 

312.994, 104, 0, 0.463387, 

312.994, 105, 0, 0.463387, 

312.994, 106, 0, 0.463387, 

312.994, 107, 0, 0.463387, 

312.994, 108, 0, 0.463387, 

312.994, 109, 0, 0.463387, 

312.994, 110, 0, 0.463387, 

312.994, 111, 0, 0.463387, 

312.994, 112, 0, 0.463387, 

312.994, 113, 0, 0.463387, 

312.994, 114, 0, 0.463387, 

312.994, 115, 0, 0.463387, 

312.994, 116, 0, 0.463387, 

312.994, 117, 0, 0.463387, 

312.994, 118, 0, 0.463387, 

312.994, 119, 0, 0.463387, 

315.151, 0, 0, 0.463387, 

315.151, 1, 0, 0.463387, 

315.151, 2, 0, 0.463387, 

315.151, 3, 0, 0.463387, 

315.151, 4, 0, 0.463387, 

315.151, 5, 0, 0.463387, 

315.151, 6, 0, 0.463387, 

315.151, 7, 0, 0.463387, 

315.151, 8, 0, 0.463387, 

315.151, 9, 0, 0.463387, 

315.151, 10, 0, 0.463387, 

315.151, 11, 0, 0.463387, 

315.151, 12, 0, 0.463387, 

315.151, 13, 0, 0.463387, 

315.151, 14, 0, 0.463387, 

315.151, 15, 0, 0.463387, 

315.151, 16, 0, 0.463387, 

315.151, 17, 0, 0.463387, 

315.151, 18, 0, 0.463387, 

315.151, 19, 0, 0.463387, 

315.151, 20, 0, 0.463387, 

315.151, 21, 0, 0.463387, 

315.151, 22, 0, 0.463387, 

315.151, 23, 0, 0.463387, 

315.151, 24, 0, 0.463387, 

315.151, 25, 0, 0.463387, 

315.151, 26, 0, 0.463387, 

315.151, 27, 0, 0.463387, 

315.151, 28, 0, 0.463387, 

315.151, 29, 0, 0.463387, 

315.151, 30, 0, 0.463387, 

315.151, 31, 0, 0.463387, 

315.151, 32, 0, 0.463387, 

315.151, 33, 0, 0.463387, 

315.151, 34, 0, 0.463387, 

315.151, 35, 0, 0.463387, 

315.151, 36, 0, 0.463387, 

315.151, 37, 0, 0.463387, 

315.151, 38, 0, 0.463387, 

315.151, 39, 0, 0.463387, 

315.151, 40, 0, 0.463387, 

315.151, 41, 0, 0.463387, 

315.151, 42, 0, 0.463387, 

315.151, 43, 0, 0.463387, 

315.151, 44, 0, 0.463387, 

315.151, 45, 0, 0.463387, 

315.151, 46, 0, 0.463387, 

315.151, 47, 0, 0.463387, 

315.151, 48, 0, 0.463387, 

315.151, 49, 0, 0.463387, 

315.151, 50, 0, 0.463387, 

315.151, 51, 0, 0.463387, 

315.151, 52, 0, 0.463387, 

315.151, 53, 0, 0.463387, 

315.151, 54, 0, 0.463387, 

315.151, 55, 0, 0.463387, 

315.151, 56, 0, 0.463387, 

315.151, 57, 0, 0.463387, 

315.151, 58, 0, 0.463387, 

315.151, 59, 0, 0.463387, 

315.151, 60, 0, 0.463387, 

315.151, 61, 0, 0.463387, 

315.151, 62, 0, 0.463387, 

315.151, 63, 0, 0.463387, 

315.151, 64, 0, 0.463387, 

315.151, 65, 0, 0.463387, 

315.151, 66, 0, 0.463387, 

315.151, 67, 0, 0.463387, 

315.151, 68, 0, 0.463387, 

315.151, 69, 0, 0.463387, 

315.151, 70, 0, 0.463387, 

315.151, 71, 0, 0.463387, 

315.151, 72, 0, 0.463387, 

315.151, 73, 0, 0.463387, 

315.151, 74, 0, 0.463387, 

315.151, 75, 0, 0.463387, 

315.151, 76, 0, 0.463387, 

315.151, 77, 0, 0.463387, 

315.151, 78, 0, 0.463387, 

315.151, 79, 0, 0.463387, 

315.151, 80, 0, 0.463387, 

315.151, 81, 0, 0.463387, 

315.151, 82, 0, 0.463387, 

315.151, 83, 0, 0.463387, 

315.151, 84, 0, 0.463387, 

315.151, 85, 0, 0.463387, 

315.151, 86, 0, 0.463387, 

315.151, 87, 0, 0.463387, 

315.151, 88, 0, 0.463387, 

315.151, 89, 0, 0.463387, 

315.151, 90, 0, 0.463387, 

315.151, 91, 0, 0.463387, 

315.151, 92, 0, 0.463387, 

315.151, 93, 0, 0.463387, 

315.151, 94, 0, 0.463387, 

315.151, 95, 0, 0.463387, 

315.151, 96, 0, 0.463387, 

315.151, 97, 0, 0.463387, 

315.151, 98, 0, 0.463387, 

315.151, 99, 0, 0.463387, 

315.151, 100, 0, 0.463387, 

315.151, 101, 0, 0.463387, 

315.151, 102, 0, 0.463387, 

315.151, 103, 0, 0.463387, 

315.151, 104, 0, 0.463387, 

315.151, 105, 0, 0.463387, 

315.151, 106, 0, 0.463387, 

315.151, 107, 0, 0.463387, 

315.151, 108, 0, 0.463387, 

315.151, 109, 0, 0.463387, 

315.151, 110, 0, 0.463387, 

315.151, 111, 0, 0.463387, 

315.151, 112, 0, 0.463387, 

315.151, 113, 0, 0.463387, 

315.151, 114, 0, 0.463387, 

315.151, 115, 0, 0.463387, 

315.151, 116, 0, 0.463387, 

315.151, 117, 0, 0.463387, 

315.151, 118, 0, 0.463387, 

315.151, 119, 0, 0.463387, 

317.309, 0, 0, 0.463387, 

317.309, 1, 0, 0.463387, 

317.309, 2, 0, 0.463387, 

317.309, 3, 0, 0.463387, 

317.309, 4, 0, 0.463387, 

317.309, 5, 0, 0.463387, 

317.309, 6, 0, 0.463387, 

317.309, 7, 0, 0.463387, 

317.309, 8, 0, 0.463387, 

317.309, 9, 0, 0.463387, 

317.309, 10, 0, 0.463387, 

317.309, 11, 0, 0.463387, 

317.309, 12, 0, 0.463387, 

317.309, 13, 0, 0.463387, 

317.309, 14, 0, 0.463387, 

317.309, 15, 0, 0.463387, 

317.309, 16, 0, 0.463387, 

317.309, 17, 0, 0.463387, 

317.309, 18, 0, 0.463387, 

317.309, 19, 0, 0.463387, 

317.309, 20, 0, 0.463387, 

317.309, 21, 0, 0.463387, 

317.309, 22, 0, 0.463387, 

317.309, 23, 0, 0.463387, 

317.309, 24, 0, 0.463387, 

317.309, 25, 0, 0.463387, 

317.309, 26, 0, 0.463387, 

317.309, 27, 0, 0.463387, 

317.309, 28, 0, 0.463387, 

317.309, 29, 0, 0.463387, 

317.309, 30, 0, 0.463387, 

317.309, 31, 0, 0.463387, 

317.309, 32, 0, 0.463387, 

317.309, 33, 0, 0.463387, 

317.309, 34, 0, 0.463387, 

317.309, 35, 0, 0.463387, 

317.309, 36, 0, 0.463387, 

317.309, 37, 0, 0.463387, 

317.309, 38, 0, 0.463387, 

317.309, 39, 0, 0.463387, 

317.309, 40, 0, 0.463387, 

317.309, 41, 0, 0.463387, 

317.309, 42, 0, 0.463387, 

317.309, 43, 0, 0.463387, 

317.309, 44, 0, 0.463387, 

317.309, 45, 0, 0.463387, 

317.309, 46, 0, 0.463387, 

317.309, 47, 0, 0.463387, 

317.309, 48, 0, 0.463387, 

317.309, 49, 0, 0.463387, 

317.309, 50, 0, 0.463387, 

317.309, 51, 0, 0.463387, 

317.309, 52, 0, 0.463387, 

317.309, 53, 0, 0.463387, 

317.309, 54, 0, 0.463387, 

317.309, 55, 0, 0.463387, 

317.309, 56, 0, 0.463387, 

317.309, 57, 0, 0.463387, 

317.309, 58, 0, 0.463387, 

317.309, 59, 0, 0.463387, 

317.309, 60, 0, 0.463387, 

317.309, 61, 0, 0.463387, 

317.309, 62, 0, 0.463387, 

317.309, 63, 0, 0.463387, 

317.309, 64, 0, 0.463387, 

317.309, 65, 0, 0.463387, 

317.309, 66, 0, 0.463387, 

317.309, 67, 0, 0.463387, 

317.309, 68, 0, 0.463387, 

317.309, 69, 0, 0.463387, 

317.309, 70, 0, 0.463387, 

317.309, 71, 0, 0.463387, 

317.309, 72, 0, 0.463387, 

317.309, 73, 0, 0.463387, 

317.309, 74, 0, 0.463387, 

317.309, 75, 0, 0.463387, 

317.309, 76, 0, 0.463387, 

317.309, 77, 0, 0.463387, 

317.309, 78, 0, 0.463387, 

317.309, 79, 0, 0.463387, 

317.309, 80, 0, 0.463387, 

317.309, 81, 0, 0.463387, 

317.309, 82, 0, 0.463387, 

317.309, 83, 0, 0.463387, 

317.309, 84, 0, 0.463387, 

317.309, 85, 0, 0.463387, 

317.309, 86, 0, 0.463387, 

317.309, 87, 0, 0.463387, 

317.309, 88, 0, 0.463387, 

317.309, 89, 0, 0.463387, 

317.309, 90, 0, 0.463387, 

317.309, 91, 0, 0.463387, 

317.309, 92, 0, 0.463387, 

317.309, 93, 0, 0.463387, 

317.309, 94, 0, 0.463387, 

317.309, 95, 0, 0.463387, 

317.309, 96, 0, 0.463387, 

317.309, 97, 0, 0.463387, 

317.309, 98, 0, 0.463387, 

317.309, 99, 0, 0.463387, 

317.309, 100, 0, 0.463387, 

317.309, 101, 0, 0.463387, 

317.309, 102, 0, 0.463387, 

317.309, 103, 0, 0.463387, 

317.309, 104, 0, 0.463387, 

317.309, 105, 0, 0.463387, 

317.309, 106, 0, 0.463387, 

317.309, 107, 0, 0.463387, 

317.309, 108, 0, 0.463387, 

317.309, 109, 0, 0.463387, 

317.309, 110, 0, 0.463387, 

317.309, 111, 0, 0.463387, 

317.309, 112, 0, 0.463387, 

317.309, 113, 0, 0.463387, 

317.309, 114, 0, 0.463387, 

317.309, 115, 0, 0.463387, 

317.309, 116, 0, 0.463387, 

317.309, 117, 0, 0.463387, 

317.309, 118, 0, 0.463387, 

317.309, 119, 0, 0.463387, 

319.467, 0, 0, 0.463387, 

319.467, 1, 0, 0.463387, 

319.467, 2, 0, 0.463387, 

319.467, 3, 0, 0.463387, 

319.467, 4, 0, 0.463387, 

319.467, 5, 0, 0.463387, 

319.467, 6, 0, 0.463387, 

319.467, 7, 0, 0.463387, 

319.467, 8, 0, 0.463387, 

319.467, 9, 0, 0.463387, 

319.467, 10, 0, 0.463387, 

319.467, 11, 0, 0.463387, 

319.467, 12, 0, 0.463387, 

319.467, 13, 0, 0.463387, 

319.467, 14, 0, 0.463387, 

319.467, 15, 0, 0.463387, 

319.467, 16, 0, 0.463387, 

319.467, 17, 0, 0.463387, 

319.467, 18, 0, 0.463387, 

319.467, 19, 0, 0.463387, 

319.467, 20, 0, 0.463387, 

319.467, 21, 0, 0.463387, 

319.467, 22, 0, 0.463387, 

319.467, 23, 0, 0.463387, 

319.467, 24, 0, 0.463387, 

319.467, 25, 0, 0.463387, 

319.467, 26, 0, 0.463387, 

319.467, 27, 0, 0.463387, 

319.467, 28, 0, 0.463387, 

319.467, 29, 0, 0.463387, 

319.467, 30, 0, 0.463387, 

319.467, 31, 0, 0.463387, 

319.467, 32, 0, 0.463387, 

319.467, 33, 0, 0.463387, 

319.467, 34, 0, 0.463387, 

319.467, 35, 0, 0.463387, 

319.467, 36, 0, 0.463387, 

319.467, 37, 0, 0.463387, 

319.467, 38, 0, 0.463387, 

319.467, 39, 0, 0.463387, 

319.467, 40, 0, 0.463387, 

319.467, 41, 0, 0.463387, 

319.467, 42, 0, 0.463387, 

319.467, 43, 0, 0.463387, 

319.467, 44, 0, 0.463387, 

319.467, 45, 0, 0.463387, 

319.467, 46, 0, 0.463387, 

319.467, 47, 0, 0.463387, 

319.467, 48, 0, 0.463387, 

319.467, 49, 0, 0.463387, 

319.467, 50, 0, 0.463387, 

319.467, 51, 0, 0.463387, 

319.467, 52, 0, 0.463387, 

319.467, 53, 0, 0.463387, 

319.467, 54, 0, 0.463387, 

319.467, 55, 0, 0.463387, 

319.467, 56, 0, 0.463387, 

319.467, 57, 0, 0.463387, 

319.467, 58, 0, 0.463387, 

319.467, 59, 0, 0.463387, 

319.467, 60, 0, 0.463387, 

319.467, 61, 0, 0.463387, 

319.467, 62, 0, 0.463387, 

319.467, 63, 0, 0.463387, 

319.467, 64, 0, 0.463387, 

319.467, 65, 0, 0.463387, 

319.467, 66, 0, 0.463387, 

319.467, 67, 0, 0.463387, 

319.467, 68, 0, 0.463387, 

319.467, 69, 0, 0.463387, 

319.467, 70, 0, 0.463387, 

319.467, 71, 0, 0.463387, 

319.467, 72, 0, 0.463387, 

319.467, 73, 0, 0.463387, 

319.467, 74, 0, 0.463387, 

319.467, 75, 0, 0.463387, 

319.467, 76, 0, 0.463387, 

319.467, 77, 0, 0.463387, 

319.467, 78, 0, 0.463387, 

319.467, 79, 0, 0.463387, 

319.467, 80, 0, 0.463387, 

319.467, 81, 0, 0.463387, 

319.467, 82, 0, 0.463387, 

319.467, 83, 0, 0.463387, 

319.467, 84, 0, 0.463387, 

319.467, 85, 0, 0.463387, 

319.467, 86, 0, 0.463387, 

319.467, 87, 0, 0.463387, 

319.467, 88, 0, 0.463387, 

319.467, 89, 0, 0.463387, 

319.467, 90, 0, 0.463387, 

319.467, 91, 0, 0.463387, 

319.467, 92, 0, 0.463387, 

319.467, 93, 0, 0.463387, 

319.467, 94, 0, 0.463387, 

319.467, 95, 0, 0.463387, 

319.467, 96, 0, 0.463387, 

319.467, 97, 0, 0.463387, 

319.467, 98, 0, 0.463387, 

319.467, 99, 0, 0.463387, 

319.467, 100, 0, 0.463387, 

319.467, 101, 0, 0.463387, 

319.467, 102, 0, 0.463387, 

319.467, 103, 0, 0.463387, 

319.467, 104, 0, 0.463387, 

319.467, 105, 0, 0.463387, 

319.467, 106, 0, 0.463387, 

319.467, 107, 0, 0.463387, 

319.467, 108, 0, 0.463387, 

319.467, 109, 0, 0.463387, 

319.467, 110, 0, 0.463387, 

319.467, 111, 0, 0.463387, 

319.467, 112, 0, 0.463387, 

319.467, 113, 0, 0.463387, 

319.467, 114, 0, 0.463387, 

319.467, 115, 0, 0.463387, 

319.467, 116, 0, 0.463387, 

319.467, 117, 0, 0.463387, 

319.467, 118, 0, 0.463387, 

319.467, 119, 0, 0.463387, 

321.625, 0, 0, 0.463387, 

321.625, 1, 0, 0.463387, 

321.625, 2, 0, 0.463387, 

321.625, 3, 0, 0.463387, 

321.625, 4, 0, 0.463387, 

321.625, 5, 0, 0.463387, 

321.625, 6, 0, 0.463387, 

321.625, 7, 0, 0.463387, 

321.625, 8, 0, 0.463387, 

321.625, 9, 0, 0.463387, 

321.625, 10, 0, 0.463387, 

321.625, 11, 0, 0.463387, 

321.625, 12, 0, 0.463387, 

321.625, 13, 0, 0.463387, 

321.625, 14, 0, 0.463387, 

321.625, 15, 0, 0.463387, 

321.625, 16, 0, 0.463387, 

321.625, 17, 0, 0.463387, 

321.625, 18, 0, 0.463387, 

321.625, 19, 0, 0.463387, 

321.625, 20, 0, 0.463387, 

321.625, 21, 0, 0.463387, 

321.625, 22, 0, 0.463387, 

321.625, 23, 0, 0.463387, 

321.625, 24, 0, 0.463387, 

321.625, 25, 0, 0.463387, 

321.625, 26, 0, 0.463387, 

321.625, 27, 0, 0.463387, 

321.625, 28, 0, 0.463387, 

321.625, 29, 0, 0.463387, 

321.625, 30, 0, 0.463387, 

321.625, 31, 0, 0.463387, 

321.625, 32, 0, 0.463387, 

321.625, 33, 0, 0.463387, 

321.625, 34, 0, 0.463387, 

321.625, 35, 0, 0.463387, 

321.625, 36, 0, 0.463387, 

321.625, 37, 0, 0.463387, 

321.625, 38, 0, 0.463387, 

321.625, 39, 0, 0.463387, 

321.625, 40, 0, 0.463387, 

321.625, 41, 0, 0.463387, 

321.625, 42, 0, 0.463387, 

321.625, 43, 0, 0.463387, 

321.625, 44, 0, 0.463387, 

321.625, 45, 0, 0.463387, 

321.625, 46, 0, 0.463387, 

321.625, 47, 0, 0.463387, 

321.625, 48, 0, 0.463387, 

321.625, 49, 0, 0.463387, 

321.625, 50, 0, 0.463387, 

321.625, 51, 0, 0.463387, 

321.625, 52, 0, 0.463387, 

321.625, 53, 0, 0.463387, 

321.625, 54, 0, 0.463387, 

321.625, 55, 0, 0.463387, 

321.625, 56, 0, 0.463387, 

321.625, 57, 0, 0.463387, 

321.625, 58, 0, 0.463387, 

321.625, 59, 0, 0.463387, 

321.625, 60, 0, 0.463387, 

321.625, 61, 0, 0.463387, 

321.625, 62, 0, 0.463387, 

321.625, 63, 0, 0.463387, 

321.625, 64, 0, 0.463387, 

321.625, 65, 0, 0.463387, 

321.625, 66, 0, 0.463387, 

321.625, 67, 0, 0.463387, 

321.625, 68, 0, 0.463387, 

321.625, 69, 0, 0.463387, 

321.625, 70, 0, 0.463387, 

321.625, 71, 0, 0.463387, 

321.625, 72, 0, 0.463387, 

321.625, 73, 0, 0.463387, 

321.625, 74, 0, 0.463387, 

321.625, 75, 0, 0.463387, 

321.625, 76, 0, 0.463387, 

321.625, 77, 0, 0.463387, 

321.625, 78, 0, 0.463387, 

321.625, 79, 0, 0.463387, 

321.625, 80, 0, 0.463387, 

321.625, 81, 0, 0.463387, 

321.625, 82, 0, 0.463387, 

321.625, 83, 0, 0.463387, 

321.625, 84, 0, 0.463387, 

321.625, 85, 0, 0.463387, 

321.625, 86, 0, 0.463387, 

321.625, 87, 0, 0.463387, 

321.625, 88, 0, 0.463387, 

321.625, 89, 0, 0.463387, 

321.625, 90, 0, 0.463387, 

321.625, 91, 0, 0.463387, 

321.625, 92, 0, 0.463387, 

321.625, 93, 0, 0.463387, 

321.625, 94, 0, 0.463387, 

321.625, 95, 0, 0.463387, 

321.625, 96, 0, 0.463387, 

321.625, 97, 0, 0.463387, 

321.625, 98, 0, 0.463387, 

321.625, 99, 0, 0.463387, 

321.625, 100, 0, 0.463387, 

321.625, 101, 0, 0.463387, 

321.625, 102, 0, 0.463387, 

321.625, 103, 0, 0.463387, 

321.625, 104, 0, 0.463387, 

321.625, 105, 0, 0.463387, 

321.625, 106, 0, 0.463387, 

321.625, 107, 0, 0.463387, 

321.625, 108, 0, 0.463387, 

321.625, 109, 0, 0.463387, 

321.625, 110, 0, 0.463387, 

321.625, 111, 0, 0.463387, 

321.625, 112, 0, 0.463387, 

321.625, 113, 0, 0.463387, 

321.625, 114, 0, 0.463387, 

321.625, 115, 0, 0.463387, 

321.625, 116, 0, 0.463387, 

321.625, 117, 0, 0.463387, 

321.625, 118, 0, 0.463387, 

321.625, 119, 0, 0.463387, 

323.783, 0, 0, 0.463387, 

323.783, 1, 0, 0.463387, 

323.783, 2, 0, 0.463387, 

323.783, 3, 0, 0.463387, 

323.783, 4, 0, 0.463387, 

323.783, 5, 0, 0.463387, 

323.783, 6, 0, 0.463387, 

323.783, 7, 0, 0.463387, 

323.783, 8, 0, 0.463387, 

323.783, 9, 0, 0.463387, 

323.783, 10, 0, 0.463387, 

323.783, 11, 0, 0.463387, 

323.783, 12, 0, 0.463387, 

323.783, 13, 0, 0.463387, 

323.783, 14, 0, 0.463387, 

323.783, 15, 0, 0.463387, 

323.783, 16, 0, 0.463387, 

323.783, 17, 0, 0.463387, 

323.783, 18, 0, 0.463387, 

323.783, 19, 0, 0.463387, 

323.783, 20, 0, 0.463387, 

323.783, 21, 0, 0.463387, 

323.783, 22, 0, 0.463387, 

323.783, 23, 0, 0.463387, 

323.783, 24, 0, 0.463387, 

323.783, 25, 0, 0.463387, 

323.783, 26, 0, 0.463387, 

323.783, 27, 0, 0.463387, 

323.783, 28, 0, 0.463387, 

323.783, 29, 0, 0.463387, 

323.783, 30, 0, 0.463387, 

323.783, 31, 0, 0.463387, 

323.783, 32, 0, 0.463387, 

323.783, 33, 0, 0.463387, 

323.783, 34, 0, 0.463387, 

323.783, 35, 0, 0.463387, 

323.783, 36, 0, 0.463387, 

323.783, 37, 0, 0.463387, 

323.783, 38, 0, 0.463387, 

323.783, 39, 0, 0.463387, 

323.783, 40, 0, 0.463387, 

323.783, 41, 0, 0.463387, 

323.783, 42, 0, 0.463387, 

323.783, 43, 0, 0.463387, 

323.783, 44, 0, 0.463387, 

323.783, 45, 0, 0.463387, 

323.783, 46, 0, 0.463387, 

323.783, 47, 0, 0.463387, 

323.783, 48, 0, 0.463387, 

323.783, 49, 0, 0.463387, 

323.783, 50, 0, 0.463387, 

323.783, 51, 0, 0.463387, 

323.783, 52, 0, 0.463387, 

323.783, 53, 0, 0.463387, 

323.783, 54, 0, 0.463387, 

323.783, 55, 0, 0.463387, 

323.783, 56, 0, 0.463387, 

323.783, 57, 0, 0.463387, 

323.783, 58, 0, 0.463387, 

323.783, 59, 0, 0.463387, 

323.783, 60, 0, 0.463387, 

323.783, 61, 0, 0.463387, 

323.783, 62, 0, 0.463387, 

323.783, 63, 0, 0.463387, 

323.783, 64, 0, 0.463387, 

323.783, 65, 0, 0.463387, 

323.783, 66, 0, 0.463387, 

323.783, 67, 0, 0.463387, 

323.783, 68, 0, 0.463387, 

323.783, 69, 0, 0.463387, 

323.783, 70, 0, 0.463387, 

323.783, 71, 0, 0.463387, 

323.783, 72, 0, 0.463387, 

323.783, 73, 0, 0.463387, 

323.783, 74, 0, 0.463387, 

323.783, 75, 0, 0.463387, 

323.783, 76, 0, 0.463387, 

323.783, 77, 0, 0.463387, 

323.783, 78, 0, 0.463387, 

323.783, 79, 0, 0.463387, 

323.783, 80, 0, 0.463387, 

323.783, 81, 0, 0.463387, 

323.783, 82, 0, 0.463387, 

323.783, 83, 0, 0.463387, 

323.783, 84, 0, 0.463387, 

323.783, 85, 0, 0.463387, 

323.783, 86, 0, 0.463387, 

323.783, 87, 0, 0.463387, 

323.783, 88, 0, 0.463387, 

323.783, 89, 0, 0.463387, 

323.783, 90, 0, 0.463387, 

323.783, 91, 0, 0.463387, 

323.783, 92, 0, 0.463387, 

323.783, 93, 0, 0.463387, 

323.783, 94, 0, 0.463387, 

323.783, 95, 0, 0.463387, 

323.783, 96, 0, 0.463387, 

323.783, 97, 0, 0.463387, 

323.783, 98, 0, 0.463387, 

323.783, 99, 0, 0.463387, 

323.783, 100, 0, 0.463387, 

323.783, 101, 0, 0.463387, 

323.783, 102, 0, 0.463387, 

323.783, 103, 0, 0.463387, 

323.783, 104, 0, 0.463387, 

323.783, 105, 0, 0.463387, 

323.783, 106, 0, 0.463387, 

323.783, 107, 0, 0.463387, 

323.783, 108, 0, 0.463387, 

323.783, 109, 0, 0.463387, 

323.783, 110, 0, 0.463387, 

323.783, 111, 0, 0.463387, 

323.783, 112, 0, 0.463387, 

323.783, 113, 0, 0.463387, 

323.783, 114, 0, 0.463387, 

323.783, 115, 0, 0.463387, 

323.783, 116, 0, 0.463387, 

323.783, 117, 0, 0.463387, 

323.783, 118, 0, 0.463387, 

323.783, 119, 0, 0.463387, 

325.941, 0, 0, 0.463387, 

325.941, 1, 0, 0.463387, 

325.941, 2, 0, 0.463387, 

325.941, 3, 0, 0.463387, 

325.941, 4, 0, 0.463387, 

325.941, 5, 0, 0.463387, 

325.941, 6, 0, 0.463387, 

325.941, 7, 0, 0.463387, 

325.941, 8, 0, 0.463387, 

325.941, 9, 0, 0.463387, 

325.941, 10, 0, 0.463387, 

325.941, 11, 0, 0.463387, 

325.941, 12, 0, 0.463387, 

325.941, 13, 0, 0.463387, 

325.941, 14, 0, 0.463387, 

325.941, 15, 0, 0.463387, 

325.941, 16, 0, 0.463387, 

325.941, 17, 0, 0.463387, 

325.941, 18, 0, 0.463387, 

325.941, 19, 0, 0.463387, 

325.941, 20, 0, 0.463387, 

325.941, 21, 0, 0.463387, 

325.941, 22, 0, 0.463387, 

325.941, 23, 0, 0.463387, 

325.941, 24, 0, 0.463387, 

325.941, 25, 0, 0.463387, 

325.941, 26, 0, 0.463387, 

325.941, 27, 0, 0.463387, 

325.941, 28, 0, 0.463387, 

325.941, 29, 0, 0.463387, 

325.941, 30, 0, 0.463387, 

325.941, 31, 0, 0.463387, 

325.941, 32, 0, 0.463387, 

325.941, 33, 0, 0.463387, 

325.941, 34, 0, 0.463387, 

325.941, 35, 0, 0.463387, 

325.941, 36, 0, 0.463387, 

325.941, 37, 0, 0.463387, 

325.941, 38, 0, 0.463387, 

325.941, 39, 0, 0.463387, 

325.941, 40, 0, 0.463387, 

325.941, 41, 0, 0.463387, 

325.941, 42, 0, 0.463387, 

325.941, 43, 0, 0.463387, 

325.941, 44, 0, 0.463387, 

325.941, 45, 0, 0.463387, 

325.941, 46, 0, 0.463387, 

325.941, 47, 0, 0.463387, 

325.941, 48, 0, 0.463387, 

325.941, 49, 0, 0.463387, 

325.941, 50, 0, 0.463387, 

325.941, 51, 0, 0.463387, 

325.941, 52, 0, 0.463387, 

325.941, 53, 0, 0.463387, 

325.941, 54, 0, 0.463387, 

325.941, 55, 0, 0.463387, 

325.941, 56, 0, 0.463387, 

325.941, 57, 0, 0.463387, 

325.941, 58, 0, 0.463387, 

325.941, 59, 0, 0.463387, 

325.941, 60, 0, 0.463387, 

325.941, 61, 0, 0.463387, 

325.941, 62, 0, 0.463387, 

325.941, 63, 0, 0.463387, 

325.941, 64, 0, 0.463387, 

325.941, 65, 0, 0.463387, 

325.941, 66, 0, 0.463387, 

325.941, 67, 0, 0.463387, 

325.941, 68, 0, 0.463387, 

325.941, 69, 0, 0.463387, 

325.941, 70, 0, 0.463387, 

325.941, 71, 0, 0.463387, 

325.941, 72, 0, 0.463387, 

325.941, 73, 0, 0.463387, 

325.941, 74, 0, 0.463387, 

325.941, 75, 0, 0.463387, 

325.941, 76, 0, 0.463387, 

325.941, 77, 0, 0.463387, 

325.941, 78, 0, 0.463387, 

325.941, 79, 0, 0.463387, 

325.941, 80, 0, 0.463387, 

325.941, 81, 0, 0.463387, 

325.941, 82, 0, 0.463387, 

325.941, 83, 0, 0.463387, 

325.941, 84, 0, 0.463387, 

325.941, 85, 0, 0.463387, 

325.941, 86, 0, 0.463387, 

325.941, 87, 0, 0.463387, 

325.941, 88, 0, 0.463387, 

325.941, 89, 0, 0.463387, 

325.941, 90, 0, 0.463387, 

325.941, 91, 0, 0.463387, 

325.941, 92, 0, 0.463387, 

325.941, 93, 0, 0.463387, 

325.941, 94, 0, 0.463387, 

325.941, 95, 0, 0.463387, 

325.941, 96, 0, 0.463387, 

325.941, 97, 0, 0.463387, 

325.941, 98, 0, 0.463387, 

325.941, 99, 0, 0.463387, 

325.941, 100, 0, 0.463387, 

325.941, 101, 0, 0.463387, 

325.941, 102, 0, 0.463387, 

325.941, 103, 0, 0.463387, 

325.941, 104, 0, 0.463387, 

325.941, 105, 0, 0.463387, 

325.941, 106, 0, 0.463387, 

325.941, 107, 0, 0.463387, 

325.941, 108, 0, 0.463387, 

325.941, 109, 0, 0.463387, 

325.941, 110, 0, 0.463387, 

325.941, 111, 0, 0.463387, 

325.941, 112, 0, 0.463387, 

325.941, 113, 0, 0.463387, 

325.941, 114, 0, 0.463387, 

325.941, 115, 0, 0.463387, 

325.941, 116, 0, 0.463387, 

325.941, 117, 0, 0.463387, 

325.941, 118, 0, 0.463387, 

325.941, 119, 0, 0.463387, 

328.098, 0, 0, 0.463387, 

328.098, 1, 0, 0.463387, 

328.098, 2, 0, 0.463387, 

328.098, 3, 0, 0.463387, 

328.098, 4, 0, 0.463387, 

328.098, 5, 0, 0.463387, 

328.098, 6, 0, 0.463387, 

328.098, 7, 0, 0.463387, 

328.098, 8, 0, 0.463387, 

328.098, 9, 0, 0.463387, 

328.098, 10, 0, 0.463387, 

328.098, 11, 0, 0.463387, 

328.098, 12, 0, 0.463387, 

328.098, 13, 0, 0.463387, 

328.098, 14, 0, 0.463387, 

328.098, 15, 0, 0.463387, 

328.098, 16, 0, 0.463387, 

328.098, 17, 0, 0.463387, 

328.098, 18, 0, 0.463387, 

328.098, 19, 0, 0.463387, 

328.098, 20, 0, 0.463387, 

328.098, 21, 0, 0.463387, 

328.098, 22, 0, 0.463387, 

328.098, 23, 0, 0.463387, 

328.098, 24, 0, 0.463387, 

328.098, 25, 0, 0.463387, 

328.098, 26, 0, 0.463387, 

328.098, 27, 0, 0.463387, 

328.098, 28, 0, 0.463387, 

328.098, 29, 0, 0.463387, 

328.098, 30, 0, 0.463387, 

328.098, 31, 0, 0.463387, 

328.098, 32, 0, 0.463387, 

328.098, 33, 0, 0.463387, 

328.098, 34, 0, 0.463387, 

328.098, 35, 0, 0.463387, 

328.098, 36, 0, 0.463387, 

328.098, 37, 0, 0.463387, 

328.098, 38, 0, 0.463387, 

328.098, 39, 0, 0.463387, 

328.098, 40, 0, 0.463387, 

328.098, 41, 0, 0.463387, 

328.098, 42, 0, 0.463387, 

328.098, 43, 0, 0.463387, 

328.098, 44, 0, 0.463387, 

328.098, 45, 0, 0.463387, 

328.098, 46, 0, 0.463387, 

328.098, 47, 0, 0.463387, 

328.098, 48, 0, 0.463387, 

328.098, 49, 0, 0.463387, 

328.098, 50, 0, 0.463387, 

328.098, 51, 0, 0.463387, 

328.098, 52, 0, 0.463387, 

328.098, 53, 0, 0.463387, 

328.098, 54, 0, 0.463387, 

328.098, 55, 0, 0.463387, 

328.098, 56, 0, 0.463387, 

328.098, 57, 0, 0.463387, 

328.098, 58, 0, 0.463387, 

328.098, 59, 0, 0.463387, 

328.098, 60, 0, 0.463387, 

328.098, 61, 0, 0.463387, 

328.098, 62, 0, 0.463387, 

328.098, 63, 0, 0.463387, 

328.098, 64, 0, 0.463387, 

328.098, 65, 0, 0.463387, 

328.098, 66, 0, 0.463387, 

328.098, 67, 0, 0.463387, 

328.098, 68, 0, 0.463387, 

328.098, 69, 0, 0.463387, 

328.098, 70, 0, 0.463387, 

328.098, 71, 0, 0.463387, 

328.098, 72, 0, 0.463387, 

328.098, 73, 0, 0.463387, 

328.098, 74, 0, 0.463387, 

328.098, 75, 0, 0.463387, 

328.098, 76, 0, 0.463387, 

328.098, 77, 0, 0.463387, 

328.098, 78, 0, 0.463387, 

328.098, 79, 0, 0.463387, 

328.098, 80, 0, 0.463387, 

328.098, 81, 0, 0.463387, 

328.098, 82, 0, 0.463387, 

328.098, 83, 0, 0.463387, 

328.098, 84, 0, 0.463387, 

328.098, 85, 0, 0.463387, 

328.098, 86, 0, 0.463387, 

328.098, 87, 0, 0.463387, 

328.098, 88, 0, 0.463387, 

328.098, 89, 0, 0.463387, 

328.098, 90, 0, 0.463387, 

328.098, 91, 0, 0.463387, 

328.098, 92, 0, 0.463387, 

328.098, 93, 0, 0.463387, 

328.098, 94, 0, 0.463387, 

328.098, 95, 0, 0.463387, 

328.098, 96, 0, 0.463387, 

328.098, 97, 0, 0.463387, 

328.098, 98, 0, 0.463387, 

328.098, 99, 0, 0.463387, 

328.098, 100, 0, 0.463387, 

328.098, 101, 0, 0.463387, 

328.098, 102, 0, 0.463387, 

328.098, 103, 0, 0.463387, 

328.098, 104, 0, 0.463387, 

328.098, 105, 0, 0.463387, 

328.098, 106, 0, 0.463387, 

328.098, 107, 0, 0.463387, 

328.098, 108, 0, 0.463387, 

328.098, 109, 0, 0.463387, 

328.098, 110, 0, 0.463387, 

328.098, 111, 0, 0.463387, 

328.098, 112, 0, 0.463387, 

328.098, 113, 0, 0.463387, 

328.098, 114, 0, 0.463387, 

328.098, 115, 0, 0.463387, 

328.098, 116, 0, 0.463387, 

328.098, 117, 0, 0.463387, 

328.098, 118, 0, 0.463387, 

328.098, 119, 0, 0.463387, 

330.256, 0, 0, 0.463387, 

330.256, 1, 0, 0.463387, 

330.256, 2, 0, 0.463387, 

330.256, 3, 0, 0.463387, 

330.256, 4, 0, 0.463387, 

330.256, 5, 0, 0.463387, 

330.256, 6, 0, 0.463387, 

330.256, 7, 0, 0.463387, 

330.256, 8, 0, 0.463387, 

330.256, 9, 0, 0.463387, 

330.256, 10, 0, 0.463387, 

330.256, 11, 0, 0.463387, 

330.256, 12, 0, 0.463387, 

330.256, 13, 0, 0.463387, 

330.256, 14, 0, 0.463387, 

330.256, 15, 0, 0.463387, 

330.256, 16, 0, 0.463387, 

330.256, 17, 0, 0.463387, 

330.256, 18, 0, 0.463387, 

330.256, 19, 0, 0.463387, 

330.256, 20, 0, 0.463387, 

330.256, 21, 0, 0.463387, 

330.256, 22, 0, 0.463387, 

330.256, 23, 0, 0.463387, 

330.256, 24, 0, 0.463387, 

330.256, 25, 0, 0.463387, 

330.256, 26, 0, 0.463387, 

330.256, 27, 0, 0.463387, 

330.256, 28, 0, 0.463387, 

330.256, 29, 0, 0.463387, 

330.256, 30, 0, 0.463387, 

330.256, 31, 0, 0.463387, 

330.256, 32, 0, 0.463387, 

330.256, 33, 0, 0.463387, 

330.256, 34, 0, 0.463387, 

330.256, 35, 0, 0.463387, 

330.256, 36, 0, 0.463387, 

330.256, 37, 0, 0.463387, 

330.256, 38, 0, 0.463387, 

330.256, 39, 0, 0.463387, 

330.256, 40, 0, 0.463387, 

330.256, 41, 0, 0.463387, 

330.256, 42, 0, 0.463387, 

330.256, 43, 0, 0.463387, 

330.256, 44, 0, 0.463387, 

330.256, 45, 0, 0.463387, 

330.256, 46, 0, 0.463387, 

330.256, 47, 0, 0.463387, 

330.256, 48, 0, 0.463387, 

330.256, 49, 0, 0.463387, 

330.256, 50, 0, 0.463387, 

330.256, 51, 0, 0.463387, 

330.256, 52, 0, 0.463387, 

330.256, 53, 0, 0.463387, 

330.256, 54, 0, 0.463387, 

330.256, 55, 0, 0.463387, 

330.256, 56, 0, 0.463387, 

330.256, 57, 0, 0.463387, 

330.256, 58, 0, 0.463387, 

330.256, 59, 0, 0.463387, 

330.256, 60, 0, 0.463387, 

330.256, 61, 0, 0.463387, 

330.256, 62, 0, 0.463387, 

330.256, 63, 0, 0.463387, 

330.256, 64, 0, 0.463387, 

330.256, 65, 0, 0.463387, 

330.256, 66, 0, 0.463387, 

330.256, 67, 0, 0.463387, 

330.256, 68, 0, 0.463387, 

330.256, 69, 0, 0.463387, 

330.256, 70, 0, 0.463387, 

330.256, 71, 0, 0.463387, 

330.256, 72, 0, 0.463387, 

330.256, 73, 0, 0.463387, 

330.256, 74, 0, 0.463387, 

330.256, 75, 0, 0.463387, 

330.256, 76, 0, 0.463387, 

330.256, 77, 0, 0.463387, 

330.256, 78, 0, 0.463387, 

330.256, 79, 0, 0.463387, 

330.256, 80, 0, 0.463387, 

330.256, 81, 0, 0.463387, 

330.256, 82, 0, 0.463387, 

330.256, 83, 0, 0.463387, 

330.256, 84, 0, 0.463387, 

330.256, 85, 0, 0.463387, 

330.256, 86, 0, 0.463387, 

330.256, 87, 0, 0.463387, 

330.256, 88, 0, 0.463387, 

330.256, 89, 0, 0.463387, 

330.256, 90, 0, 0.463387, 

330.256, 91, 0, 0.463387, 

330.256, 92, 0, 0.463387, 

330.256, 93, 0, 0.463387, 

330.256, 94, 0, 0.463387, 

330.256, 95, 0, 0.463387, 

330.256, 96, 0, 0.463387, 

330.256, 97, 0, 0.463387, 

330.256, 98, 0, 0.463387, 

330.256, 99, 0, 0.463387, 

330.256, 100, 0, 0.463387, 

330.256, 101, 0, 0.463387, 

330.256, 102, 0, 0.463387, 

330.256, 103, 0, 0.463387, 

330.256, 104, 0, 0.463387, 

330.256, 105, 0, 0.463387, 

330.256, 106, 0, 0.463387, 

330.256, 107, 0, 0.463387, 

330.256, 108, 0, 0.463387, 

330.256, 109, 0, 0.463387, 

330.256, 110, 0, 0.463387, 

330.256, 111, 0, 0.463387, 

330.256, 112, 0, 0.463387, 

330.256, 113, 0, 0.463387, 

330.256, 114, 0, 0.463387, 

330.256, 115, 0, 0.463387, 

330.256, 116, 0, 0.463387, 

330.256, 117, 0, 0.463387, 

330.256, 118, 0, 0.463387, 

330.256, 119, 0, 0.463387, 

332.414, 0, 0, 0.463387, 

332.414, 1, 0, 0.463387, 

332.414, 2, 0, 0.463387, 

332.414, 3, 0, 0.463387, 

332.414, 4, 0, 0.463387, 

332.414, 5, 0, 0.463387, 

332.414, 6, 0, 0.463387, 

332.414, 7, 0, 0.463387, 

332.414, 8, 0, 0.463387, 

332.414, 9, 0, 0.463387, 

332.414, 10, 0, 0.463387, 

332.414, 11, 0, 0.463387, 

332.414, 12, 0, 0.463387, 

332.414, 13, 0, 0.463387, 

332.414, 14, 0, 0.463387, 

332.414, 15, 0, 0.463387, 

332.414, 16, 0, 0.463387, 

332.414, 17, 0, 0.463387, 

332.414, 18, 0, 0.463387, 

332.414, 19, 0, 0.463387, 

332.414, 20, 0, 0.463387, 

332.414, 21, 0, 0.463387, 

332.414, 22, 0, 0.463387, 

332.414, 23, 0, 0.463387, 

332.414, 24, 0, 0.463387, 

332.414, 25, 0, 0.463387, 

332.414, 26, 0, 0.463387, 

332.414, 27, 0, 0.463387, 

332.414, 28, 0, 0.463387, 

332.414, 29, 0, 0.463387, 

332.414, 30, 0, 0.463387, 

332.414, 31, 0, 0.463387, 

332.414, 32, 0, 0.463387, 

332.414, 33, 0, 0.463387, 

332.414, 34, 0, 0.463387, 

332.414, 35, 0, 0.463387, 

332.414, 36, 0, 0.463387, 

332.414, 37, 0, 0.463387, 

332.414, 38, 0, 0.463387, 

332.414, 39, 0, 0.463387, 

332.414, 40, 0, 0.463387, 

332.414, 41, 0, 0.463387, 

332.414, 42, 0, 0.463387, 

332.414, 43, 0, 0.463387, 

332.414, 44, 0, 0.463387, 

332.414, 45, 0, 0.463387, 

332.414, 46, 0, 0.463387, 

332.414, 47, 0, 0.463387, 

332.414, 48, 0, 0.463387, 

332.414, 49, 0, 0.463387, 

332.414, 50, 0, 0.463387, 

332.414, 51, 0, 0.463387, 

332.414, 52, 0, 0.463387, 

332.414, 53, 0, 0.463387, 

332.414, 54, 0, 0.463387, 

332.414, 55, 0, 0.463387, 

332.414, 56, 0, 0.463387, 

332.414, 57, 0, 0.463387, 

332.414, 58, 0, 0.463387, 

332.414, 59, 0, 0.463387, 

332.414, 60, 0, 0.463387, 

332.414, 61, 0, 0.463387, 

332.414, 62, 0, 0.463387, 

332.414, 63, 0, 0.463387, 

332.414, 64, 0, 0.463387, 

332.414, 65, 0, 0.463387, 

332.414, 66, 0, 0.463387, 

332.414, 67, 0, 0.463387, 

332.414, 68, 0, 0.463387, 

332.414, 69, 0, 0.463387, 

332.414, 70, 0, 0.463387, 

332.414, 71, 0, 0.463387, 

332.414, 72, 0, 0.463387, 

332.414, 73, 0, 0.463387, 

332.414, 74, 0, 0.463387, 

332.414, 75, 0, 0.463387, 

332.414, 76, 0, 0.463387, 

332.414, 77, 0, 0.463387, 

332.414, 78, 0, 0.463387, 

332.414, 79, 0, 0.463387, 

332.414, 80, 0, 0.463387, 

332.414, 81, 0, 0.463387, 

332.414, 82, 0, 0.463387, 

332.414, 83, 0, 0.463387, 

332.414, 84, 0, 0.463387, 

332.414, 85, 0, 0.463387, 

332.414, 86, 0, 0.463387, 

332.414, 87, 0, 0.463387, 

332.414, 88, 0, 0.463387, 

332.414, 89, 0, 0.463387, 

332.414, 90, 0, 0.463387, 

332.414, 91, 0, 0.463387, 

332.414, 92, 0, 0.463387, 

332.414, 93, 0, 0.463387, 

332.414, 94, 0, 0.463387, 

332.414, 95, 0, 0.463387, 

332.414, 96, 0, 0.463387, 

332.414, 97, 0, 0.463387, 

332.414, 98, 0, 0.463387, 

332.414, 99, 0, 0.463387, 

332.414, 100, 0, 0.463387, 

332.414, 101, 0, 0.463387, 

332.414, 102, 0, 0.463387, 

332.414, 103, 0, 0.463387, 

332.414, 104, 0, 0.463387, 

332.414, 105, 0, 0.463387, 

332.414, 106, 0, 0.463387, 

332.414, 107, 0, 0.463387, 

332.414, 108, 0, 0.463387, 

332.414, 109, 0, 0.463387, 

332.414, 110, 0, 0.463387, 

332.414, 111, 0, 0.463387, 

332.414, 112, 0, 0.463387, 

332.414, 113, 0, 0.463387, 

332.414, 114, 0, 0.463387, 

332.414, 115, 0, 0.463387, 

332.414, 116, 0, 0.463387, 

332.414, 117, 0, 0.463387, 

332.414, 118, 0, 0.463387, 

332.414, 119, 0, 0.463387, 

334.572, 0, 0, 0.463387, 

334.572, 1, 0, 0.463387, 

334.572, 2, 0, 0.463387, 

334.572, 3, 0, 0.463387, 

334.572, 4, 0, 0.463387, 

334.572, 5, 0, 0.463387, 

334.572, 6, 0, 0.463387, 

334.572, 7, 0, 0.463387, 

334.572, 8, 0, 0.463387, 

334.572, 9, 0, 0.463387, 

334.572, 10, 0, 0.463387, 

334.572, 11, 0, 0.463387, 

334.572, 12, 0, 0.463387, 

334.572, 13, 0, 0.463387, 

334.572, 14, 0, 0.463387, 

334.572, 15, 0, 0.463387, 

334.572, 16, 0, 0.463387, 

334.572, 17, 0, 0.463387, 

334.572, 18, 0, 0.463387, 

334.572, 19, 0, 0.463387, 

334.572, 20, 0, 0.463387, 

334.572, 21, 0, 0.463387, 

334.572, 22, 0, 0.463387, 

334.572, 23, 0, 0.463387, 

334.572, 24, 0, 0.463387, 

334.572, 25, 0, 0.463387, 

334.572, 26, 0, 0.463387, 

334.572, 27, 0, 0.463387, 

334.572, 28, 0, 0.463387, 

334.572, 29, 0, 0.463387, 

334.572, 30, 0, 0.463387, 

334.572, 31, 0, 0.463387, 

334.572, 32, 0, 0.463387, 

334.572, 33, 0, 0.463387, 

334.572, 34, 0, 0.463387, 

334.572, 35, 0, 0.463387, 

334.572, 36, 0, 0.463387, 

334.572, 37, 0, 0.463387, 

334.572, 38, 0, 0.463387, 

334.572, 39, 0, 0.463387, 

334.572, 40, 0, 0.463387, 

334.572, 41, 0, 0.463387, 

334.572, 42, 0, 0.463387, 

334.572, 43, 0, 0.463387, 

334.572, 44, 0, 0.463387, 

334.572, 45, 0, 0.463387, 

334.572, 46, 0, 0.463387, 

334.572, 47, 0, 0.463387, 

334.572, 48, 0, 0.463387, 

334.572, 49, 0, 0.463387, 

334.572, 50, 0, 0.463387, 

334.572, 51, 0, 0.463387, 

334.572, 52, 0, 0.463387, 

334.572, 53, 0, 0.463387, 

334.572, 54, 0, 0.463387, 

334.572, 55, 0, 0.463387, 

334.572, 56, 0, 0.463387, 

334.572, 57, 0, 0.463387, 

334.572, 58, 0, 0.463387, 

334.572, 59, 0, 0.463387, 

334.572, 60, 0, 0.463387, 

334.572, 61, 0, 0.463387, 

334.572, 62, 0, 0.463387, 

334.572, 63, 0, 0.463387, 

334.572, 64, 0, 0.463387, 

334.572, 65, 0, 0.463387, 

334.572, 66, 0, 0.463387, 

334.572, 67, 0, 0.463387, 

334.572, 68, 0, 0.463387, 

334.572, 69, 0, 0.463387, 

334.572, 70, 0, 0.463387, 

334.572, 71, 0, 0.463387, 

334.572, 72, 0, 0.463387, 

334.572, 73, 0, 0.463387, 

334.572, 74, 0, 0.463387, 

334.572, 75, 0, 0.463387, 

334.572, 76, 0, 0.463387, 

334.572, 77, 0, 0.463387, 

334.572, 78, 0, 0.463387, 

334.572, 79, 0, 0.463387, 

334.572, 80, 0, 0.463387, 

334.572, 81, 0, 0.463387, 

334.572, 82, 0, 0.463387, 

334.572, 83, 0, 0.463387, 

334.572, 84, 0, 0.463387, 

334.572, 85, 0, 0.463387, 

334.572, 86, 0, 0.463387, 

334.572, 87, 0, 0.463387, 

334.572, 88, 0, 0.463387, 

334.572, 89, 0, 0.463387, 

334.572, 90, 0, 0.463387, 

334.572, 91, 0, 0.463387, 

334.572, 92, 0, 0.463387, 

334.572, 93, 0, 0.463387, 

334.572, 94, 0, 0.463387, 

334.572, 95, 0, 0.463387, 

334.572, 96, 0, 0.463387, 

334.572, 97, 0, 0.463387, 

334.572, 98, 0, 0.463387, 

334.572, 99, 0, 0.463387, 

334.572, 100, 0, 0.463387, 

334.572, 101, 0, 0.463387, 

334.572, 102, 0, 0.463387, 

334.572, 103, 0, 0.463387, 

334.572, 104, 0, 0.463387, 

334.572, 105, 0, 0.463387, 

334.572, 106, 0, 0.463387, 

334.572, 107, 0, 0.463387, 

334.572, 108, 0, 0.463387, 

334.572, 109, 0, 0.463387, 

334.572, 110, 0, 0.463387, 

334.572, 111, 0, 0.463387, 

334.572, 112, 0, 0.463387, 

334.572, 113, 0, 0.463387, 

334.572, 114, 0, 0.463387, 

334.572, 115, 0, 0.463387, 

334.572, 116, 0, 0.463387, 

334.572, 117, 0, 0.463387, 

334.572, 118, 0, 0.463387, 

334.572, 119, 0, 0.463387, 

336.73, 0, 0, 0.463387, 

336.73, 1, 0, 0.463387, 

336.73, 2, 0, 0.463387, 

336.73, 3, 0, 0.463387, 

336.73, 4, 0, 0.463387, 

336.73, 5, 0, 0.463387, 

336.73, 6, 0, 0.463387, 

336.73, 7, 0, 0.463387, 

336.73, 8, 0, 0.463387, 

336.73, 9, 0, 0.463387, 

336.73, 10, 0, 0.463387, 

336.73, 11, 0, 0.463387, 

336.73, 12, 0, 0.463387, 

336.73, 13, 0, 0.463387, 

336.73, 14, 0, 0.463387, 

336.73, 15, 0, 0.463387, 

336.73, 16, 0, 0.463387, 

336.73, 17, 0, 0.463387, 

336.73, 18, 0, 0.463387, 

336.73, 19, 0, 0.463387, 

336.73, 20, 0, 0.463387, 

336.73, 21, 0, 0.463387, 

336.73, 22, 0, 0.463387, 

336.73, 23, 0, 0.463387, 

336.73, 24, 0, 0.463387, 

336.73, 25, 0, 0.463387, 

336.73, 26, 0, 0.463387, 

336.73, 27, 0, 0.463387, 

336.73, 28, 0, 0.463387, 

336.73, 29, 0, 0.463387, 

336.73, 30, 0, 0.463387, 

336.73, 31, 0, 0.463387, 

336.73, 32, 0, 0.463387, 

336.73, 33, 0, 0.463387, 

336.73, 34, 0, 0.463387, 

336.73, 35, 0, 0.463387, 

336.73, 36, 0, 0.463387, 

336.73, 37, 0, 0.463387, 

336.73, 38, 0, 0.463387, 

336.73, 39, 0, 0.463387, 

336.73, 40, 0, 0.463387, 

336.73, 41, 0, 0.463387, 

336.73, 42, 0, 0.463387, 

336.73, 43, 0, 0.463387, 

336.73, 44, 0, 0.463387, 

336.73, 45, 0, 0.463387, 

336.73, 46, 0, 0.463387, 

336.73, 47, 0, 0.463387, 

336.73, 48, 0, 0.463387, 

336.73, 49, 0, 0.463387, 

336.73, 50, 0, 0.463387, 

336.73, 51, 0, 0.463387, 

336.73, 52, 0, 0.463387, 

336.73, 53, 0, 0.463387, 

336.73, 54, 0, 0.463387, 

336.73, 55, 0, 0.463387, 

336.73, 56, 0, 0.463387, 

336.73, 57, 0, 0.463387, 

336.73, 58, 0, 0.463387, 

336.73, 59, 0, 0.463387, 

336.73, 60, 0, 0.463387, 

336.73, 61, 0, 0.463387, 

336.73, 62, 0, 0.463387, 

336.73, 63, 0, 0.463387, 

336.73, 64, 0, 0.463387, 

336.73, 65, 0, 0.463387, 

336.73, 66, 0, 0.463387, 

336.73, 67, 0, 0.463387, 

336.73, 68, 0, 0.463387, 

336.73, 69, 0, 0.463387, 

336.73, 70, 0, 0.463387, 

336.73, 71, 0, 0.463387, 

336.73, 72, 0, 0.463387, 

336.73, 73, 0, 0.463387, 

336.73, 74, 0, 0.463387, 

336.73, 75, 0, 0.463387, 

336.73, 76, 0, 0.463387, 

336.73, 77, 0, 0.463387, 

336.73, 78, 0, 0.463387, 

336.73, 79, 0, 0.463387, 

336.73, 80, 0, 0.463387, 

336.73, 81, 0, 0.463387, 

336.73, 82, 0, 0.463387, 

336.73, 83, 0, 0.463387, 

336.73, 84, 0, 0.463387, 

336.73, 85, 0, 0.463387, 

336.73, 86, 0, 0.463387, 

336.73, 87, 0, 0.463387, 

336.73, 88, 0, 0.463387, 

336.73, 89, 0, 0.463387, 

336.73, 90, 0, 0.463387, 

336.73, 91, 0, 0.463387, 

336.73, 92, 0, 0.463387, 

336.73, 93, 0, 0.463387, 

336.73, 94, 0, 0.463387, 

336.73, 95, 0, 0.463387, 

336.73, 96, 0, 0.463387, 

336.73, 97, 0, 0.463387, 

336.73, 98, 0, 0.463387, 

336.73, 99, 0, 0.463387, 

336.73, 100, 0, 0.463387, 

336.73, 101, 0, 0.463387, 

336.73, 102, 0, 0.463387, 

336.73, 103, 0, 0.463387, 

336.73, 104, 0, 0.463387, 

336.73, 105, 0, 0.463387, 

336.73, 106, 0, 0.463387, 

336.73, 107, 0, 0.463387, 

336.73, 108, 0, 0.463387, 

336.73, 109, 0, 0.463387, 

336.73, 110, 0, 0.463387, 

336.73, 111, 0, 0.463387, 

336.73, 112, 0, 0.463387, 

336.73, 113, 0, 0.463387, 

336.73, 114, 0, 0.463387, 

336.73, 115, 0, 0.463387, 

336.73, 116, 0, 0.463387, 

336.73, 117, 0, 0.463387, 

336.73, 118, 0, 0.463387, 

336.73, 119, 0, 0.463387, 

338.887, 0, 0, 0.463387, 

338.887, 1, 0, 0.463387, 

338.887, 2, 0, 0.463387, 

338.887, 3, 0, 0.463387, 

338.887, 4, 0, 0.463387, 

338.887, 5, 0, 0.463387, 

338.887, 6, 0, 0.463387, 

338.887, 7, 0, 0.463387, 

338.887, 8, 0, 0.463387, 

338.887, 9, 0, 0.463387, 

338.887, 10, 0, 0.463387, 

338.887, 11, 0, 0.463387, 

338.887, 12, 0, 0.463387, 

338.887, 13, 0, 0.463387, 

338.887, 14, 0, 0.463387, 

338.887, 15, 0, 0.463387, 

338.887, 16, 0, 0.463387, 

338.887, 17, 0, 0.463387, 

338.887, 18, 0, 0.463387, 

338.887, 19, 0, 0.463387, 

338.887, 20, 0, 0.463387, 

338.887, 21, 0, 0.463387, 

338.887, 22, 0, 0.463387, 

338.887, 23, 0, 0.463387, 

338.887, 24, 0, 0.463387, 

338.887, 25, 0, 0.463387, 

338.887, 26, 0, 0.463387, 

338.887, 27, 0, 0.463387, 

338.887, 28, 0, 0.463387, 

338.887, 29, 0, 0.463387, 

338.887, 30, 0, 0.463387, 

338.887, 31, 0, 0.463387, 

338.887, 32, 0, 0.463387, 

338.887, 33, 0, 0.463387, 

338.887, 34, 0, 0.463387, 

338.887, 35, 0, 0.463387, 

338.887, 36, 0, 0.463387, 

338.887, 37, 0, 0.463387, 

338.887, 38, 0, 0.463387, 

338.887, 39, 0, 0.463387, 

338.887, 40, 0, 0.463387, 

338.887, 41, 0, 0.463387, 

338.887, 42, 0, 0.463387, 

338.887, 43, 0, 0.463387, 

338.887, 44, 0, 0.463387, 

338.887, 45, 0, 0.463387, 

338.887, 46, 0, 0.463387, 

338.887, 47, 0, 0.463387, 

338.887, 48, 0, 0.463387, 

338.887, 49, 0, 0.463387, 

338.887, 50, 0, 0.463387, 

338.887, 51, 0, 0.463387, 

338.887, 52, 0, 0.463387, 

338.887, 53, 0, 0.463387, 

338.887, 54, 0, 0.463387, 

338.887, 55, 0, 0.463387, 

338.887, 56, 0, 0.463387, 

338.887, 57, 0, 0.463387, 

338.887, 58, 0, 0.463387, 

338.887, 59, 0, 0.463387, 

338.887, 60, 0, 0.463387, 

338.887, 61, 0, 0.463387, 

338.887, 62, 0, 0.463387, 

338.887, 63, 0, 0.463387, 

338.887, 64, 0, 0.463387, 

338.887, 65, 0, 0.463387, 

338.887, 66, 0, 0.463387, 

338.887, 67, 0, 0.463387, 

338.887, 68, 0, 0.463387, 

338.887, 69, 0, 0.463387, 

338.887, 70, 0, 0.463387, 

338.887, 71, 0, 0.463387, 

338.887, 72, 0, 0.463387, 

338.887, 73, 0, 0.463387, 

338.887, 74, 0, 0.463387, 

338.887, 75, 0, 0.463387, 

338.887, 76, 0, 0.463387, 

338.887, 77, 0, 0.463387, 

338.887, 78, 0, 0.463387, 

338.887, 79, 0, 0.463387, 

338.887, 80, 0, 0.463387, 

338.887, 81, 0, 0.463387, 

338.887, 82, 0, 0.463387, 

338.887, 83, 0, 0.463387, 

338.887, 84, 0, 0.463387, 

338.887, 85, 0, 0.463387, 

338.887, 86, 0, 0.463387, 

338.887, 87, 0, 0.463387, 

338.887, 88, 0, 0.463387, 

338.887, 89, 0, 0.463387, 

338.887, 90, 0, 0.463387, 

338.887, 91, 0, 0.463387, 

338.887, 92, 0, 0.463387, 

338.887, 93, 0, 0.463387, 

338.887, 94, 0, 0.463387, 

338.887, 95, 0, 0.463387, 

338.887, 96, 0, 0.463387, 

338.887, 97, 0, 0.463387, 

338.887, 98, 0, 0.463387, 

338.887, 99, 0, 0.463387, 

338.887, 100, 0, 0.463387, 

338.887, 101, 0, 0.463387, 

338.887, 102, 0, 0.463387, 

338.887, 103, 0, 0.463387, 

338.887, 104, 0, 0.463387, 

338.887, 105, 0, 0.463387, 

338.887, 106, 0, 0.463387, 

338.887, 107, 0, 0.463387, 

338.887, 108, 0, 0.463387, 

338.887, 109, 0, 0.463387, 

338.887, 110, 0, 0.463387, 

338.887, 111, 0, 0.463387, 

338.887, 112, 0, 0.463387, 

338.887, 113, 0, 0.463387, 

338.887, 114, 0, 0.463387, 

338.887, 115, 0, 0.463387, 

338.887, 116, 0, 0.463387, 

338.887, 117, 0, 0.463387, 

338.887, 118, 0, 0.463387, 

338.887, 119, 0, 0.463387, 

341.045, 0, 0, 0.463387, 

341.045, 1, 0, 0.463387, 

341.045, 2, 0, 0.463387, 

341.045, 3, 0, 0.463387, 

341.045, 4, 0, 0.463387, 

341.045, 5, 0, 0.463387, 

341.045, 6, 0, 0.463387, 

341.045, 7, 0, 0.463387, 

341.045, 8, 0, 0.463387, 

341.045, 9, 0, 0.463387, 

341.045, 10, 0, 0.463387, 

341.045, 11, 0, 0.463387, 

341.045, 12, 0, 0.463387, 

341.045, 13, 0, 0.463387, 

341.045, 14, 0, 0.463387, 

341.045, 15, 0, 0.463387, 

341.045, 16, 0, 0.463387, 

341.045, 17, 0, 0.463387, 

341.045, 18, 0, 0.463387, 

341.045, 19, 0, 0.463387, 

341.045, 20, 0, 0.463387, 

341.045, 21, 0, 0.463387, 

341.045, 22, 0, 0.463387, 

341.045, 23, 0, 0.463387, 

341.045, 24, 0, 0.463387, 

341.045, 25, 0, 0.463387, 

341.045, 26, 0, 0.463387, 

341.045, 27, 0, 0.463387, 

341.045, 28, 0, 0.463387, 

341.045, 29, 0, 0.463387, 

341.045, 30, 0, 0.463387, 

341.045, 31, 0, 0.463387, 

341.045, 32, 0, 0.463387, 

341.045, 33, 0, 0.463387, 

341.045, 34, 0, 0.463387, 

341.045, 35, 0, 0.463387, 

341.045, 36, 0, 0.463387, 

341.045, 37, 0, 0.463387, 

341.045, 38, 0, 0.463387, 

341.045, 39, 0, 0.463387, 

341.045, 40, 0, 0.463387, 

341.045, 41, 0, 0.463387, 

341.045, 42, 0, 0.463387, 

341.045, 43, 0, 0.463387, 

341.045, 44, 0, 0.463387, 

341.045, 45, 0, 0.463387, 

341.045, 46, 0, 0.463387, 

341.045, 47, 0, 0.463387, 

341.045, 48, 0, 0.463387, 

341.045, 49, 0, 0.463387, 

341.045, 50, 0, 0.463387, 

341.045, 51, 0, 0.463387, 

341.045, 52, 0, 0.463387, 

341.045, 53, 0, 0.463387, 

341.045, 54, 0, 0.463387, 

341.045, 55, 0, 0.463387, 

341.045, 56, 0, 0.463387, 

341.045, 57, 0, 0.463387, 

341.045, 58, 0, 0.463387, 

341.045, 59, 0, 0.463387, 

341.045, 60, 0, 0.463387, 

341.045, 61, 0, 0.463387, 

341.045, 62, 0, 0.463387, 

341.045, 63, 0, 0.463387, 

341.045, 64, 0, 0.463387, 

341.045, 65, 0, 0.463387, 

341.045, 66, 0, 0.463387, 

341.045, 67, 0, 0.463387, 

341.045, 68, 0, 0.463387, 

341.045, 69, 0, 0.463387, 

341.045, 70, 0, 0.463387, 

341.045, 71, 0, 0.463387, 

341.045, 72, 0, 0.463387, 

341.045, 73, 0, 0.463387, 

341.045, 74, 0, 0.463387, 

341.045, 75, 0, 0.463387, 

341.045, 76, 0, 0.463387, 

341.045, 77, 0, 0.463387, 

341.045, 78, 0, 0.463387, 

341.045, 79, 0, 0.463387, 

341.045, 80, 0, 0.463387, 

341.045, 81, 0, 0.463387, 

341.045, 82, 0, 0.463387, 

341.045, 83, 0, 0.463387, 

341.045, 84, 0, 0.463387, 

341.045, 85, 0, 0.463387, 

341.045, 86, 0, 0.463387, 

341.045, 87, 0, 0.463387, 

341.045, 88, 0, 0.463387, 

341.045, 89, 0, 0.463387, 

341.045, 90, 0, 0.463387, 

341.045, 91, 0, 0.463387, 

341.045, 92, 0, 0.463387, 

341.045, 93, 0, 0.463387, 

341.045, 94, 0, 0.463387, 

341.045, 95, 0, 0.463387, 

341.045, 96, 0, 0.463387, 

341.045, 97, 0, 0.463387, 

341.045, 98, 0, 0.463387, 

341.045, 99, 0, 0.463387, 

341.045, 100, 0, 0.463387, 

341.045, 101, 0, 0.463387, 

341.045, 102, 0, 0.463387, 

341.045, 103, 0, 0.463387, 

341.045, 104, 0, 0.463387, 

341.045, 105, 0, 0.463387, 

341.045, 106, 0, 0.463387, 

341.045, 107, 0, 0.463387, 

341.045, 108, 0, 0.463387, 

341.045, 109, 0, 0.463387, 

341.045, 110, 0, 0.463387, 

341.045, 111, 0, 0.463387, 

341.045, 112, 0, 0.463387, 

341.045, 113, 0, 0.463387, 

341.045, 114, 0, 0.463387, 

341.045, 115, 0, 0.463387, 

341.045, 116, 0, 0.463387, 

341.045, 117, 0, 0.463387, 

341.045, 118, 0, 0.463387, 

341.045, 119, 0, 0.463387, 

343.203, 0, 0, 0.463387, 

343.203, 1, 0, 0.463387, 

343.203, 2, 0, 0.463387, 

343.203, 3, 0, 0.463387, 

343.203, 4, 0, 0.463387, 

343.203, 5, 0, 0.463387, 

343.203, 6, 0, 0.463387, 

343.203, 7, 0, 0.463387, 

343.203, 8, 0, 0.463387, 

343.203, 9, 0, 0.463387, 

343.203, 10, 0, 0.463387, 

343.203, 11, 0, 0.463387, 

343.203, 12, 0, 0.463387, 

343.203, 13, 0, 0.463387, 

343.203, 14, 0, 0.463387, 

343.203, 15, 0, 0.463387, 

343.203, 16, 0, 0.463387, 

343.203, 17, 0, 0.463387, 

343.203, 18, 0, 0.463387, 

343.203, 19, 0, 0.463387, 

343.203, 20, 0, 0.463387, 

343.203, 21, 0, 0.463387, 

343.203, 22, 0, 0.463387, 

343.203, 23, 0, 0.463387, 

343.203, 24, 0, 0.463387, 

343.203, 25, 0, 0.463387, 

343.203, 26, 0, 0.463387, 

343.203, 27, 0, 0.463387, 

343.203, 28, 0, 0.463387, 

343.203, 29, 0, 0.463387, 

343.203, 30, 0, 0.463387, 

343.203, 31, 0, 0.463387, 

343.203, 32, 0, 0.463387, 

343.203, 33, 0, 0.463387, 

343.203, 34, 0, 0.463387, 

343.203, 35, 0, 0.463387, 

343.203, 36, 0, 0.463387, 

343.203, 37, 0, 0.463387, 

343.203, 38, 0, 0.463387, 

343.203, 39, 0, 0.463387, 

343.203, 40, 0, 0.463387, 

343.203, 41, 0, 0.463387, 

343.203, 42, 0, 0.463387, 

343.203, 43, 0, 0.463387, 

343.203, 44, 0, 0.463387, 

343.203, 45, 0, 0.463387, 

343.203, 46, 0, 0.463387, 

343.203, 47, 0, 0.463387, 

343.203, 48, 0, 0.463387, 

343.203, 49, 0, 0.463387, 

343.203, 50, 0, 0.463387, 

343.203, 51, 0, 0.463387, 

343.203, 52, 0, 0.463387, 

343.203, 53, 0, 0.463387, 

343.203, 54, 0, 0.463387, 

343.203, 55, 0, 0.463387, 

343.203, 56, 0, 0.463387, 

343.203, 57, 0, 0.463387, 

343.203, 58, 0, 0.463387, 

343.203, 59, 0, 0.463387, 

343.203, 60, 0, 0.463387, 

343.203, 61, 0, 0.463387, 

343.203, 62, 0, 0.463387, 

343.203, 63, 0, 0.463387, 

343.203, 64, 0, 0.463387, 

343.203, 65, 0, 0.463387, 

343.203, 66, 0, 0.463387, 

343.203, 67, 0, 0.463387, 

343.203, 68, 0, 0.463387, 

343.203, 69, 0, 0.463387, 

343.203, 70, 0, 0.463387, 

343.203, 71, 0, 0.463387, 

343.203, 72, 0, 0.463387, 

343.203, 73, 0, 0.463387, 

343.203, 74, 0, 0.463387, 

343.203, 75, 0, 0.463387, 

343.203, 76, 0, 0.463387, 

343.203, 77, 0, 0.463387, 

343.203, 78, 0, 0.463387, 

343.203, 79, 0, 0.463387, 

343.203, 80, 0, 0.463387, 

343.203, 81, 0, 0.463387, 

343.203, 82, 0, 0.463387, 

343.203, 83, 0, 0.463387, 

343.203, 84, 0, 0.463387, 

343.203, 85, 0, 0.463387, 

343.203, 86, 0, 0.463387, 

343.203, 87, 0, 0.463387, 

343.203, 88, 0, 0.463387, 

343.203, 89, 0, 0.463387, 

343.203, 90, 0, 0.463387, 

343.203, 91, 0, 0.463387, 

343.203, 92, 0, 0.463387, 

343.203, 93, 0, 0.463387, 

343.203, 94, 0, 0.463387, 

343.203, 95, 0, 0.463387, 

343.203, 96, 0, 0.463387, 

343.203, 97, 0, 0.463387, 

343.203, 98, 0, 0.463387, 

343.203, 99, 0, 0.463387, 

343.203, 100, 0, 0.463387, 

343.203, 101, 0, 0.463387, 

343.203, 102, 0, 0.463387, 

343.203, 103, 0, 0.463387, 

343.203, 104, 0, 0.463387, 

343.203, 105, 0, 0.463387, 

343.203, 106, 0, 0.463387, 

343.203, 107, 0, 0.463387, 

343.203, 108, 0, 0.463387, 

343.203, 109, 0, 0.463387, 

343.203, 110, 0, 0.463387, 

343.203, 111, 0, 0.463387, 

343.203, 112, 0, 0.463387, 

343.203, 113, 0, 0.463387, 

343.203, 114, 0, 0.463387, 

343.203, 115, 0, 0.463387, 

343.203, 116, 0, 0.463387, 

343.203, 117, 0, 0.463387, 

343.203, 118, 0, 0.463387, 

343.203, 119, 0, 0.463387, 

345.361, 0, 0, 0.463387, 

345.361, 1, 0, 0.463387, 

345.361, 2, 0, 0.463387, 

345.361, 3, 0, 0.463387, 

345.361, 4, 0, 0.463387, 

345.361, 5, 0, 0.463387, 

345.361, 6, 0, 0.463387, 

345.361, 7, 0, 0.463387, 

345.361, 8, 0, 0.463387, 

345.361, 9, 0, 0.463387, 

345.361, 10, 0, 0.463387, 

345.361, 11, 0, 0.463387, 

345.361, 12, 0, 0.463387, 

345.361, 13, 0, 0.463387, 

345.361, 14, 0, 0.463387, 

345.361, 15, 0, 0.463387, 

345.361, 16, 0, 0.463387, 

345.361, 17, 0, 0.463387, 

345.361, 18, 0, 0.463387, 

345.361, 19, 0, 0.463387, 

345.361, 20, 0, 0.463387, 

345.361, 21, 0, 0.463387, 

345.361, 22, 0, 0.463387, 

345.361, 23, 0, 0.463387, 

345.361, 24, 0, 0.463387, 

345.361, 25, 0, 0.463387, 

345.361, 26, 0, 0.463387, 

345.361, 27, 0, 0.463387, 

345.361, 28, 0, 0.463387, 

345.361, 29, 0, 0.463387, 

345.361, 30, 0, 0.463387, 

345.361, 31, 0, 0.463387, 

345.361, 32, 0, 0.463387, 

345.361, 33, 0, 0.463387, 

345.361, 34, 0, 0.463387, 

345.361, 35, 0, 0.463387, 

345.361, 36, 0, 0.463387, 

345.361, 37, 0, 0.463387, 

345.361, 38, 0, 0.463387, 

345.361, 39, 0, 0.463387, 

345.361, 40, 0, 0.463387, 

345.361, 41, 0, 0.463387, 

345.361, 42, 0, 0.463387, 

345.361, 43, 0, 0.463387, 

345.361, 44, 0, 0.463387, 

345.361, 45, 0, 0.463387, 

345.361, 46, 0, 0.463387, 

345.361, 47, 0, 0.463387, 

345.361, 48, 0, 0.463387, 

345.361, 49, 0, 0.463387, 

345.361, 50, 0, 0.463387, 

345.361, 51, 0, 0.463387, 

345.361, 52, 0, 0.463387, 

345.361, 53, 0, 0.463387, 

345.361, 54, 0, 0.463387, 

345.361, 55, 0, 0.463387, 

345.361, 56, 0, 0.463387, 

345.361, 57, 0, 0.463387, 

345.361, 58, 0, 0.463387, 

345.361, 59, 0, 0.463387, 

345.361, 60, 0, 0.463387, 

345.361, 61, 0, 0.463387, 

345.361, 62, 0, 0.463387, 

345.361, 63, 0, 0.463387, 

345.361, 64, 0, 0.463387, 

345.361, 65, 0, 0.463387, 

345.361, 66, 0, 0.463387, 

345.361, 67, 0, 0.463387, 

345.361, 68, 0, 0.463387, 

345.361, 69, 0, 0.463387, 

345.361, 70, 0, 0.463387, 

345.361, 71, 0, 0.463387, 

345.361, 72, 0, 0.463387, 

345.361, 73, 0, 0.463387, 

345.361, 74, 0, 0.463387, 

345.361, 75, 0, 0.463387, 

345.361, 76, 0, 0.463387, 

345.361, 77, 0, 0.463387, 

345.361, 78, 0, 0.463387, 

345.361, 79, 0, 0.463387, 

345.361, 80, 0, 0.463387, 

345.361, 81, 0, 0.463387, 

345.361, 82, 0, 0.463387, 

345.361, 83, 0, 0.463387, 

345.361, 84, 0, 0.463387, 

345.361, 85, 0, 0.463387, 

345.361, 86, 0, 0.463387, 

345.361, 87, 0, 0.463387, 

345.361, 88, 0, 0.463387, 

345.361, 89, 0, 0.463387, 

345.361, 90, 0, 0.463387, 

345.361, 91, 0, 0.463387, 

345.361, 92, 0, 0.463387, 

345.361, 93, 0, 0.463387, 

345.361, 94, 0, 0.463387, 

345.361, 95, 0, 0.463387, 

345.361, 96, 0, 0.463387, 

345.361, 97, 0, 0.463387, 

345.361, 98, 0, 0.463387, 

345.361, 99, 0, 0.463387, 

345.361, 100, 0, 0.463387, 

345.361, 101, 0, 0.463387, 

345.361, 102, 0, 0.463387, 

345.361, 103, 0, 0.463387, 

345.361, 104, 0, 0.463387, 

345.361, 105, 0, 0.463387, 

345.361, 106, 0, 0.463387, 

345.361, 107, 0, 0.463387, 

345.361, 108, 0, 0.463387, 

345.361, 109, 0, 0.463387, 

345.361, 110, 0, 0.463387, 

345.361, 111, 0, 0.463387, 

345.361, 112, 0, 0.463387, 

345.361, 113, 0, 0.463387, 

345.361, 114, 0, 0.463387, 

345.361, 115, 0, 0.463387, 

345.361, 116, 0, 0.463387, 

345.361, 117, 0, 0.463387, 

345.361, 118, 0, 0.463387, 

345.361, 119, 0, 0.463387, 

347.519, 0, 0, 0.463387, 

347.519, 1, 0, 0.463387, 

347.519, 2, 0, 0.463387, 

347.519, 3, 0, 0.463387, 

347.519, 4, 0, 0.463387, 

347.519, 5, 0, 0.463387, 

347.519, 6, 0, 0.463387, 

347.519, 7, 0, 0.463387, 

347.519, 8, 0, 0.463387, 

347.519, 9, 0, 0.463387, 

347.519, 10, 0, 0.463387, 

347.519, 11, 0, 0.463387, 

347.519, 12, 0, 0.463387, 

347.519, 13, 0, 0.463387, 

347.519, 14, 0, 0.463387, 

347.519, 15, 0, 0.463387, 

347.519, 16, 0, 0.463387, 

347.519, 17, 0, 0.463387, 

347.519, 18, 0, 0.463387, 

347.519, 19, 0, 0.463387, 

347.519, 20, 0, 0.463387, 

347.519, 21, 0, 0.463387, 

347.519, 22, 0, 0.463387, 

347.519, 23, 0, 0.463387, 

347.519, 24, 0, 0.463387, 

347.519, 25, 0, 0.463387, 

347.519, 26, 0, 0.463387, 

347.519, 27, 0, 0.463387, 

347.519, 28, 0, 0.463387, 

347.519, 29, 0, 0.463387, 

347.519, 30, 0, 0.463387, 

347.519, 31, 0, 0.463387, 

347.519, 32, 0, 0.463387, 

347.519, 33, 0, 0.463387, 

347.519, 34, 0, 0.463387, 

347.519, 35, 0, 0.463387, 

347.519, 36, 0, 0.463387, 

347.519, 37, 0, 0.463387, 

347.519, 38, 0, 0.463387, 

347.519, 39, 0, 0.463387, 

347.519, 40, 0, 0.463387, 

347.519, 41, 0, 0.463387, 

347.519, 42, 0, 0.463387, 

347.519, 43, 0, 0.463387, 

347.519, 44, 0, 0.463387, 

347.519, 45, 0, 0.463387, 

347.519, 46, 0, 0.463387, 

347.519, 47, 0, 0.463387, 

347.519, 48, 0, 0.463387, 

347.519, 49, 0, 0.463387, 

347.519, 50, 0, 0.463387, 

347.519, 51, 0, 0.463387, 

347.519, 52, 0, 0.463387, 

347.519, 53, 0, 0.463387, 

347.519, 54, 0, 0.463387, 

347.519, 55, 0, 0.463387, 

347.519, 56, 0, 0.463387, 

347.519, 57, 0, 0.463387, 

347.519, 58, 0, 0.463387, 

347.519, 59, 0, 0.463387, 

347.519, 60, 0, 0.463387, 

347.519, 61, 0, 0.463387, 

347.519, 62, 0, 0.463387, 

347.519, 63, 0, 0.463387, 

347.519, 64, 0, 0.463387, 

347.519, 65, 0, 0.463387, 

347.519, 66, 0, 0.463387, 

347.519, 67, 0, 0.463387, 

347.519, 68, 0, 0.463387, 

347.519, 69, 0, 0.463387, 

347.519, 70, 0, 0.463387, 

347.519, 71, 0, 0.463387, 

347.519, 72, 0, 0.463387, 

347.519, 73, 0, 0.463387, 

347.519, 74, 0, 0.463387, 

347.519, 75, 0, 0.463387, 

347.519, 76, 0, 0.463387, 

347.519, 77, 0, 0.463387, 

347.519, 78, 0, 0.463387, 

347.519, 79, 0, 0.463387, 

347.519, 80, 0, 0.463387, 

347.519, 81, 0, 0.463387, 

347.519, 82, 0, 0.463387, 

347.519, 83, 0, 0.463387, 

347.519, 84, 0, 0.463387, 

347.519, 85, 0, 0.463387, 

347.519, 86, 0, 0.463387, 

347.519, 87, 0, 0.463387, 

347.519, 88, 0, 0.463387, 

347.519, 89, 0, 0.463387, 

347.519, 90, 0, 0.463387, 

347.519, 91, 0, 0.463387, 

347.519, 92, 0, 0.463387, 

347.519, 93, 0, 0.463387, 

347.519, 94, 0, 0.463387, 

347.519, 95, 0, 0.463387, 

347.519, 96, 0, 0.463387, 

347.519, 97, 0, 0.463387, 

347.519, 98, 0, 0.463387, 

347.519, 99, 0, 0.463387, 

347.519, 100, 0, 0.463387, 

347.519, 101, 0, 0.463387, 

347.519, 102, 0, 0.463387, 

347.519, 103, 0, 0.463387, 

347.519, 104, 0, 0.463387, 

347.519, 105, 0, 0.463387, 

347.519, 106, 0, 0.463387, 

347.519, 107, 0, 0.463387, 

347.519, 108, 0, 0.463387, 

347.519, 109, 0, 0.463387, 

347.519, 110, 0, 0.463387, 

347.519, 111, 0, 0.463387, 

347.519, 112, 0, 0.463387, 

347.519, 113, 0, 0.463387, 

347.519, 114, 0, 0.463387, 

347.519, 115, 0, 0.463387, 

347.519, 116, 0, 0.463387, 

347.519, 117, 0, 0.463387, 

347.519, 118, 0, 0.463387, 

347.519, 119, 0, 0.463387, 

349.676, 0, 0, 0.463387, 

349.676, 1, 0, 0.463387, 

349.676, 2, 0, 0.463387, 

349.676, 3, 0, 0.463387, 

349.676, 4, 0, 0.463387, 

349.676, 5, 0, 0.463387, 

349.676, 6, 0, 0.463387, 

349.676, 7, 0, 0.463387, 

349.676, 8, 0, 0.463387, 

349.676, 9, 0, 0.463387, 

349.676, 10, 0, 0.463387, 

349.676, 11, 0, 0.463387, 

349.676, 12, 0, 0.463387, 

349.676, 13, 0, 0.463387, 

349.676, 14, 0, 0.463387, 

349.676, 15, 0, 0.463387, 

349.676, 16, 0, 0.463387, 

349.676, 17, 0, 0.463387, 

349.676, 18, 0, 0.463387, 

349.676, 19, 0, 0.463387, 

349.676, 20, 0, 0.463387, 

349.676, 21, 0, 0.463387, 

349.676, 22, 0, 0.463387, 

349.676, 23, 0, 0.463387, 

349.676, 24, 0, 0.463387, 

349.676, 25, 0, 0.463387, 

349.676, 26, 0, 0.463387, 

349.676, 27, 0, 0.463387, 

349.676, 28, 0, 0.463387, 

349.676, 29, 0, 0.463387, 

349.676, 30, 0, 0.463387, 

349.676, 31, 0, 0.463387, 

349.676, 32, 0, 0.463387, 

349.676, 33, 0, 0.463387, 

349.676, 34, 0, 0.463387, 

349.676, 35, 0, 0.463387, 

349.676, 36, 0, 0.463387, 

349.676, 37, 0, 0.463387, 

349.676, 38, 0, 0.463387, 

349.676, 39, 0, 0.463387, 

349.676, 40, 0, 0.463387, 

349.676, 41, 0, 0.463387, 

349.676, 42, 0, 0.463387, 

349.676, 43, 0, 0.463387, 

349.676, 44, 0, 0.463387, 

349.676, 45, 0, 0.463387, 

349.676, 46, 0, 0.463387, 

349.676, 47, 0, 0.463387, 

349.676, 48, 0, 0.463387, 

349.676, 49, 0, 0.463387, 

349.676, 50, 0, 0.463387, 

349.676, 51, 0, 0.463387, 

349.676, 52, 0, 0.463387, 

349.676, 53, 0, 0.463387, 

349.676, 54, 0, 0.463387, 

349.676, 55, 0, 0.463387, 

349.676, 56, 0, 0.463387, 

349.676, 57, 0, 0.463387, 

349.676, 58, 0, 0.463387, 

349.676, 59, 0, 0.463387, 

349.676, 60, 0, 0.463387, 

349.676, 61, 0, 0.463387, 

349.676, 62, 0, 0.463387, 

349.676, 63, 0, 0.463387, 

349.676, 64, 0, 0.463387, 

349.676, 65, 0, 0.463387, 

349.676, 66, 0, 0.463387, 

349.676, 67, 0, 0.463387, 

349.676, 68, 0, 0.463387, 

349.676, 69, 0, 0.463387, 

349.676, 70, 0, 0.463387, 

349.676, 71, 0, 0.463387, 

349.676, 72, 0, 0.463387, 

349.676, 73, 0, 0.463387, 

349.676, 74, 0, 0.463387, 

349.676, 75, 0, 0.463387, 

349.676, 76, 0, 0.463387, 

349.676, 77, 0, 0.463387, 

349.676, 78, 0, 0.463387, 

349.676, 79, 0, 0.463387, 

349.676, 80, 0, 0.463387, 

349.676, 81, 0, 0.463387, 

349.676, 82, 0, 0.463387, 

349.676, 83, 0, 0.463387, 

349.676, 84, 0, 0.463387, 

349.676, 85, 0, 0.463387, 

349.676, 86, 0, 0.463387, 

349.676, 87, 0, 0.463387, 

349.676, 88, 0, 0.463387, 

349.676, 89, 0, 0.463387, 

349.676, 90, 0, 0.463387, 

349.676, 91, 0, 0.463387, 

349.676, 92, 0, 0.463387, 

349.676, 93, 0, 0.463387, 

349.676, 94, 0, 0.463387, 

349.676, 95, 0, 0.463387, 

349.676, 96, 0, 0.463387, 

349.676, 97, 0, 0.463387, 

349.676, 98, 0, 0.463387, 

349.676, 99, 0, 0.463387, 

349.676, 100, 0, 0.463387, 

349.676, 101, 0, 0.463387, 

349.676, 102, 0, 0.463387, 

349.676, 103, 0, 0.463387, 

349.676, 104, 0, 0.463387, 

349.676, 105, 0, 0.463387, 

349.676, 106, 0, 0.463387, 

349.676, 107, 0, 0.463387, 

349.676, 108, 0, 0.463387, 

349.676, 109, 0, 0.463387, 

349.676, 110, 0, 0.463387, 

349.676, 111, 0, 0.463387, 

349.676, 112, 0, 0.463387, 

349.676, 113, 0, 0.463387, 

349.676, 114, 0, 0.463387, 

349.676, 115, 0, 0.463387, 

349.676, 116, 0, 0.463387, 

349.676, 117, 0, 0.463387, 

349.676, 118, 0, 0.463387, 

349.676, 119, 0, 0.463387, 

351.834, 0, 0, 0.463387, 

351.834, 1, 0, 0.463387, 

351.834, 2, 0, 0.463387, 

351.834, 3, 0, 0.463387, 

351.834, 4, 0, 0.463387, 

351.834, 5, 0, 0.463387, 

351.834, 6, 0, 0.463387, 

351.834, 7, 0, 0.463387, 

351.834, 8, 0, 0.463387, 

351.834, 9, 0, 0.463387, 

351.834, 10, 0, 0.463387, 

351.834, 11, 0, 0.463387, 

351.834, 12, 0, 0.463387, 

351.834, 13, 0, 0.463387, 

351.834, 14, 0, 0.463387, 

351.834, 15, 0, 0.463387, 

351.834, 16, 0, 0.463387, 

351.834, 17, 0, 0.463387, 

351.834, 18, 0, 0.463387, 

351.834, 19, 0, 0.463387, 

351.834, 20, 0, 0.463387, 

351.834, 21, 0, 0.463387, 

351.834, 22, 0, 0.463387, 

351.834, 23, 0, 0.463387, 

351.834, 24, 0, 0.463387, 

351.834, 25, 0, 0.463387, 

351.834, 26, 0, 0.463387, 

351.834, 27, 0, 0.463387, 

351.834, 28, 0, 0.463387, 

351.834, 29, 0, 0.463387, 

351.834, 30, 0, 0.463387, 

351.834, 31, 0, 0.463387, 

351.834, 32, 0, 0.463387, 

351.834, 33, 0, 0.463387, 

351.834, 34, 0, 0.463387, 

351.834, 35, 0, 0.463387, 

351.834, 36, 0, 0.463387, 

351.834, 37, 0, 0.463387, 

351.834, 38, 0, 0.463387, 

351.834, 39, 0, 0.463387, 

351.834, 40, 0, 0.463387, 

351.834, 41, 0, 0.463387, 

351.834, 42, 0, 0.463387, 

351.834, 43, 0, 0.463387, 

351.834, 44, 0, 0.463387, 

351.834, 45, 0, 0.463387, 

351.834, 46, 0, 0.463387, 

351.834, 47, 0, 0.463387, 

351.834, 48, 0, 0.463387, 

351.834, 49, 0, 0.463387, 

351.834, 50, 0, 0.463387, 

351.834, 51, 0, 0.463387, 

351.834, 52, 0, 0.463387, 

351.834, 53, 0, 0.463387, 

351.834, 54, 0, 0.463387, 

351.834, 55, 0, 0.463387, 

351.834, 56, 0, 0.463387, 

351.834, 57, 0, 0.463387, 

351.834, 58, 0, 0.463387, 

351.834, 59, 0, 0.463387, 

351.834, 60, 0, 0.463387, 

351.834, 61, 0, 0.463387, 

351.834, 62, 0, 0.463387, 

351.834, 63, 0, 0.463387, 

351.834, 64, 0, 0.463387, 

351.834, 65, 0, 0.463387, 

351.834, 66, 0, 0.463387, 

351.834, 67, 0, 0.463387, 

351.834, 68, 0, 0.463387, 

351.834, 69, 0, 0.463387, 

351.834, 70, 0, 0.463387, 

351.834, 71, 0, 0.463387, 

351.834, 72, 0, 0.463387, 

351.834, 73, 0, 0.463387, 

351.834, 74, 0, 0.463387, 

351.834, 75, 0, 0.463387, 

351.834, 76, 0, 0.463387, 

351.834, 77, 0, 0.463387, 

351.834, 78, 0, 0.463387, 

351.834, 79, 0, 0.463387, 

351.834, 80, 0, 0.463387, 

351.834, 81, 0, 0.463387, 

351.834, 82, 0, 0.463387, 

351.834, 83, 0, 0.463387, 

351.834, 84, 0, 0.463387, 

351.834, 85, 0, 0.463387, 

351.834, 86, 0, 0.463387, 

351.834, 87, 0, 0.463387, 

351.834, 88, 0, 0.463387, 

351.834, 89, 0, 0.463387, 

351.834, 90, 0, 0.463387, 

351.834, 91, 0, 0.463387, 

351.834, 92, 0, 0.463387, 

351.834, 93, 0, 0.463387, 

351.834, 94, 0, 0.463387, 

351.834, 95, 0, 0.463387, 

351.834, 96, 0, 0.463387, 

351.834, 97, 0, 0.463387, 

351.834, 98, 0, 0.463387, 

351.834, 99, 0, 0.463387, 

351.834, 100, 0, 0.463387, 

351.834, 101, 0, 0.463387, 

351.834, 102, 0, 0.463387, 

351.834, 103, 0, 0.463387, 

351.834, 104, 0, 0.463387, 

351.834, 105, 0, 0.463387, 

351.834, 106, 0, 0.463387, 

351.834, 107, 0, 0.463387, 

351.834, 108, 0, 0.463387, 

351.834, 109, 0, 0.463387, 

351.834, 110, 0, 0.463387, 

351.834, 111, 0, 0.463387, 

351.834, 112, 0, 0.463387, 

351.834, 113, 0, 0.463387, 

351.834, 114, 0, 0.463387, 

351.834, 115, 0, 0.463387, 

351.834, 116, 0, 0.463387, 

351.834, 117, 0, 0.463387, 

351.834, 118, 0, 0.463387, 

351.834, 119, 0, 0.463387, 

353.992, 0, 0, 0.463387, 

353.992, 1, 0, 0.463387, 

353.992, 2, 0, 0.463387, 

353.992, 3, 0, 0.463387, 

353.992, 4, 0, 0.463387, 

353.992, 5, 0, 0.463387, 

353.992, 6, 0, 0.463387, 

353.992, 7, 0, 0.463387, 

353.992, 8, 0, 0.463387, 

353.992, 9, 0, 0.463387, 

353.992, 10, 0, 0.463387, 

353.992, 11, 0, 0.463387, 

353.992, 12, 0, 0.463387, 

353.992, 13, 0, 0.463387, 

353.992, 14, 0, 0.463387, 

353.992, 15, 0, 0.463387, 

353.992, 16, 0, 0.463387, 

353.992, 17, 0, 0.463387, 

353.992, 18, 0, 0.463387, 

353.992, 19, 0, 0.463387, 

353.992, 20, 0, 0.463387, 

353.992, 21, 0, 0.463387, 

353.992, 22, 0, 0.463387, 

353.992, 23, 0, 0.463387, 

353.992, 24, 0, 0.463387, 

353.992, 25, 0, 0.463387, 

353.992, 26, 0, 0.463387, 

353.992, 27, 0, 0.463387, 

353.992, 28, 0, 0.463387, 

353.992, 29, 0, 0.463387, 

353.992, 30, 0, 0.463387, 

353.992, 31, 0, 0.463387, 

353.992, 32, 0, 0.463387, 

353.992, 33, 0, 0.463387, 

353.992, 34, 0, 0.463387, 

353.992, 35, 0, 0.463387, 

353.992, 36, 0, 0.463387, 

353.992, 37, 0, 0.463387, 

353.992, 38, 0, 0.463387, 

353.992, 39, 0, 0.463387, 

353.992, 40, 0, 0.463387, 

353.992, 41, 0, 0.463387, 

353.992, 42, 0, 0.463387, 

353.992, 43, 0, 0.463387, 

353.992, 44, 0, 0.463387, 

353.992, 45, 0, 0.463387, 

353.992, 46, 0, 0.463387, 

353.992, 47, 0, 0.463387, 

353.992, 48, 0, 0.463387, 

353.992, 49, 0, 0.463387, 

353.992, 50, 0, 0.463387, 

353.992, 51, 0, 0.463387, 

353.992, 52, 0, 0.463387, 

353.992, 53, 0, 0.463387, 

353.992, 54, 0, 0.463387, 

353.992, 55, 0, 0.463387, 

353.992, 56, 0, 0.463387, 

353.992, 57, 0, 0.463387, 

353.992, 58, 0, 0.463387, 

353.992, 59, 0, 0.463387, 

353.992, 60, 0, 0.463387, 

353.992, 61, 0, 0.463387, 

353.992, 62, 0, 0.463387, 

353.992, 63, 0, 0.463387, 

353.992, 64, 0, 0.463387, 

353.992, 65, 0, 0.463387, 

353.992, 66, 0, 0.463387, 

353.992, 67, 0, 0.463387, 

353.992, 68, 0, 0.463387, 

353.992, 69, 0, 0.463387, 

353.992, 70, 0, 0.463387, 

353.992, 71, 0, 0.463387, 

353.992, 72, 0, 0.463387, 

353.992, 73, 0, 0.463387, 

353.992, 74, 0, 0.463387, 

353.992, 75, 0, 0.463387, 

353.992, 76, 0, 0.463387, 

353.992, 77, 0, 0.463387, 

353.992, 78, 0, 0.463387, 

353.992, 79, 0, 0.463387, 

353.992, 80, 0, 0.463387, 

353.992, 81, 0, 0.463387, 

353.992, 82, 0, 0.463387, 

353.992, 83, 0, 0.463387, 

353.992, 84, 0, 0.463387, 

353.992, 85, 0, 0.463387, 

353.992, 86, 0, 0.463387, 

353.992, 87, 0, 0.463387, 

353.992, 88, 0, 0.463387, 

353.992, 89, 0, 0.463387, 

353.992, 90, 0, 0.463387, 

353.992, 91, 0, 0.463387, 

353.992, 92, 0, 0.463387, 

353.992, 93, 0, 0.463387, 

353.992, 94, 0, 0.463387, 

353.992, 95, 0, 0.463387, 

353.992, 96, 0, 0.463387, 

353.992, 97, 0, 0.463387, 

353.992, 98, 0, 0.463387, 

353.992, 99, 0, 0.463387, 

353.992, 100, 0, 0.463387, 

353.992, 101, 0, 0.463387, 

353.992, 102, 0, 0.463387, 

353.992, 103, 0, 0.463387, 

353.992, 104, 0, 0.463387, 

353.992, 105, 0, 0.463387, 

353.992, 106, 0, 0.463387, 

353.992, 107, 0, 0.463387, 

353.992, 108, 0, 0.463387, 

353.992, 109, 0, 0.463387, 

353.992, 110, 0, 0.463387, 

353.992, 111, 0, 0.463387, 

353.992, 112, 0, 0.463387, 

353.992, 113, 0, 0.463387, 

353.992, 114, 0, 0.463387, 

353.992, 115, 0, 0.463387, 

353.992, 116, 0, 0.463387, 

353.992, 117, 0, 0.463387, 

353.992, 118, 0, 0.463387, 

353.992, 119, 0, 0.463387, 

356.15, 0, 0, 0.463387, 

356.15, 1, 0, 0.463387, 

356.15, 2, 0, 0.463387, 

356.15, 3, 0, 0.463387, 

356.15, 4, 0, 0.463387, 

356.15, 5, 0, 0.463387, 

356.15, 6, 0, 0.463387, 

356.15, 7, 0, 0.463387, 

356.15, 8, 0, 0.463387, 

356.15, 9, 0, 0.463387, 

356.15, 10, 0, 0.463387, 

356.15, 11, 0, 0.463387, 

356.15, 12, 0, 0.463387, 

356.15, 13, 0, 0.463387, 

356.15, 14, 0, 0.463387, 

356.15, 15, 0, 0.463387, 

356.15, 16, 0, 0.463387, 

356.15, 17, 0, 0.463387, 

356.15, 18, 0, 0.463387, 

356.15, 19, 0, 0.463387, 

356.15, 20, 0, 0.463387, 

356.15, 21, 0, 0.463387, 

356.15, 22, 0, 0.463387, 

356.15, 23, 0, 0.463387, 

356.15, 24, 0, 0.463387, 

356.15, 25, 0, 0.463387, 

356.15, 26, 0, 0.463387, 

356.15, 27, 0, 0.463387, 

356.15, 28, 0, 0.463387, 

356.15, 29, 0, 0.463387, 

356.15, 30, 0, 0.463387, 

356.15, 31, 0, 0.463387, 

356.15, 32, 0, 0.463387, 

356.15, 33, 0, 0.463387, 

356.15, 34, 0, 0.463387, 

356.15, 35, 0, 0.463387, 

356.15, 36, 0, 0.463387, 

356.15, 37, 0, 0.463387, 

356.15, 38, 0, 0.463387, 

356.15, 39, 0, 0.463387, 

356.15, 40, 0, 0.463387, 

356.15, 41, 0, 0.463387, 

356.15, 42, 0, 0.463387, 

356.15, 43, 0, 0.463387, 

356.15, 44, 0, 0.463387, 

356.15, 45, 0, 0.463387, 

356.15, 46, 0, 0.463387, 

356.15, 47, 0, 0.463387, 

356.15, 48, 0, 0.463387, 

356.15, 49, 0, 0.463387, 

356.15, 50, 0, 0.463387, 

356.15, 51, 0, 0.463387, 

356.15, 52, 0, 0.463387, 

356.15, 53, 0, 0.463387, 

356.15, 54, 0, 0.463387, 

356.15, 55, 0, 0.463387, 

356.15, 56, 0, 0.463387, 

356.15, 57, 0, 0.463387, 

356.15, 58, 0, 0.463387, 

356.15, 59, 0, 0.463387, 

356.15, 60, 0, 0.463387, 

356.15, 61, 0, 0.463387, 

356.15, 62, 0, 0.463387, 

356.15, 63, 0, 0.463387, 

356.15, 64, 0, 0.463387, 

356.15, 65, 0, 0.463387, 

356.15, 66, 0, 0.463387, 

356.15, 67, 0, 0.463387, 

356.15, 68, 0, 0.463387, 

356.15, 69, 0, 0.463387, 

356.15, 70, 0, 0.463387, 

356.15, 71, 0, 0.463387, 

356.15, 72, 0, 0.463387, 

356.15, 73, 0, 0.463387, 

356.15, 74, 0, 0.463387, 

356.15, 75, 0, 0.463387, 

356.15, 76, 0, 0.463387, 

356.15, 77, 0, 0.463387, 

356.15, 78, 0, 0.463387, 

356.15, 79, 0, 0.463387, 

356.15, 80, 0, 0.463387, 

356.15, 81, 0, 0.463387, 

356.15, 82, 0, 0.463387, 

356.15, 83, 0, 0.463387, 

356.15, 84, 0, 0.463387, 

356.15, 85, 0, 0.463387, 

356.15, 86, 0, 0.463387, 

356.15, 87, 0, 0.463387, 

356.15, 88, 0, 0.463387, 

356.15, 89, 0, 0.463387, 

356.15, 90, 0, 0.463387, 

356.15, 91, 0, 0.463387, 

356.15, 92, 0, 0.463387, 

356.15, 93, 0, 0.463387, 

356.15, 94, 0, 0.463387, 

356.15, 95, 0, 0.463387, 

356.15, 96, 0, 0.463387, 

356.15, 97, 0, 0.463387, 

356.15, 98, 0, 0.463387, 

356.15, 99, 0, 0.463387, 

356.15, 100, 0, 0.463387, 

356.15, 101, 0, 0.463387, 

356.15, 102, 0, 0.463387, 

356.15, 103, 0, 0.463387, 

356.15, 104, 0, 0.463387, 

356.15, 105, 0, 0.463387, 

356.15, 106, 0, 0.463387, 

356.15, 107, 0, 0.463387, 

356.15, 108, 0, 0.463387, 

356.15, 109, 0, 0.463387, 

356.15, 110, 0, 0.463387, 

356.15, 111, 0, 0.463387, 

356.15, 112, 0, 0.463387, 

356.15, 113, 0, 0.463387, 

356.15, 114, 0, 0.463387, 

356.15, 115, 0, 0.463387, 

356.15, 116, 0, 0.463387, 

356.15, 117, 0, 0.463387, 

356.15, 118, 0, 0.463387, 

356.15, 119, 0, 0.463387, 

358.308, 0, 0, 0.463387, 

358.308, 1, 0, 0.463387, 

358.308, 2, 0, 0.463387, 

358.308, 3, 0, 0.463387, 

358.308, 4, 0, 0.463387, 

358.308, 5, 0, 0.463387, 

358.308, 6, 0, 0.463387, 

358.308, 7, 0, 0.463387, 

358.308, 8, 0, 0.463387, 

358.308, 9, 0, 0.463387, 

358.308, 10, 0, 0.463387, 

358.308, 11, 0, 0.463387, 

358.308, 12, 0, 0.463387, 

358.308, 13, 0, 0.463387, 

358.308, 14, 0, 0.463387, 

358.308, 15, 0, 0.463387, 

358.308, 16, 0, 0.463387, 

358.308, 17, 0, 0.463387, 

358.308, 18, 0, 0.463387, 

358.308, 19, 0, 0.463387, 

358.308, 20, 0, 0.463387, 

358.308, 21, 0, 0.463387, 

358.308, 22, 0, 0.463387, 

358.308, 23, 0, 0.463387, 

358.308, 24, 0, 0.463387, 

358.308, 25, 0, 0.463387, 

358.308, 26, 0, 0.463387, 

358.308, 27, 0, 0.463387, 

358.308, 28, 0, 0.463387, 

358.308, 29, 0, 0.463387, 

358.308, 30, 0, 0.463387, 

358.308, 31, 0, 0.463387, 

358.308, 32, 0, 0.463387, 

358.308, 33, 0, 0.463387, 

358.308, 34, 0, 0.463387, 

358.308, 35, 0, 0.463387, 

358.308, 36, 0, 0.463387, 

358.308, 37, 0, 0.463387, 

358.308, 38, 0, 0.463387, 

358.308, 39, 0, 0.463387, 

358.308, 40, 0, 0.463387, 

358.308, 41, 0, 0.463387, 

358.308, 42, 0, 0.463387, 

358.308, 43, 0, 0.463387, 

358.308, 44, 0, 0.463387, 

358.308, 45, 0, 0.463387, 

358.308, 46, 0, 0.463387, 

358.308, 47, 0, 0.463387, 

358.308, 48, 0, 0.463387, 

358.308, 49, 0, 0.463387, 

358.308, 50, 0, 0.463387, 

358.308, 51, 0, 0.463387, 

358.308, 52, 0, 0.463387, 

358.308, 53, 0, 0.463387, 

358.308, 54, 0, 0.463387, 

358.308, 55, 0, 0.463387, 

358.308, 56, 0, 0.463387, 

358.308, 57, 0, 0.463387, 

358.308, 58, 0, 0.463387, 

358.308, 59, 0, 0.463387, 

358.308, 60, 0, 0.463387, 

358.308, 61, 0, 0.463387, 

358.308, 62, 0, 0.463387, 

358.308, 63, 0, 0.463387, 

358.308, 64, 0, 0.463387, 

358.308, 65, 0, 0.463387, 

358.308, 66, 0, 0.463387, 

358.308, 67, 0, 0.463387, 

358.308, 68, 0, 0.463387, 

358.308, 69, 0, 0.463387, 

358.308, 70, 0, 0.463387, 

358.308, 71, 0, 0.463387, 

358.308, 72, 0, 0.463387, 

358.308, 73, 0, 0.463387, 

358.308, 74, 0, 0.463387, 

358.308, 75, 0, 0.463387, 

358.308, 76, 0, 0.463387, 

358.308, 77, 0, 0.463387, 

358.308, 78, 0, 0.463387, 

358.308, 79, 0, 0.463387, 

358.308, 80, 0, 0.463387, 

358.308, 81, 0, 0.463387, 

358.308, 82, 0, 0.463387, 

358.308, 83, 0, 0.463387, 

358.308, 84, 0, 0.463387, 

358.308, 85, 0, 0.463387, 

358.308, 86, 0, 0.463387, 

358.308, 87, 0, 0.463387, 

358.308, 88, 0, 0.463387, 

358.308, 89, 0, 0.463387, 

358.308, 90, 0, 0.463387, 

358.308, 91, 0, 0.463387, 

358.308, 92, 0, 0.463387, 

358.308, 93, 0, 0.463387, 

358.308, 94, 0, 0.463387, 

358.308, 95, 0, 0.463387, 

358.308, 96, 0, 0.463387, 

358.308, 97, 0, 0.463387, 

358.308, 98, 0, 0.463387, 

358.308, 99, 0, 0.463387, 

358.308, 100, 0, 0.463387, 

358.308, 101, 0, 0.463387, 

358.308, 102, 0, 0.463387, 

358.308, 103, 0, 0.463387, 

358.308, 104, 0, 0.463387, 

358.308, 105, 0, 0.463387, 

358.308, 106, 0, 0.463387, 

358.308, 107, 0, 0.463387, 

358.308, 108, 0, 0.463387, 

358.308, 109, 0, 0.463387, 

358.308, 110, 0, 0.463387, 

358.308, 111, 0, 0.463387, 

358.308, 112, 0, 0.463387, 

358.308, 113, 0, 0.463387, 

358.308, 114, 0, 0.463387, 

358.308, 115, 0, 0.463387, 

358.308, 116, 0, 0.463387, 

358.308, 117, 0, 0.463387, 

358.308, 118, 0, 0.463387, 

358.308, 119, 0, 0.463387, 

360.466, 0, 0, 0.463387, 

360.466, 1, 0, 0.463387, 

360.466, 2, 0, 0.463387, 

360.466, 3, 0, 0.463387, 

360.466, 4, 0, 0.463387, 

360.466, 5, 0, 0.463387, 

360.466, 6, 0, 0.463387, 

360.466, 7, 0, 0.463387, 

360.466, 8, 0, 0.463387, 

360.466, 9, 0, 0.463387, 

360.466, 10, 0, 0.463387, 

360.466, 11, 0, 0.463387, 

360.466, 12, 0, 0.463387, 

360.466, 13, 0, 0.463387, 

360.466, 14, 0, 0.463387, 

360.466, 15, 0, 0.463387, 

360.466, 16, 0, 0.463387, 

360.466, 17, 0, 0.463387, 

360.466, 18, 0, 0.463387, 

360.466, 19, 0, 0.463387, 

360.466, 20, 0, 0.463387, 

360.466, 21, 0, 0.463387, 

360.466, 22, 0, 0.463387, 

360.466, 23, 0, 0.463387, 

360.466, 24, 0, 0.463387, 

360.466, 25, 0, 0.463387, 

360.466, 26, 0, 0.463387, 

360.466, 27, 0, 0.463387, 

360.466, 28, 0, 0.463387, 

360.466, 29, 0, 0.463387, 

360.466, 30, 0, 0.463387, 

360.466, 31, 0, 0.463387, 

360.466, 32, 0, 0.463387, 

360.466, 33, 0, 0.463387, 

360.466, 34, 0, 0.463387, 

360.466, 35, 0, 0.463387, 

360.466, 36, 0, 0.463387, 

360.466, 37, 0, 0.463387, 

360.466, 38, 0, 0.463387, 

360.466, 39, 0, 0.463387, 

360.466, 40, 0, 0.463387, 

360.466, 41, 0, 0.463387, 

360.466, 42, 0, 0.463387, 

360.466, 43, 0, 0.463387, 

360.466, 44, 0, 0.463387, 

360.466, 45, 0, 0.463387, 

360.466, 46, 0, 0.463387, 

360.466, 47, 0, 0.463387, 

360.466, 48, 0, 0.463387, 

360.466, 49, 0, 0.463387, 

360.466, 50, 0, 0.463387, 

360.466, 51, 0, 0.463387, 

360.466, 52, 0, 0.463387, 

360.466, 53, 0, 0.463387, 

360.466, 54, 0, 0.463387, 

360.466, 55, 0, 0.463387, 

360.466, 56, 0, 0.463387, 

360.466, 57, 0, 0.463387, 

360.466, 58, 0, 0.463387, 

360.466, 59, 0, 0.463387, 

360.466, 60, 0, 0.463387, 

360.466, 61, 0, 0.463387, 

360.466, 62, 0, 0.463387, 

360.466, 63, 0, 0.463387, 

360.466, 64, 0, 0.463387, 

360.466, 65, 0, 0.463387, 

360.466, 66, 0, 0.463387, 

360.466, 67, 0, 0.463387, 

360.466, 68, 0, 0.463387, 

360.466, 69, 0, 0.463387, 

360.466, 70, 0, 0.463387, 

360.466, 71, 0, 0.463387, 

360.466, 72, 0, 0.463387, 

360.466, 73, 0, 0.463387, 

360.466, 74, 0, 0.463387, 

360.466, 75, 0, 0.463387, 

360.466, 76, 0, 0.463387, 

360.466, 77, 0, 0.463387, 

360.466, 78, 0, 0.463387, 

360.466, 79, 0, 0.463387, 

360.466, 80, 0, 0.463387, 

360.466, 81, 0, 0.463387, 

360.466, 82, 0, 0.463387, 

360.466, 83, 0, 0.463387, 

360.466, 84, 0, 0.463387, 

360.466, 85, 0, 0.463387, 

360.466, 86, 0, 0.463387, 

360.466, 87, 0, 0.463387, 

360.466, 88, 0, 0.463387, 

360.466, 89, 0, 0.463387, 

360.466, 90, 0, 0.463387, 

360.466, 91, 0, 0.463387, 

360.466, 92, 0, 0.463387, 

360.466, 93, 0, 0.463387, 

360.466, 94, 0, 0.463387, 

360.466, 95, 0, 0.463387, 

360.466, 96, 0, 0.463387, 

360.466, 97, 0, 0.463387, 

360.466, 98, 0, 0.463387, 

360.466, 99, 0, 0.463387, 

360.466, 100, 0, 0.463387, 

360.466, 101, 0, 0.463387, 

360.466, 102, 0, 0.463387, 

360.466, 103, 0, 0.463387, 

360.466, 104, 0, 0.463387, 

360.466, 105, 0, 0.463387, 

360.466, 106, 0, 0.463387, 

360.466, 107, 0, 0.463387, 

360.466, 108, 0, 0.463387, 

360.466, 109, 0, 0.463387, 

360.466, 110, 0, 0.463387, 

360.466, 111, 0, 0.463387, 

360.466, 112, 0, 0.463387, 

360.466, 113, 0, 0.463387, 

360.466, 114, 0, 0.463387, 

360.466, 115, 0, 0.463387, 

360.466, 116, 0, 0.463387, 

360.466, 117, 0, 0.463387, 

360.466, 118, 0, 0.463387, 

360.466, 119, 0, 0.463387, 

362.623, 0, 0, 0.463387, 

362.623, 1, 0, 0.463387, 

362.623, 2, 0, 0.463387, 

362.623, 3, 0, 0.463387, 

362.623, 4, 0, 0.463387, 

362.623, 5, 0, 0.463387, 

362.623, 6, 0, 0.463387, 

362.623, 7, 0, 0.463387, 

362.623, 8, 0, 0.463387, 

362.623, 9, 0, 0.463387, 

362.623, 10, 0, 0.463387, 

362.623, 11, 0, 0.463387, 

362.623, 12, 0, 0.463387, 

362.623, 13, 0, 0.463387, 

362.623, 14, 0, 0.463387, 

362.623, 15, 0, 0.463387, 

362.623, 16, 0, 0.463387, 

362.623, 17, 0, 0.463387, 

362.623, 18, 0, 0.463387, 

362.623, 19, 0, 0.463387, 

362.623, 20, 0, 0.463387, 

362.623, 21, 0, 0.463387, 

362.623, 22, 0, 0.463387, 

362.623, 23, 0, 0.463387, 

362.623, 24, 0, 0.463387, 

362.623, 25, 0, 0.463387, 

362.623, 26, 0, 0.463387, 

362.623, 27, 0, 0.463387, 

362.623, 28, 0, 0.463387, 

362.623, 29, 0, 0.463387, 

362.623, 30, 0, 0.463387, 

362.623, 31, 0, 0.463387, 

362.623, 32, 0, 0.463387, 

362.623, 33, 0, 0.463387, 

362.623, 34, 0, 0.463387, 

362.623, 35, 0, 0.463387, 

362.623, 36, 0, 0.463387, 

362.623, 37, 0, 0.463387, 

362.623, 38, 0, 0.463387, 

362.623, 39, 0, 0.463387, 

362.623, 40, 0, 0.463387, 

362.623, 41, 0, 0.463387, 

362.623, 42, 0, 0.463387, 

362.623, 43, 0, 0.463387, 

362.623, 44, 0, 0.463387, 

362.623, 45, 0, 0.463387, 

362.623, 46, 0, 0.463387, 

362.623, 47, 0, 0.463387, 

362.623, 48, 0, 0.463387, 

362.623, 49, 0, 0.463387, 

362.623, 50, 0, 0.463387, 

362.623, 51, 0, 0.463387, 

362.623, 52, 0, 0.463387, 

362.623, 53, 0, 0.463387, 

362.623, 54, 0, 0.463387, 

362.623, 55, 0, 0.463387, 

362.623, 56, 0, 0.463387, 

362.623, 57, 0, 0.463387, 

362.623, 58, 0, 0.463387, 

362.623, 59, 0, 0.463387, 

362.623, 60, 0, 0.463387, 

362.623, 61, 0, 0.463387, 

362.623, 62, 0, 0.463387, 

362.623, 63, 0, 0.463387, 

362.623, 64, 0, 0.463387, 

362.623, 65, 0, 0.463387, 

362.623, 66, 0, 0.463387, 

362.623, 67, 0, 0.463387, 

362.623, 68, 0, 0.463387, 

362.623, 69, 0, 0.463387, 

362.623, 70, 0, 0.463387, 

362.623, 71, 0, 0.463387, 

362.623, 72, 0, 0.463387, 

362.623, 73, 0, 0.463387, 

362.623, 74, 0, 0.463387, 

362.623, 75, 0, 0.463387, 

362.623, 76, 0, 0.463387, 

362.623, 77, 0, 0.463387, 

362.623, 78, 0, 0.463387, 

362.623, 79, 0, 0.463387, 

362.623, 80, 0, 0.463387, 

362.623, 81, 0, 0.463387, 

362.623, 82, 0, 0.463387, 

362.623, 83, 0, 0.463387, 

362.623, 84, 0, 0.463387, 

362.623, 85, 0, 0.463387, 

362.623, 86, 0, 0.463387, 

362.623, 87, 0, 0.463387, 

362.623, 88, 0, 0.463387, 

362.623, 89, 0, 0.463387, 

362.623, 90, 0, 0.463387, 

362.623, 91, 0, 0.463387, 

362.623, 92, 0, 0.463387, 

362.623, 93, 0, 0.463387, 

362.623, 94, 0, 0.463387, 

362.623, 95, 0, 0.463387, 

362.623, 96, 0, 0.463387, 

362.623, 97, 0, 0.463387, 

362.623, 98, 0, 0.463387, 

362.623, 99, 0, 0.463387, 

362.623, 100, 0, 0.463387, 

362.623, 101, 0, 0.463387, 

362.623, 102, 0, 0.463387, 

362.623, 103, 0, 0.463387, 

362.623, 104, 0, 0.463387, 

362.623, 105, 0, 0.463387, 

362.623, 106, 0, 0.463387, 

362.623, 107, 0, 0.463387, 

362.623, 108, 0, 0.463387, 

362.623, 109, 0, 0.463387, 

362.623, 110, 0, 0.463387, 

362.623, 111, 0, 0.463387, 

362.623, 112, 0, 0.463387, 

362.623, 113, 0, 0.463387, 

362.623, 114, 0, 0.463387, 

362.623, 115, 0, 0.463387, 

362.623, 116, 0, 0.463387, 

362.623, 117, 0, 0.463387, 

362.623, 118, 0, 0.463387, 

362.623, 119, 0, 0.463387, 

364.781, 0, 0, 0.463387, 

364.781, 1, 0, 0.463387, 

364.781, 2, 0, 0.463387, 

364.781, 3, 0, 0.463387, 

364.781, 4, 0, 0.463387, 

364.781, 5, 0, 0.463387, 

364.781, 6, 0, 0.463387, 

364.781, 7, 0, 0.463387, 

364.781, 8, 0, 0.463387, 

364.781, 9, 0, 0.463387, 

364.781, 10, 0, 0.463387, 

364.781, 11, 0, 0.463387, 

364.781, 12, 0, 0.463387, 

364.781, 13, 0, 0.463387, 

364.781, 14, 0, 0.463387, 

364.781, 15, 0, 0.463387, 

364.781, 16, 0, 0.463387, 

364.781, 17, 0, 0.463387, 

364.781, 18, 0, 0.463387, 

364.781, 19, 0, 0.463387, 

364.781, 20, 0, 0.463387, 

364.781, 21, 0, 0.463387, 

364.781, 22, 0, 0.463387, 

364.781, 23, 0, 0.463387, 

364.781, 24, 0, 0.463387, 

364.781, 25, 0, 0.463387, 

364.781, 26, 0, 0.463387, 

364.781, 27, 0, 0.463387, 

364.781, 28, 0, 0.463387, 

364.781, 29, 0, 0.463387, 

364.781, 30, 0, 0.463387, 

364.781, 31, 0, 0.463387, 

364.781, 32, 0, 0.463387, 

364.781, 33, 0, 0.463387, 

364.781, 34, 0, 0.463387, 

364.781, 35, 0, 0.463387, 

364.781, 36, 0, 0.463387, 

364.781, 37, 0, 0.463387, 

364.781, 38, 0, 0.463387, 

364.781, 39, 0, 0.463387, 

364.781, 40, 0, 0.463387, 

364.781, 41, 0, 0.463387, 

364.781, 42, 0, 0.463387, 

364.781, 43, 0, 0.463387, 

364.781, 44, 0, 0.463387, 

364.781, 45, 0, 0.463387, 

364.781, 46, 0, 0.463387, 

364.781, 47, 0, 0.463387, 

364.781, 48, 0, 0.463387, 

364.781, 49, 0, 0.463387, 

364.781, 50, 0, 0.463387, 

364.781, 51, 0, 0.463387, 

364.781, 52, 0, 0.463387, 

364.781, 53, 0, 0.463387, 

364.781, 54, 0, 0.463387, 

364.781, 55, 0, 0.463387, 

364.781, 56, 0, 0.463387, 

364.781, 57, 0, 0.463387, 

364.781, 58, 0, 0.463387, 

364.781, 59, 0, 0.463387, 

364.781, 60, 0, 0.463387, 

364.781, 61, 0, 0.463387, 

364.781, 62, 0, 0.463387, 

364.781, 63, 0, 0.463387, 

364.781, 64, 0, 0.463387, 

364.781, 65, 0, 0.463387, 

364.781, 66, 0, 0.463387, 

364.781, 67, 0, 0.463387, 

364.781, 68, 0, 0.463387, 

364.781, 69, 0, 0.463387, 

364.781, 70, 0, 0.463387, 

364.781, 71, 0, 0.463387, 

364.781, 72, 0, 0.463387, 

364.781, 73, 0, 0.463387, 

364.781, 74, 0, 0.463387, 

364.781, 75, 0, 0.463387, 

364.781, 76, 0, 0.463387, 

364.781, 77, 0, 0.463387, 

364.781, 78, 0, 0.463387, 

364.781, 79, 0, 0.463387, 

364.781, 80, 0, 0.463387, 

364.781, 81, 0, 0.463387, 

364.781, 82, 0, 0.463387, 

364.781, 83, 0, 0.463387, 

364.781, 84, 0, 0.463387, 

364.781, 85, 0, 0.463387, 

364.781, 86, 0, 0.463387, 

364.781, 87, 0, 0.463387, 

364.781, 88, 0, 0.463387, 

364.781, 89, 0, 0.463387, 

364.781, 90, 0, 0.463387, 

364.781, 91, 0, 0.463387, 

364.781, 92, 0, 0.463387, 

364.781, 93, 0, 0.463387, 

364.781, 94, 0, 0.463387, 

364.781, 95, 0, 0.463387, 

364.781, 96, 0, 0.463387, 

364.781, 97, 0, 0.463387, 

364.781, 98, 0, 0.463387, 

364.781, 99, 0, 0.463387, 

364.781, 100, 0, 0.463387, 

364.781, 101, 0, 0.463387, 

364.781, 102, 0, 0.463387, 

364.781, 103, 0, 0.463387, 

364.781, 104, 0, 0.463387, 

364.781, 105, 0, 0.463387, 

364.781, 106, 0, 0.463387, 

364.781, 107, 0, 0.463387, 

364.781, 108, 0, 0.463387, 

364.781, 109, 0, 0.463387, 

364.781, 110, 0, 0.463387, 

364.781, 111, 0, 0.463387, 

364.781, 112, 0, 0.463387, 

364.781, 113, 0, 0.463387, 

364.781, 114, 0, 0.463387, 

364.781, 115, 0, 0.463387, 

364.781, 116, 0, 0.463387, 

364.781, 117, 0, 0.463387, 

364.781, 118, 0, 0.463387, 

364.781, 119, 0, 0.463387, 

366.939, 0, 0, 0.463387, 

366.939, 1, 0, 0.463387, 

366.939, 2, 0, 0.463387, 

366.939, 3, 0, 0.463387, 

366.939, 4, 0, 0.463387, 

366.939, 5, 0, 0.463387, 

366.939, 6, 0, 0.463387, 

366.939, 7, 0, 0.463387, 

366.939, 8, 0, 0.463387, 

366.939, 9, 0, 0.463387, 

366.939, 10, 0, 0.463387, 

366.939, 11, 0, 0.463387, 

366.939, 12, 0, 0.463387, 

366.939, 13, 0, 0.463387, 

366.939, 14, 0, 0.463387, 

366.939, 15, 0, 0.463387, 

366.939, 16, 0, 0.463387, 

366.939, 17, 0, 0.463387, 

366.939, 18, 0, 0.463387, 

366.939, 19, 0, 0.463387, 

366.939, 20, 0, 0.463387, 

366.939, 21, 0, 0.463387, 

366.939, 22, 0, 0.463387, 

366.939, 23, 0, 0.463387, 

366.939, 24, 0, 0.463387, 

366.939, 25, 0, 0.463387, 

366.939, 26, 0, 0.463387, 

366.939, 27, 0, 0.463387, 

366.939, 28, 0, 0.463387, 

366.939, 29, 0, 0.463387, 

366.939, 30, 0, 0.463387, 

366.939, 31, 0, 0.463387, 

366.939, 32, 0, 0.463387, 

366.939, 33, 0, 0.463387, 

366.939, 34, 0, 0.463387, 

366.939, 35, 0, 0.463387, 

366.939, 36, 0, 0.463387, 

366.939, 37, 0, 0.463387, 

366.939, 38, 0, 0.463387, 

366.939, 39, 0, 0.463387, 

366.939, 40, 0, 0.463387, 

366.939, 41, 0, 0.463387, 

366.939, 42, 0, 0.463387, 

366.939, 43, 0, 0.463387, 

366.939, 44, 0, 0.463387, 

366.939, 45, 0, 0.463387, 

366.939, 46, 0, 0.463387, 

366.939, 47, 0, 0.463387, 

366.939, 48, 0, 0.463387, 

366.939, 49, 0, 0.463387, 

366.939, 50, 0, 0.463387, 

366.939, 51, 0, 0.463387, 

366.939, 52, 0, 0.463387, 

366.939, 53, 0, 0.463387, 

366.939, 54, 0, 0.463387, 

366.939, 55, 0, 0.463387, 

366.939, 56, 0, 0.463387, 

366.939, 57, 0, 0.463387, 

366.939, 58, 0, 0.463387, 

366.939, 59, 0, 0.463387, 

366.939, 60, 0, 0.463387, 

366.939, 61, 0, 0.463387, 

366.939, 62, 0, 0.463387, 

366.939, 63, 0, 0.463387, 

366.939, 64, 0, 0.463387, 

366.939, 65, 0, 0.463387, 

366.939, 66, 0, 0.463387, 

366.939, 67, 0, 0.463387, 

366.939, 68, 0, 0.463387, 

366.939, 69, 0, 0.463387, 

366.939, 70, 0, 0.463387, 

366.939, 71, 0, 0.463387, 

366.939, 72, 0, 0.463387, 

366.939, 73, 0, 0.463387, 

366.939, 74, 0, 0.463387, 

366.939, 75, 0, 0.463387, 

366.939, 76, 0, 0.463387, 

366.939, 77, 0, 0.463387, 

366.939, 78, 0, 0.463387, 

366.939, 79, 0, 0.463387, 

366.939, 80, 0, 0.463387, 

366.939, 81, 0, 0.463387, 

366.939, 82, 0, 0.463387, 

366.939, 83, 0, 0.463387, 

366.939, 84, 0, 0.463387, 

366.939, 85, 0, 0.463387, 

366.939, 86, 0, 0.463387, 

366.939, 87, 0, 0.463387, 

366.939, 88, 0, 0.463387, 

366.939, 89, 0, 0.463387, 

366.939, 90, 0, 0.463387, 

366.939, 91, 0, 0.463387, 

366.939, 92, 0, 0.463387, 

366.939, 93, 0, 0.463387, 

366.939, 94, 0, 0.463387, 

366.939, 95, 0, 0.463387, 

366.939, 96, 0, 0.463387, 

366.939, 97, 0, 0.463387, 

366.939, 98, 0, 0.463387, 

366.939, 99, 0, 0.463387, 

366.939, 100, 0, 0.463387, 

366.939, 101, 0, 0.463387, 

366.939, 102, 0, 0.463387, 

366.939, 103, 0, 0.463387, 

366.939, 104, 0, 0.463387, 

366.939, 105, 0, 0.463387, 

366.939, 106, 0, 0.463387, 

366.939, 107, 0, 0.463387, 

366.939, 108, 0, 0.463387, 

366.939, 109, 0, 0.463387, 

366.939, 110, 0, 0.463387, 

366.939, 111, 0, 0.463387, 

366.939, 112, 0, 0.463387, 

366.939, 113, 0, 0.463387, 

366.939, 114, 0, 0.463387, 

366.939, 115, 0, 0.463387, 

366.939, 116, 0, 0.463387, 

366.939, 117, 0, 0.463387, 

366.939, 118, 0, 0.463387, 

366.939, 119, 0, 0.463387, 

369.097, 0, 0, 0.463387, 

369.097, 1, 0, 0.463387, 

369.097, 2, 0, 0.463387, 

369.097, 3, 0, 0.463387, 

369.097, 4, 0, 0.463387, 

369.097, 5, 0, 0.463387, 

369.097, 6, 0, 0.463387, 

369.097, 7, 0, 0.463387, 

369.097, 8, 0, 0.463387, 

369.097, 9, 0, 0.463387, 

369.097, 10, 0, 0.463387, 

369.097, 11, 0, 0.463387, 

369.097, 12, 0, 0.463387, 

369.097, 13, 0, 0.463387, 

369.097, 14, 0, 0.463387, 

369.097, 15, 0, 0.463387, 

369.097, 16, 0, 0.463387, 

369.097, 17, 0, 0.463387, 

369.097, 18, 0, 0.463387, 

369.097, 19, 0, 0.463387, 

369.097, 20, 0, 0.463387, 

369.097, 21, 0, 0.463387, 

369.097, 22, 0, 0.463387, 

369.097, 23, 0, 0.463387, 

369.097, 24, 0, 0.463387, 

369.097, 25, 0, 0.463387, 

369.097, 26, 0, 0.463387, 

369.097, 27, 0, 0.463387, 

369.097, 28, 0, 0.463387, 

369.097, 29, 0, 0.463387, 

369.097, 30, 0, 0.463387, 

369.097, 31, 0, 0.463387, 

369.097, 32, 0, 0.463387, 

369.097, 33, 0, 0.463387, 

369.097, 34, 0, 0.463387, 

369.097, 35, 0, 0.463387, 

369.097, 36, 0, 0.463387, 

369.097, 37, 0, 0.463387, 

369.097, 38, 0, 0.463387, 

369.097, 39, 0, 0.463387, 

369.097, 40, 0, 0.463387, 

369.097, 41, 0, 0.463387, 

369.097, 42, 0, 0.463387, 

369.097, 43, 0, 0.463387, 

369.097, 44, 0, 0.463387, 

369.097, 45, 0, 0.463387, 

369.097, 46, 0, 0.463387, 

369.097, 47, 0, 0.463387, 

369.097, 48, 0, 0.463387, 

369.097, 49, 0, 0.463387, 

369.097, 50, 0, 0.463387, 

369.097, 51, 0, 0.463387, 

369.097, 52, 0, 0.463387, 

369.097, 53, 0, 0.463387, 

369.097, 54, 0, 0.463387, 

369.097, 55, 0, 0.463387, 

369.097, 56, 0, 0.463387, 

369.097, 57, 0, 0.463387, 

369.097, 58, 0, 0.463387, 

369.097, 59, 0, 0.463387, 

369.097, 60, 0, 0.463387, 

369.097, 61, 0, 0.463387, 

369.097, 62, 0, 0.463387, 

369.097, 63, 0, 0.463387, 

369.097, 64, 0, 0.463387, 

369.097, 65, 0, 0.463387, 

369.097, 66, 0, 0.463387, 

369.097, 67, 0, 0.463387, 

369.097, 68, 0, 0.463387, 

369.097, 69, 0, 0.463387, 

369.097, 70, 0, 0.463387, 

369.097, 71, 0, 0.463387, 

369.097, 72, 0, 0.463387, 

369.097, 73, 0, 0.463387, 

369.097, 74, 0, 0.463387, 

369.097, 75, 0, 0.463387, 

369.097, 76, 0, 0.463387, 

369.097, 77, 0, 0.463387, 

369.097, 78, 0, 0.463387, 

369.097, 79, 0, 0.463387, 

369.097, 80, 0, 0.463387, 

369.097, 81, 0, 0.463387, 

369.097, 82, 0, 0.463387, 

369.097, 83, 0, 0.463387, 

369.097, 84, 0, 0.463387, 

369.097, 85, 0, 0.463387, 

369.097, 86, 0, 0.463387, 

369.097, 87, 0, 0.463387, 

369.097, 88, 0, 0.463387, 

369.097, 89, 0, 0.463387, 

369.097, 90, 0, 0.463387, 

369.097, 91, 0, 0.463387, 

369.097, 92, 0, 0.463387, 

369.097, 93, 0, 0.463387, 

369.097, 94, 0, 0.463387, 

369.097, 95, 0, 0.463387, 

369.097, 96, 0, 0.463387, 

369.097, 97, 0, 0.463387, 

369.097, 98, 0, 0.463387, 

369.097, 99, 0, 0.463387, 

369.097, 100, 0, 0.463387, 

369.097, 101, 0, 0.463387, 

369.097, 102, 0, 0.463387, 

369.097, 103, 0, 0.463387, 

369.097, 104, 0, 0.463387, 

369.097, 105, 0, 0.463387, 

369.097, 106, 0, 0.463387, 

369.097, 107, 0, 0.463387, 

369.097, 108, 0, 0.463387, 

369.097, 109, 0, 0.463387, 

369.097, 110, 0, 0.463387, 

369.097, 111, 0, 0.463387, 

369.097, 112, 0, 0.463387, 

369.097, 113, 0, 0.463387, 

369.097, 114, 0, 0.463387, 

369.097, 115, 0, 0.463387, 

369.097, 116, 0, 0.463387, 

369.097, 117, 0, 0.463387, 

369.097, 118, 0, 0.463387, 

369.097, 119, 0, 0.463387, 

371.255, 0, 0, 0.463387, 

371.255, 1, 0, 0.463387, 

371.255, 2, 0, 0.463387, 

371.255, 3, 0, 0.463387, 

371.255, 4, 0, 0.463387, 

371.255, 5, 0, 0.463387, 

371.255, 6, 0, 0.463387, 

371.255, 7, 0, 0.463387, 

371.255, 8, 0, 0.463387, 

371.255, 9, 0, 0.463387, 

371.255, 10, 0, 0.463387, 

371.255, 11, 0, 0.463387, 

371.255, 12, 0, 0.463387, 

371.255, 13, 0, 0.463387, 

371.255, 14, 0, 0.463387, 

371.255, 15, 0, 0.463387, 

371.255, 16, 0, 0.463387, 

371.255, 17, 0, 0.463387, 

371.255, 18, 0, 0.463387, 

371.255, 19, 0, 0.463387, 

371.255, 20, 0, 0.463387, 

371.255, 21, 0, 0.463387, 

371.255, 22, 0, 0.463387, 

371.255, 23, 0, 0.463387, 

371.255, 24, 0, 0.463387, 

371.255, 25, 0, 0.463387, 

371.255, 26, 0, 0.463387, 

371.255, 27, 0, 0.463387, 

371.255, 28, 0, 0.463387, 

371.255, 29, 0, 0.463387, 

371.255, 30, 0, 0.463387, 

371.255, 31, 0, 0.463387, 

371.255, 32, 0, 0.463387, 

371.255, 33, 0, 0.463387, 

371.255, 34, 0, 0.463387, 

371.255, 35, 0, 0.463387, 

371.255, 36, 0, 0.463387, 

371.255, 37, 0, 0.463387, 

371.255, 38, 0, 0.463387, 

371.255, 39, 0, 0.463387, 

371.255, 40, 0, 0.463387, 

371.255, 41, 0, 0.463387, 

371.255, 42, 0, 0.463387, 

371.255, 43, 0, 0.463387, 

371.255, 44, 0, 0.463387, 

371.255, 45, 0, 0.463387, 

371.255, 46, 0, 0.463387, 

371.255, 47, 0, 0.463387, 

371.255, 48, 0, 0.463387, 

371.255, 49, 0, 0.463387, 

371.255, 50, 0, 0.463387, 

371.255, 51, 0, 0.463387, 

371.255, 52, 0, 0.463387, 

371.255, 53, 0, 0.463387, 

371.255, 54, 0, 0.463387, 

371.255, 55, 0, 0.463387, 

371.255, 56, 0, 0.463387, 

371.255, 57, 0, 0.463387, 

371.255, 58, 0, 0.463387, 

371.255, 59, 0, 0.463387, 

371.255, 60, 0, 0.463387, 

371.255, 61, 0, 0.463387, 

371.255, 62, 0, 0.463387, 

371.255, 63, 0, 0.463387, 

371.255, 64, 0, 0.463387, 

371.255, 65, 0, 0.463387, 

371.255, 66, 0, 0.463387, 

371.255, 67, 0, 0.463387, 

371.255, 68, 0, 0.463387, 

371.255, 69, 0, 0.463387, 

371.255, 70, 0, 0.463387, 

371.255, 71, 0, 0.463387, 

371.255, 72, 0, 0.463387, 

371.255, 73, 0, 0.463387, 

371.255, 74, 0, 0.463387, 

371.255, 75, 0, 0.463387, 

371.255, 76, 0, 0.463387, 

371.255, 77, 0, 0.463387, 

371.255, 78, 0, 0.463387, 

371.255, 79, 0, 0.463387, 

371.255, 80, 0, 0.463387, 

371.255, 81, 0, 0.463387, 

371.255, 82, 0, 0.463387, 

371.255, 83, 0, 0.463387, 

371.255, 84, 0, 0.463387, 

371.255, 85, 0, 0.463387, 

371.255, 86, 0, 0.463387, 

371.255, 87, 0, 0.463387, 

371.255, 88, 0, 0.463387, 

371.255, 89, 0, 0.463387, 

371.255, 90, 0, 0.463387, 

371.255, 91, 0, 0.463387, 

371.255, 92, 0, 0.463387, 

371.255, 93, 0, 0.463387, 

371.255, 94, 0, 0.463387, 

371.255, 95, 0, 0.463387, 

371.255, 96, 0, 0.463387, 

371.255, 97, 0, 0.463387, 

371.255, 98, 0, 0.463387, 

371.255, 99, 0, 0.463387, 

371.255, 100, 0, 0.463387, 

371.255, 101, 0, 0.463387, 

371.255, 102, 0, 0.463387, 

371.255, 103, 0, 0.463387, 

371.255, 104, 0, 0.463387, 

371.255, 105, 0, 0.463387, 

371.255, 106, 0, 0.463387, 

371.255, 107, 0, 0.463387, 

371.255, 108, 0, 0.463387, 

371.255, 109, 0, 0.463387, 

371.255, 110, 0, 0.463387, 

371.255, 111, 0, 0.463387, 

371.255, 112, 0, 0.463387, 

371.255, 113, 0, 0.463387, 

371.255, 114, 0, 0.463387, 

371.255, 115, 0, 0.463387, 

371.255, 116, 0, 0.463387, 

371.255, 117, 0, 0.463387, 

371.255, 118, 0, 0.463387, 

371.255, 119, 0, 0.463387, 

373.412, 0, 0, 0.463387, 

373.412, 1, 0, 0.463387, 

373.412, 2, 0, 0.463387, 

373.412, 3, 0, 0.463387, 

373.412, 4, 0, 0.463387, 

373.412, 5, 0, 0.463387, 

373.412, 6, 0, 0.463387, 

373.412, 7, 0, 0.463387, 

373.412, 8, 0, 0.463387, 

373.412, 9, 0, 0.463387, 

373.412, 10, 0, 0.463387, 

373.412, 11, 0, 0.463387, 

373.412, 12, 0, 0.463387, 

373.412, 13, 0, 0.463387, 

373.412, 14, 0, 0.463387, 

373.412, 15, 0, 0.463387, 

373.412, 16, 0, 0.463387, 

373.412, 17, 0, 0.463387, 

373.412, 18, 0, 0.463387, 

373.412, 19, 0, 0.463387, 

373.412, 20, 0, 0.463387, 

373.412, 21, 0, 0.463387, 

373.412, 22, 0, 0.463387, 

373.412, 23, 0, 0.463387, 

373.412, 24, 0, 0.463387, 

373.412, 25, 0, 0.463387, 

373.412, 26, 0, 0.463387, 

373.412, 27, 0, 0.463387, 

373.412, 28, 0, 0.463387, 

373.412, 29, 0, 0.463387, 

373.412, 30, 0, 0.463387, 

373.412, 31, 0, 0.463387, 

373.412, 32, 0, 0.463387, 

373.412, 33, 0, 0.463387, 

373.412, 34, 0, 0.463387, 

373.412, 35, 0, 0.463387, 

373.412, 36, 0, 0.463387, 

373.412, 37, 0, 0.463387, 

373.412, 38, 0, 0.463387, 

373.412, 39, 0, 0.463387, 

373.412, 40, 0, 0.463387, 

373.412, 41, 0, 0.463387, 

373.412, 42, 0, 0.463387, 

373.412, 43, 0, 0.463387, 

373.412, 44, 0, 0.463387, 

373.412, 45, 0, 0.463387, 

373.412, 46, 0, 0.463387, 

373.412, 47, 0, 0.463387, 

373.412, 48, 0, 0.463387, 

373.412, 49, 0, 0.463387, 

373.412, 50, 0, 0.463387, 

373.412, 51, 0, 0.463387, 

373.412, 52, 0, 0.463387, 

373.412, 53, 0, 0.463387, 

373.412, 54, 0, 0.463387, 

373.412, 55, 0, 0.463387, 

373.412, 56, 0, 0.463387, 

373.412, 57, 0, 0.463387, 

373.412, 58, 0, 0.463387, 

373.412, 59, 0, 0.463387, 

373.412, 60, 0, 0.463387, 

373.412, 61, 0, 0.463387, 

373.412, 62, 0, 0.463387, 

373.412, 63, 0, 0.463387, 

373.412, 64, 0, 0.463387, 

373.412, 65, 0, 0.463387, 

373.412, 66, 0, 0.463387, 

373.412, 67, 0, 0.463387, 

373.412, 68, 0, 0.463387, 

373.412, 69, 0, 0.463387, 

373.412, 70, 0, 0.463387, 

373.412, 71, 0, 0.463387, 

373.412, 72, 0, 0.463387, 

373.412, 73, 0, 0.463387, 

373.412, 74, 0, 0.463387, 

373.412, 75, 0, 0.463387, 

373.412, 76, 0, 0.463387, 

373.412, 77, 0, 0.463387, 

373.412, 78, 0, 0.463387, 

373.412, 79, 0, 0.463387, 

373.412, 80, 0, 0.463387, 

373.412, 81, 0, 0.463387, 

373.412, 82, 0, 0.463387, 

373.412, 83, 0, 0.463387, 

373.412, 84, 0, 0.463387, 

373.412, 85, 0, 0.463387, 

373.412, 86, 0, 0.463387, 

373.412, 87, 0, 0.463387, 

373.412, 88, 0, 0.463387, 

373.412, 89, 0, 0.463387, 

373.412, 90, 0, 0.463387, 

373.412, 91, 0, 0.463387, 

373.412, 92, 0, 0.463387, 

373.412, 93, 0, 0.463387, 

373.412, 94, 0, 0.463387, 

373.412, 95, 0, 0.463387, 

373.412, 96, 0, 0.463387, 

373.412, 97, 0, 0.463387, 

373.412, 98, 0, 0.463387, 

373.412, 99, 0, 0.463387, 

373.412, 100, 0, 0.463387, 

373.412, 101, 0, 0.463387, 

373.412, 102, 0, 0.463387, 

373.412, 103, 0, 0.463387, 

373.412, 104, 0, 0.463387, 

373.412, 105, 0, 0.463387, 

373.412, 106, 0, 0.463387, 

373.412, 107, 0, 0.463387, 

373.412, 108, 0, 0.463387, 

373.412, 109, 0, 0.463387, 

373.412, 110, 0, 0.463387, 

373.412, 111, 0, 0.463387, 

373.412, 112, 0, 0.463387, 

373.412, 113, 0, 0.463387, 

373.412, 114, 0, 0.463387, 

373.412, 115, 0, 0.463387, 

373.412, 116, 0, 0.463387, 

373.412, 117, 0, 0.463387, 

373.412, 118, 0, 0.463387, 

373.412, 119, 0, 0.463387, 

375.57, 0, 0, 0.463387, 

375.57, 1, 0, 0.463387, 

375.57, 2, 0, 0.463387, 

375.57, 3, 0, 0.463387, 

375.57, 4, 0, 0.463387, 

375.57, 5, 0, 0.463387, 

375.57, 6, 0, 0.463387, 

375.57, 7, 0, 0.463387, 

375.57, 8, 0, 0.463387, 

375.57, 9, 0, 0.463387, 

375.57, 10, 0, 0.463387, 

375.57, 11, 0, 0.463387, 

375.57, 12, 0, 0.463387, 

375.57, 13, 0, 0.463387, 

375.57, 14, 0, 0.463387, 

375.57, 15, 0, 0.463387, 

375.57, 16, 0, 0.463387, 

375.57, 17, 0, 0.463387, 

375.57, 18, 0, 0.463387, 

375.57, 19, 0, 0.463387, 

375.57, 20, 0, 0.463387, 

375.57, 21, 0, 0.463387, 

375.57, 22, 0, 0.463387, 

375.57, 23, 0, 0.463387, 

375.57, 24, 0, 0.463387, 

375.57, 25, 0, 0.463387, 

375.57, 26, 0, 0.463387, 

375.57, 27, 0, 0.463387, 

375.57, 28, 0, 0.463387, 

375.57, 29, 0, 0.463387, 

375.57, 30, 0, 0.463387, 

375.57, 31, 0, 0.463387, 

375.57, 32, 0, 0.463387, 

375.57, 33, 0, 0.463387, 

375.57, 34, 0, 0.463387, 

375.57, 35, 0, 0.463387, 

375.57, 36, 0, 0.463387, 

375.57, 37, 0, 0.463387, 

375.57, 38, 0, 0.463387, 

375.57, 39, 0, 0.463387, 

375.57, 40, 0, 0.463387, 

375.57, 41, 0, 0.463387, 

375.57, 42, 0, 0.463387, 

375.57, 43, 0, 0.463387, 

375.57, 44, 0, 0.463387, 

375.57, 45, 0, 0.463387, 

375.57, 46, 0, 0.463387, 

375.57, 47, 0, 0.463387, 

375.57, 48, 0, 0.463387, 

375.57, 49, 0, 0.463387, 

375.57, 50, 0, 0.463387, 

375.57, 51, 0, 0.463387, 

375.57, 52, 0, 0.463387, 

375.57, 53, 0, 0.463387, 

375.57, 54, 0, 0.463387, 

375.57, 55, 0, 0.463387, 

375.57, 56, 0, 0.463387, 

375.57, 57, 0, 0.463387, 

375.57, 58, 0, 0.463387, 

375.57, 59, 0, 0.463387, 

375.57, 60, 0, 0.463387, 

375.57, 61, 0, 0.463387, 

375.57, 62, 0, 0.463387, 

375.57, 63, 0, 0.463387, 

375.57, 64, 0, 0.463387, 

375.57, 65, 0, 0.463387, 

375.57, 66, 0, 0.463387, 

375.57, 67, 0, 0.463387, 

375.57, 68, 0, 0.463387, 

375.57, 69, 0, 0.463387, 

375.57, 70, 0, 0.463387, 

375.57, 71, 0, 0.463387, 

375.57, 72, 0, 0.463387, 

375.57, 73, 0, 0.463387, 

375.57, 74, 0, 0.463387, 

375.57, 75, 0, 0.463387, 

375.57, 76, 0, 0.463387, 

375.57, 77, 0, 0.463387, 

375.57, 78, 0, 0.463387, 

375.57, 79, 0, 0.463387, 

375.57, 80, 0, 0.463387, 

375.57, 81, 0, 0.463387, 

375.57, 82, 0, 0.463387, 

375.57, 83, 0, 0.463387, 

375.57, 84, 0, 0.463387, 

375.57, 85, 0, 0.463387, 

375.57, 86, 0, 0.463387, 

375.57, 87, 0, 0.463387, 

375.57, 88, 0, 0.463387, 

375.57, 89, 0, 0.463387, 

375.57, 90, 0, 0.463387, 

375.57, 91, 0, 0.463387, 

375.57, 92, 0, 0.463387, 

375.57, 93, 0, 0.463387, 

375.57, 94, 0, 0.463387, 

375.57, 95, 0, 0.463387, 

375.57, 96, 0, 0.463387, 

375.57, 97, 0, 0.463387, 

375.57, 98, 0, 0.463387, 

375.57, 99, 0, 0.463387, 

375.57, 100, 0, 0.463387, 

375.57, 101, 0, 0.463387, 

375.57, 102, 0, 0.463387, 

375.57, 103, 0, 0.463387, 

375.57, 104, 0, 0.463387, 

375.57, 105, 0, 0.463387, 

375.57, 106, 0, 0.463387, 

375.57, 107, 0, 0.463387, 

375.57, 108, 0, 0.463387, 

375.57, 109, 0, 0.463387, 

375.57, 110, 0, 0.463387, 

375.57, 111, 0, 0.463387, 

375.57, 112, 0, 0.463387, 

375.57, 113, 0, 0.463387, 

375.57, 114, 0, 0.463387, 

375.57, 115, 0, 0.463387, 

375.57, 116, 0, 0.463387, 

375.57, 117, 0, 0.463387, 

375.57, 118, 0, 0.463387, 

375.57, 119, 0, 0.463387, 

377.728, 0, 0, 0.463387, 

377.728, 1, 0, 0.463387, 

377.728, 2, 0, 0.463387, 

377.728, 3, 0, 0.463387, 

377.728, 4, 0, 0.463387, 

377.728, 5, 0, 0.463387, 

377.728, 6, 0, 0.463387, 

377.728, 7, 0, 0.463387, 

377.728, 8, 0, 0.463387, 

377.728, 9, 0, 0.463387, 

377.728, 10, 0, 0.463387, 

377.728, 11, 0, 0.463387, 

377.728, 12, 0, 0.463387, 

377.728, 13, 0, 0.463387, 

377.728, 14, 0, 0.463387, 

377.728, 15, 0, 0.463387, 

377.728, 16, 0, 0.463387, 

377.728, 17, 0, 0.463387, 

377.728, 18, 0, 0.463387, 

377.728, 19, 0, 0.463387, 

377.728, 20, 0, 0.463387, 

377.728, 21, 0, 0.463387, 

377.728, 22, 0, 0.463387, 

377.728, 23, 0, 0.463387, 

377.728, 24, 0, 0.463387, 

377.728, 25, 0, 0.463387, 

377.728, 26, 0, 0.463387, 

377.728, 27, 0, 0.463387, 

377.728, 28, 0, 0.463387, 

377.728, 29, 0, 0.463387, 

377.728, 30, 0, 0.463387, 

377.728, 31, 0, 0.463387, 

377.728, 32, 0, 0.463387, 

377.728, 33, 0, 0.463387, 

377.728, 34, 0, 0.463387, 

377.728, 35, 0, 0.463387, 

377.728, 36, 0, 0.463387, 

377.728, 37, 0, 0.463387, 

377.728, 38, 0, 0.463387, 

377.728, 39, 0, 0.463387, 

377.728, 40, 0, 0.463387, 

377.728, 41, 0, 0.463387, 

377.728, 42, 0, 0.463387, 

377.728, 43, 0, 0.463387, 

377.728, 44, 0, 0.463387, 

377.728, 45, 0, 0.463387, 

377.728, 46, 0, 0.463387, 

377.728, 47, 0, 0.463387, 

377.728, 48, 0, 0.463387, 

377.728, 49, 0, 0.463387, 

377.728, 50, 0, 0.463387, 

377.728, 51, 0, 0.463387, 

377.728, 52, 0, 0.463387, 

377.728, 53, 0, 0.463387, 

377.728, 54, 0, 0.463387, 

377.728, 55, 0, 0.463387, 

377.728, 56, 0, 0.463387, 

377.728, 57, 0, 0.463387, 

377.728, 58, 0, 0.463387, 

377.728, 59, 0, 0.463387, 

377.728, 60, 0, 0.463387, 

377.728, 61, 0, 0.463387, 

377.728, 62, 0, 0.463387, 

377.728, 63, 0, 0.463387, 

377.728, 64, 0, 0.463387, 

377.728, 65, 0, 0.463387, 

377.728, 66, 0, 0.463387, 

377.728, 67, 0, 0.463387, 

377.728, 68, 0, 0.463387, 

377.728, 69, 0, 0.463387, 

377.728, 70, 0, 0.463387, 

377.728, 71, 0, 0.463387, 

377.728, 72, 0, 0.463387, 

377.728, 73, 0, 0.463387, 

377.728, 74, 0, 0.463387, 

377.728, 75, 0, 0.463387, 

377.728, 76, 0, 0.463387, 

377.728, 77, 0, 0.463387, 

377.728, 78, 0, 0.463387, 

377.728, 79, 0, 0.463387, 

377.728, 80, 0, 0.463387, 

377.728, 81, 0, 0.463387, 

377.728, 82, 0, 0.463387, 

377.728, 83, 0, 0.463387, 

377.728, 84, 0, 0.463387, 

377.728, 85, 0, 0.463387, 

377.728, 86, 0, 0.463387, 

377.728, 87, 0, 0.463387, 

377.728, 88, 0, 0.463387, 

377.728, 89, 0, 0.463387, 

377.728, 90, 0, 0.463387, 

377.728, 91, 0, 0.463387, 

377.728, 92, 0, 0.463387, 

377.728, 93, 0, 0.463387, 

377.728, 94, 0, 0.463387, 

377.728, 95, 0, 0.463387, 

377.728, 96, 0, 0.463387, 

377.728, 97, 0, 0.463387, 

377.728, 98, 0, 0.463387, 

377.728, 99, 0, 0.463387, 

377.728, 100, 0, 0.463387, 

377.728, 101, 0, 0.463387, 

377.728, 102, 0, 0.463387, 

377.728, 103, 0, 0.463387, 

377.728, 104, 0, 0.463387, 

377.728, 105, 0, 0.463387, 

377.728, 106, 0, 0.463387, 

377.728, 107, 0, 0.463387, 

377.728, 108, 0, 0.463387, 

377.728, 109, 0, 0.463387, 

377.728, 110, 0, 0.463387, 

377.728, 111, 0, 0.463387, 

377.728, 112, 0, 0.463387, 

377.728, 113, 0, 0.463387, 

377.728, 114, 0, 0.463387, 

377.728, 115, 0, 0.463387, 

377.728, 116, 0, 0.463387, 

377.728, 117, 0, 0.463387, 

377.728, 118, 0, 0.463387, 

377.728, 119, 0, 0.463387, 

379.886, 0, 0, 0.463387, 

379.886, 1, 0, 0.463387, 

379.886, 2, 0, 0.463387, 

379.886, 3, 0, 0.463387, 

379.886, 4, 0, 0.463387, 

379.886, 5, 0, 0.463387, 

379.886, 6, 0, 0.463387, 

379.886, 7, 0, 0.463387, 

379.886, 8, 0, 0.463387, 

379.886, 9, 0, 0.463387, 

379.886, 10, 0, 0.463387, 

379.886, 11, 0, 0.463387, 

379.886, 12, 0, 0.463387, 

379.886, 13, 0, 0.463387, 

379.886, 14, 0, 0.463387, 

379.886, 15, 0, 0.463387, 

379.886, 16, 0, 0.463387, 

379.886, 17, 0, 0.463387, 

379.886, 18, 0, 0.463387, 

379.886, 19, 0, 0.463387, 

379.886, 20, 0, 0.463387, 

379.886, 21, 0, 0.463387, 

379.886, 22, 0, 0.463387, 

379.886, 23, 0, 0.463387, 

379.886, 24, 0, 0.463387, 

379.886, 25, 0, 0.463387, 

379.886, 26, 0, 0.463387, 

379.886, 27, 0, 0.463387, 

379.886, 28, 0, 0.463387, 

379.886, 29, 0, 0.463387, 

379.886, 30, 0, 0.463387, 

379.886, 31, 0, 0.463387, 

379.886, 32, 0, 0.463387, 

379.886, 33, 0, 0.463387, 

379.886, 34, 0, 0.463387, 

379.886, 35, 0, 0.463387, 

379.886, 36, 0, 0.463387, 

379.886, 37, 0, 0.463387, 

379.886, 38, 0, 0.463387, 

379.886, 39, 0, 0.463387, 

379.886, 40, 0, 0.463387, 

379.886, 41, 0, 0.463387, 

379.886, 42, 0, 0.463387, 

379.886, 43, 0, 0.463387, 

379.886, 44, 0, 0.463387, 

379.886, 45, 0, 0.463387, 

379.886, 46, 0, 0.463387, 

379.886, 47, 0, 0.463387, 

379.886, 48, 0, 0.463387, 

379.886, 49, 0, 0.463387, 

379.886, 50, 0, 0.463387, 

379.886, 51, 0, 0.463387, 

379.886, 52, 0, 0.463387, 

379.886, 53, 0, 0.463387, 

379.886, 54, 0, 0.463387, 

379.886, 55, 0, 0.463387, 

379.886, 56, 0, 0.463387, 

379.886, 57, 0, 0.463387, 

379.886, 58, 0, 0.463387, 

379.886, 59, 0, 0.463387, 

379.886, 60, 0, 0.463387, 

379.886, 61, 0, 0.463387, 

379.886, 62, 0, 0.463387, 

379.886, 63, 0, 0.463387, 

379.886, 64, 0, 0.463387, 

379.886, 65, 0, 0.463387, 

379.886, 66, 0, 0.463387, 

379.886, 67, 0, 0.463387, 

379.886, 68, 0, 0.463387, 

379.886, 69, 0, 0.463387, 

379.886, 70, 0, 0.463387, 

379.886, 71, 0, 0.463387, 

379.886, 72, 0, 0.463387, 

379.886, 73, 0, 0.463387, 

379.886, 74, 0, 0.463387, 

379.886, 75, 0, 0.463387, 

379.886, 76, 0, 0.463387, 

379.886, 77, 0, 0.463387, 

379.886, 78, 0, 0.463387, 

379.886, 79, 0, 0.463387, 

379.886, 80, 0, 0.463387, 

379.886, 81, 0, 0.463387, 

379.886, 82, 0, 0.463387, 

379.886, 83, 0, 0.463387, 

379.886, 84, 0, 0.463387, 

379.886, 85, 0, 0.463387, 

379.886, 86, 0, 0.463387, 

379.886, 87, 0, 0.463387, 

379.886, 88, 0, 0.463387, 

379.886, 89, 0, 0.463387, 

379.886, 90, 0, 0.463387, 

379.886, 91, 0, 0.463387, 

379.886, 92, 0, 0.463387, 

379.886, 93, 0, 0.463387, 

379.886, 94, 0, 0.463387, 

379.886, 95, 0, 0.463387, 

379.886, 96, 0, 0.463387, 

379.886, 97, 0, 0.463387, 

379.886, 98, 0, 0.463387, 

379.886, 99, 0, 0.463387, 

379.886, 100, 0, 0.463387, 

379.886, 101, 0, 0.463387, 

379.886, 102, 0, 0.463387, 

379.886, 103, 0, 0.463387, 

379.886, 104, 0, 0.463387, 

379.886, 105, 0, 0.463387, 

379.886, 106, 0, 0.463387, 

379.886, 107, 0, 0.463387, 

379.886, 108, 0, 0.463387, 

379.886, 109, 0, 0.463387, 

379.886, 110, 0, 0.463387, 

379.886, 111, 0, 0.463387, 

379.886, 112, 0, 0.463387, 

379.886, 113, 0, 0.463387, 

379.886, 114, 0, 0.463387, 

379.886, 115, 0, 0.463387, 

379.886, 116, 0, 0.463387, 

379.886, 117, 0, 0.463387, 

379.886, 118, 0, 0.463387, 

379.886, 119, 0, 0.463387, 

382.044, 0, 0, 0.463387, 

382.044, 1, 0, 0.463387, 

382.044, 2, 0, 0.463387, 

382.044, 3, 0, 0.463387, 

382.044, 4, 0, 0.463387, 

382.044, 5, 0, 0.463387, 

382.044, 6, 0, 0.463387, 

382.044, 7, 0, 0.463387, 

382.044, 8, 0, 0.463387, 

382.044, 9, 0, 0.463387, 

382.044, 10, 0, 0.463387, 

382.044, 11, 0, 0.463387, 

382.044, 12, 0, 0.463387, 

382.044, 13, 0, 0.463387, 

382.044, 14, 0, 0.463387, 

382.044, 15, 0, 0.463387, 

382.044, 16, 0, 0.463387, 

382.044, 17, 0, 0.463387, 

382.044, 18, 0, 0.463387, 

382.044, 19, 0, 0.463387, 

382.044, 20, 0, 0.463387, 

382.044, 21, 0, 0.463387, 

382.044, 22, 0, 0.463387, 

382.044, 23, 0, 0.463387, 

382.044, 24, 0, 0.463387, 

382.044, 25, 0, 0.463387, 

382.044, 26, 0, 0.463387, 

382.044, 27, 0, 0.463387, 

382.044, 28, 0, 0.463387, 

382.044, 29, 0, 0.463387, 

382.044, 30, 0, 0.463387, 

382.044, 31, 0, 0.463387, 

382.044, 32, 0, 0.463387, 

382.044, 33, 0, 0.463387, 

382.044, 34, 0, 0.463387, 

382.044, 35, 0, 0.463387, 

382.044, 36, 0, 0.463387, 

382.044, 37, 0, 0.463387, 

382.044, 38, 0, 0.463387, 

382.044, 39, 0, 0.463387, 

382.044, 40, 0, 0.463387, 

382.044, 41, 0, 0.463387, 

382.044, 42, 0, 0.463387, 

382.044, 43, 0, 0.463387, 

382.044, 44, 0, 0.463387, 

382.044, 45, 0, 0.463387, 

382.044, 46, 0, 0.463387, 

382.044, 47, 0, 0.463387, 

382.044, 48, 0, 0.463387, 

382.044, 49, 0, 0.463387, 

382.044, 50, 0, 0.463387, 

382.044, 51, 0, 0.463387, 

382.044, 52, 0, 0.463387, 

382.044, 53, 0, 0.463387, 

382.044, 54, 0, 0.463387, 

382.044, 55, 0, 0.463387, 

382.044, 56, 0, 0.463387, 

382.044, 57, 0, 0.463387, 

382.044, 58, 0, 0.463387, 

382.044, 59, 0, 0.463387, 

382.044, 60, 0, 0.463387, 

382.044, 61, 0, 0.463387, 

382.044, 62, 0, 0.463387, 

382.044, 63, 0, 0.463387, 

382.044, 64, 0, 0.463387, 

382.044, 65, 0, 0.463387, 

382.044, 66, 0, 0.463387, 

382.044, 67, 0, 0.463387, 

382.044, 68, 0, 0.463387, 

382.044, 69, 0, 0.463387, 

382.044, 70, 0, 0.463387, 

382.044, 71, 0, 0.463387, 

382.044, 72, 0, 0.463387, 

382.044, 73, 0, 0.463387, 

382.044, 74, 0, 0.463387, 

382.044, 75, 0, 0.463387, 

382.044, 76, 0, 0.463387, 

382.044, 77, 0, 0.463387, 

382.044, 78, 0, 0.463387, 

382.044, 79, 0, 0.463387, 

382.044, 80, 0, 0.463387, 

382.044, 81, 0, 0.463387, 

382.044, 82, 0, 0.463387, 

382.044, 83, 0, 0.463387, 

382.044, 84, 0, 0.463387, 

382.044, 85, 0, 0.463387, 

382.044, 86, 0, 0.463387, 

382.044, 87, 0, 0.463387, 

382.044, 88, 0, 0.463387, 

382.044, 89, 0, 0.463387, 

382.044, 90, 0, 0.463387, 

382.044, 91, 0, 0.463387, 

382.044, 92, 0, 0.463387, 

382.044, 93, 0, 0.463387, 

382.044, 94, 0, 0.463387, 

382.044, 95, 0, 0.463387, 

382.044, 96, 0, 0.463387, 

382.044, 97, 0, 0.463387, 

382.044, 98, 0, 0.463387, 

382.044, 99, 0, 0.463387, 

382.044, 100, 0, 0.463387, 

382.044, 101, 0, 0.463387, 

382.044, 102, 0, 0.463387, 

382.044, 103, 0, 0.463387, 

382.044, 104, 0, 0.463387, 

382.044, 105, 0, 0.463387, 

382.044, 106, 0, 0.463387, 

382.044, 107, 0, 0.463387, 

382.044, 108, 0, 0.463387, 

382.044, 109, 0, 0.463387, 

382.044, 110, 0, 0.463387, 

382.044, 111, 0, 0.463387, 

382.044, 112, 0, 0.463387, 

382.044, 113, 0, 0.463387, 

382.044, 114, 0, 0.463387, 

382.044, 115, 0, 0.463387, 

382.044, 116, 0, 0.463387, 

382.044, 117, 0, 0.463387, 

382.044, 118, 0, 0.463387, 

382.044, 119, 0, 0.463387, 

384.201, 0, 0, 0.463387, 

384.201, 1, 0, 0.463387, 

384.201, 2, 0, 0.463387, 

384.201, 3, 0, 0.463387, 

384.201, 4, 0, 0.463387, 

384.201, 5, 0, 0.463387, 

384.201, 6, 0, 0.463387, 

384.201, 7, 0, 0.463387, 

384.201, 8, 0, 0.463387, 

384.201, 9, 0, 0.463387, 

384.201, 10, 0, 0.463387, 

384.201, 11, 0, 0.463387, 

384.201, 12, 0, 0.463387, 

384.201, 13, 0, 0.463387, 

384.201, 14, 0, 0.463387, 

384.201, 15, 0, 0.463387, 

384.201, 16, 0, 0.463387, 

384.201, 17, 0, 0.463387, 

384.201, 18, 0, 0.463387, 

384.201, 19, 0, 0.463387, 

384.201, 20, 0, 0.463387, 

384.201, 21, 0, 0.463387, 

384.201, 22, 0, 0.463387, 

384.201, 23, 0, 0.463387, 

384.201, 24, 0, 0.463387, 

384.201, 25, 0, 0.463387, 

384.201, 26, 0, 0.463387, 

384.201, 27, 0, 0.463387, 

384.201, 28, 0, 0.463387, 

384.201, 29, 0, 0.463387, 

384.201, 30, 0, 0.463387, 

384.201, 31, 0, 0.463387, 

384.201, 32, 0, 0.463387, 

384.201, 33, 0, 0.463387, 

384.201, 34, 0, 0.463387, 

384.201, 35, 0, 0.463387, 

384.201, 36, 0, 0.463387, 

384.201, 37, 0, 0.463387, 

384.201, 38, 0, 0.463387, 

384.201, 39, 0, 0.463387, 

384.201, 40, 0, 0.463387, 

384.201, 41, 0, 0.463387, 

384.201, 42, 0, 0.463387, 

384.201, 43, 0, 0.463387, 

384.201, 44, 0, 0.463387, 

384.201, 45, 0, 0.463387, 

384.201, 46, 0, 0.463387, 

384.201, 47, 0, 0.463387, 

384.201, 48, 0, 0.463387, 

384.201, 49, 0, 0.463387, 

384.201, 50, 0, 0.463387, 

384.201, 51, 0, 0.463387, 

384.201, 52, 0, 0.463387, 

384.201, 53, 0, 0.463387, 

384.201, 54, 0, 0.463387, 

384.201, 55, 0, 0.463387, 

384.201, 56, 0, 0.463387, 

384.201, 57, 0, 0.463387, 

384.201, 58, 0, 0.463387, 

384.201, 59, 0, 0.463387, 

384.201, 60, 0, 0.463387, 

384.201, 61, 0, 0.463387, 

384.201, 62, 0, 0.463387, 

384.201, 63, 0, 0.463387, 

384.201, 64, 0, 0.463387, 

384.201, 65, 0, 0.463387, 

384.201, 66, 0, 0.463387, 

384.201, 67, 0, 0.463387, 

384.201, 68, 0, 0.463387, 

384.201, 69, 0, 0.463387, 

384.201, 70, 0, 0.463387, 

384.201, 71, 0, 0.463387, 

384.201, 72, 0, 0.463387, 

384.201, 73, 0, 0.463387, 

384.201, 74, 0, 0.463387, 

384.201, 75, 0, 0.463387, 

384.201, 76, 0, 0.463387, 

384.201, 77, 0, 0.463387, 

384.201, 78, 0, 0.463387, 

384.201, 79, 0, 0.463387, 

384.201, 80, 0, 0.463387, 

384.201, 81, 0, 0.463387, 

384.201, 82, 0, 0.463387, 

384.201, 83, 0, 0.463387, 

384.201, 84, 0, 0.463387, 

384.201, 85, 0, 0.463387, 

384.201, 86, 0, 0.463387, 

384.201, 87, 0, 0.463387, 

384.201, 88, 0, 0.463387, 

384.201, 89, 0, 0.463387, 

384.201, 90, 0, 0.463387, 

384.201, 91, 0, 0.463387, 

384.201, 92, 0, 0.463387, 

384.201, 93, 0, 0.463387, 

384.201, 94, 0, 0.463387, 

384.201, 95, 0, 0.463387, 

384.201, 96, 0, 0.463387, 

384.201, 97, 0, 0.463387, 

384.201, 98, 0, 0.463387, 

384.201, 99, 0, 0.463387, 

384.201, 100, 0, 0.463387, 

384.201, 101, 0, 0.463387, 

384.201, 102, 0, 0.463387, 

384.201, 103, 0, 0.463387, 

384.201, 104, 0, 0.463387, 

384.201, 105, 0, 0.463387, 

384.201, 106, 0, 0.463387, 

384.201, 107, 0, 0.463387, 

384.201, 108, 0, 0.463387, 

384.201, 109, 0, 0.463387, 

384.201, 110, 0, 0.463387, 

384.201, 111, 0, 0.463387, 

384.201, 112, 0, 0.463387, 

384.201, 113, 0, 0.463387, 

384.201, 114, 0, 0.463387, 

384.201, 115, 0, 0.463387, 

384.201, 116, 0, 0.463387, 

384.201, 117, 0, 0.463387, 

384.201, 118, 0, 0.463387, 

384.201, 119, 0, 0.463387, 

386.359, 0, 0, 0.463387, 

386.359, 1, 0, 0.463387, 

386.359, 2, 0, 0.463387, 

386.359, 3, 0, 0.463387, 

386.359, 4, 0, 0.463387, 

386.359, 5, 0, 0.463387, 

386.359, 6, 0, 0.463387, 

386.359, 7, 0, 0.463387, 

386.359, 8, 0, 0.463387, 

386.359, 9, 0, 0.463387, 

386.359, 10, 0, 0.463387, 

386.359, 11, 0, 0.463387, 

386.359, 12, 0, 0.463387, 

386.359, 13, 0, 0.463387, 

386.359, 14, 0, 0.463387, 

386.359, 15, 0, 0.463387, 

386.359, 16, 0, 0.463387, 

386.359, 17, 0, 0.463387, 

386.359, 18, 0, 0.463387, 

386.359, 19, 0, 0.463387, 

386.359, 20, 0, 0.463387, 

386.359, 21, 0, 0.463387, 

386.359, 22, 0, 0.463387, 

386.359, 23, 0, 0.463387, 

386.359, 24, 0, 0.463387, 

386.359, 25, 0, 0.463387, 

386.359, 26, 0, 0.463387, 

386.359, 27, 0, 0.463387, 

386.359, 28, 0, 0.463387, 

386.359, 29, 0, 0.463387, 

386.359, 30, 0, 0.463387, 

386.359, 31, 0, 0.463387, 

386.359, 32, 0, 0.463387, 

386.359, 33, 0, 0.463387, 

386.359, 34, 0, 0.463387, 

386.359, 35, 0, 0.463387, 

386.359, 36, 0, 0.463387, 

386.359, 37, 0, 0.463387, 

386.359, 38, 0, 0.463387, 

386.359, 39, 0, 0.463387, 

386.359, 40, 0, 0.463387, 

386.359, 41, 0, 0.463387, 

386.359, 42, 0, 0.463387, 

386.359, 43, 0, 0.463387, 

386.359, 44, 0, 0.463387, 

386.359, 45, 0, 0.463387, 

386.359, 46, 0, 0.463387, 

386.359, 47, 0, 0.463387, 

386.359, 48, 0, 0.463387, 

386.359, 49, 0, 0.463387, 

386.359, 50, 0, 0.463387, 

386.359, 51, 0, 0.463387, 

386.359, 52, 0, 0.463387, 

386.359, 53, 0, 0.463387, 

386.359, 54, 0, 0.463387, 

386.359, 55, 0, 0.463387, 

386.359, 56, 0, 0.463387, 

386.359, 57, 0, 0.463387, 

386.359, 58, 0, 0.463387, 

386.359, 59, 0, 0.463387, 

386.359, 60, 0, 0.463387, 

386.359, 61, 0, 0.463387, 

386.359, 62, 0, 0.463387, 

386.359, 63, 0, 0.463387, 

386.359, 64, 0, 0.463387, 

386.359, 65, 0, 0.463387, 

386.359, 66, 0, 0.463387, 

386.359, 67, 0, 0.463387, 

386.359, 68, 0, 0.463387, 

386.359, 69, 0, 0.463387, 

386.359, 70, 0, 0.463387, 

386.359, 71, 0, 0.463387, 

386.359, 72, 0, 0.463387, 

386.359, 73, 0, 0.463387, 

386.359, 74, 0, 0.463387, 

386.359, 75, 0, 0.463387, 

386.359, 76, 0, 0.463387, 

386.359, 77, 0, 0.463387, 

386.359, 78, 0, 0.463387, 

386.359, 79, 0, 0.463387, 

386.359, 80, 0, 0.463387, 

386.359, 81, 0, 0.463387, 

386.359, 82, 0, 0.463387, 

386.359, 83, 0, 0.463387, 

386.359, 84, 0, 0.463387, 

386.359, 85, 0, 0.463387, 

386.359, 86, 0, 0.463387, 

386.359, 87, 0, 0.463387, 

386.359, 88, 0, 0.463387, 

386.359, 89, 0, 0.463387, 

386.359, 90, 0, 0.463387, 

386.359, 91, 0, 0.463387, 

386.359, 92, 0, 0.463387, 

386.359, 93, 0, 0.463387, 

386.359, 94, 0, 0.463387, 

386.359, 95, 0, 0.463387, 

386.359, 96, 0, 0.463387, 

386.359, 97, 0, 0.463387, 

386.359, 98, 0, 0.463387, 

386.359, 99, 0, 0.463387, 

386.359, 100, 0, 0.463387, 

386.359, 101, 0, 0.463387, 

386.359, 102, 0, 0.463387, 

386.359, 103, 0, 0.463387, 

386.359, 104, 0, 0.463387, 

386.359, 105, 0, 0.463387, 

386.359, 106, 0, 0.463387, 

386.359, 107, 0, 0.463387, 

386.359, 108, 0, 0.463387, 

386.359, 109, 0, 0.463387, 

386.359, 110, 0, 0.463387, 

386.359, 111, 0, 0.463387, 

386.359, 112, 0, 0.463387, 

386.359, 113, 0, 0.463387, 

386.359, 114, 0, 0.463387, 

386.359, 115, 0, 0.463387, 

386.359, 116, 0, 0.463387, 

386.359, 117, 0, 0.463387, 

386.359, 118, 0, 0.463387, 

386.359, 119, 0, 0.463387, 

388.517, 0, 0, 0.463387, 

388.517, 1, 0, 0.463387, 

388.517, 2, 0, 0.463387, 

388.517, 3, 0, 0.463387, 

388.517, 4, 0, 0.463387, 

388.517, 5, 0, 0.463387, 

388.517, 6, 0, 0.463387, 

388.517, 7, 0, 0.463387, 

388.517, 8, 0, 0.463387, 

388.517, 9, 0, 0.463387, 

388.517, 10, 0, 0.463387, 

388.517, 11, 0, 0.463387, 

388.517, 12, 0, 0.463387, 

388.517, 13, 0, 0.463387, 

388.517, 14, 0, 0.463387, 

388.517, 15, 0, 0.463387, 

388.517, 16, 0, 0.463387, 

388.517, 17, 0, 0.463387, 

388.517, 18, 0, 0.463387, 

388.517, 19, 0, 0.463387, 

388.517, 20, 0, 0.463387, 

388.517, 21, 0, 0.463387, 

388.517, 22, 0, 0.463387, 

388.517, 23, 0, 0.463387, 

388.517, 24, 0, 0.463387, 

388.517, 25, 0, 0.463387, 

388.517, 26, 0, 0.463387, 

388.517, 27, 0, 0.463387, 

388.517, 28, 0, 0.463387, 

388.517, 29, 0, 0.463387, 

388.517, 30, 0, 0.463387, 

388.517, 31, 0, 0.463387, 

388.517, 32, 0, 0.463387, 

388.517, 33, 0, 0.463387, 

388.517, 34, 0, 0.463387, 

388.517, 35, 0, 0.463387, 

388.517, 36, 0, 0.463387, 

388.517, 37, 0, 0.463387, 

388.517, 38, 0, 0.463387, 

388.517, 39, 0, 0.463387, 

388.517, 40, 0, 0.463387, 

388.517, 41, 0, 0.463387, 

388.517, 42, 0, 0.463387, 

388.517, 43, 0, 0.463387, 

388.517, 44, 0, 0.463387, 

388.517, 45, 0, 0.463387, 

388.517, 46, 0, 0.463387, 

388.517, 47, 0, 0.463387, 

388.517, 48, 0, 0.463387, 

388.517, 49, 0, 0.463387, 

388.517, 50, 0, 0.463387, 

388.517, 51, 0, 0.463387, 

388.517, 52, 0, 0.463387, 

388.517, 53, 0, 0.463387, 

388.517, 54, 0, 0.463387, 

388.517, 55, 0, 0.463387, 

388.517, 56, 0, 0.463387, 

388.517, 57, 0, 0.463387, 

388.517, 58, 0, 0.463387, 

388.517, 59, 0, 0.463387, 

388.517, 60, 0, 0.463387, 

388.517, 61, 0, 0.463387, 

388.517, 62, 0, 0.463387, 

388.517, 63, 0, 0.463387, 

388.517, 64, 0, 0.463387, 

388.517, 65, 0, 0.463387, 

388.517, 66, 0, 0.463387, 

388.517, 67, 0, 0.463387, 

388.517, 68, 0, 0.463387, 

388.517, 69, 0, 0.463387, 

388.517, 70, 0, 0.463387, 

388.517, 71, 0, 0.463387, 

388.517, 72, 0, 0.463387, 

388.517, 73, 0, 0.463387, 

388.517, 74, 0, 0.463387, 

388.517, 75, 0, 0.463387, 

388.517, 76, 0, 0.463387, 

388.517, 77, 0, 0.463387, 

388.517, 78, 0, 0.463387, 

388.517, 79, 0, 0.463387, 

388.517, 80, 0, 0.463387, 

388.517, 81, 0, 0.463387, 

388.517, 82, 0, 0.463387, 

388.517, 83, 0, 0.463387, 

388.517, 84, 0, 0.463387, 

388.517, 85, 0, 0.463387, 

388.517, 86, 0, 0.463387, 

388.517, 87, 0, 0.463387, 

388.517, 88, 0, 0.463387, 

388.517, 89, 0, 0.463387, 

388.517, 90, 0, 0.463387, 

388.517, 91, 0, 0.463387, 

388.517, 92, 0, 0.463387, 

388.517, 93, 0, 0.463387, 

388.517, 94, 0, 0.463387, 

388.517, 95, 0, 0.463387, 

388.517, 96, 0, 0.463387, 

388.517, 97, 0, 0.463387, 

388.517, 98, 0, 0.463387, 

388.517, 99, 0, 0.463387, 

388.517, 100, 0, 0.463387, 

388.517, 101, 0, 0.463387, 

388.517, 102, 0, 0.463387, 

388.517, 103, 0, 0.463387, 

388.517, 104, 0, 0.463387, 

388.517, 105, 0, 0.463387, 

388.517, 106, 0, 0.463387, 

388.517, 107, 0, 0.463387, 

388.517, 108, 0, 0.463387, 

388.517, 109, 0, 0.463387, 

388.517, 110, 0, 0.463387, 

388.517, 111, 0, 0.463387, 

388.517, 112, 0, 0.463387, 

388.517, 113, 0, 0.463387, 

388.517, 114, 0, 0.463387, 

388.517, 115, 0, 0.463387, 

388.517, 116, 0, 0.463387, 

388.517, 117, 0, 0.463387, 

388.517, 118, 0, 0.463387, 

388.517, 119, 0, 0.463387, 

390.675, 0, 0, 0.463387, 

390.675, 1, 0, 0.463387, 

390.675, 2, 0, 0.463387, 

390.675, 3, 0, 0.463387, 

390.675, 4, 0, 0.463387, 

390.675, 5, 0, 0.463387, 

390.675, 6, 0, 0.463387, 

390.675, 7, 0, 0.463387, 

390.675, 8, 0, 0.463387, 

390.675, 9, 0, 0.463387, 

390.675, 10, 0, 0.463387, 

390.675, 11, 0, 0.463387, 

390.675, 12, 0, 0.463387, 

390.675, 13, 0, 0.463387, 

390.675, 14, 0, 0.463387, 

390.675, 15, 0, 0.463387, 

390.675, 16, 0, 0.463387, 

390.675, 17, 0, 0.463387, 

390.675, 18, 0, 0.463387, 

390.675, 19, 0, 0.463387, 

390.675, 20, 0, 0.463387, 

390.675, 21, 0, 0.463387, 

390.675, 22, 0, 0.463387, 

390.675, 23, 0, 0.463387, 

390.675, 24, 0, 0.463387, 

390.675, 25, 0, 0.463387, 

390.675, 26, 0, 0.463387, 

390.675, 27, 0, 0.463387, 

390.675, 28, 0, 0.463387, 

390.675, 29, 0, 0.463387, 

390.675, 30, 0, 0.463387, 

390.675, 31, 0, 0.463387, 

390.675, 32, 0, 0.463387, 

390.675, 33, 0, 0.463387, 

390.675, 34, 0, 0.463387, 

390.675, 35, 0, 0.463387, 

390.675, 36, 0, 0.463387, 

390.675, 37, 0, 0.463387, 

390.675, 38, 0, 0.463387, 

390.675, 39, 0, 0.463387, 

390.675, 40, 0, 0.463387, 

390.675, 41, 0, 0.463387, 

390.675, 42, 0, 0.463387, 

390.675, 43, 0, 0.463387, 

390.675, 44, 0, 0.463387, 

390.675, 45, 0, 0.463387, 

390.675, 46, 0, 0.463387, 

390.675, 47, 0, 0.463387, 

390.675, 48, 0, 0.463387, 

390.675, 49, 0, 0.463387, 

390.675, 50, 0, 0.463387, 

390.675, 51, 0, 0.463387, 

390.675, 52, 0, 0.463387, 

390.675, 53, 0, 0.463387, 

390.675, 54, 0, 0.463387, 

390.675, 55, 0, 0.463387, 

390.675, 56, 0, 0.463387, 

390.675, 57, 0, 0.463387, 

390.675, 58, 0, 0.463387, 

390.675, 59, 0, 0.463387, 

390.675, 60, 0, 0.463387, 

390.675, 61, 0, 0.463387, 

390.675, 62, 0, 0.463387, 

390.675, 63, 0, 0.463387, 

390.675, 64, 0, 0.463387, 

390.675, 65, 0, 0.463387, 

390.675, 66, 0, 0.463387, 

390.675, 67, 0, 0.463387, 

390.675, 68, 0, 0.463387, 

390.675, 69, 0, 0.463387, 

390.675, 70, 0, 0.463387, 

390.675, 71, 0, 0.463387, 

390.675, 72, 0, 0.463387, 

390.675, 73, 0, 0.463387, 

390.675, 74, 0, 0.463387, 

390.675, 75, 0, 0.463387, 

390.675, 76, 0, 0.463387, 

390.675, 77, 0, 0.463387, 

390.675, 78, 0, 0.463387, 

390.675, 79, 0, 0.463387, 

390.675, 80, 0, 0.463387, 

390.675, 81, 0, 0.463387, 

390.675, 82, 0, 0.463387, 

390.675, 83, 0, 0.463387, 

390.675, 84, 0, 0.463387, 

390.675, 85, 0, 0.463387, 

390.675, 86, 0, 0.463387, 

390.675, 87, 0, 0.463387, 

390.675, 88, 0, 0.463387, 

390.675, 89, 0, 0.463387, 

390.675, 90, 0, 0.463387, 

390.675, 91, 0, 0.463387, 

390.675, 92, 0, 0.463387, 

390.675, 93, 0, 0.463387, 

390.675, 94, 0, 0.463387, 

390.675, 95, 0, 0.463387, 

390.675, 96, 0, 0.463387, 

390.675, 97, 0, 0.463387, 

390.675, 98, 0, 0.463387, 

390.675, 99, 0, 0.463387, 

390.675, 100, 0, 0.463387, 

390.675, 101, 0, 0.463387, 

390.675, 102, 0, 0.463387, 

390.675, 103, 0, 0.463387, 

390.675, 104, 0, 0.463387, 

390.675, 105, 0, 0.463387, 

390.675, 106, 0, 0.463387, 

390.675, 107, 0, 0.463387, 

390.675, 108, 0, 0.463387, 

390.675, 109, 0, 0.463387, 

390.675, 110, 0, 0.463387, 

390.675, 111, 0, 0.463387, 

390.675, 112, 0, 0.463387, 

390.675, 113, 0, 0.463387, 

390.675, 114, 0, 0.463387, 

390.675, 115, 0, 0.463387, 

390.675, 116, 0, 0.463387, 

390.675, 117, 0, 0.463387, 

390.675, 118, 0, 0.463387, 

390.675, 119, 0, 0.463387, 

392.833, 0, 0, 0.463387, 

392.833, 1, 0, 0.463387, 

392.833, 2, 0, 0.463387, 

392.833, 3, 0, 0.463387, 

392.833, 4, 0, 0.463387, 

392.833, 5, 0, 0.463387, 

392.833, 6, 0, 0.463387, 

392.833, 7, 0, 0.463387, 

392.833, 8, 0, 0.463387, 

392.833, 9, 0, 0.463387, 

392.833, 10, 0, 0.463387, 

392.833, 11, 0, 0.463387, 

392.833, 12, 0, 0.463387, 

392.833, 13, 0, 0.463387, 

392.833, 14, 0, 0.463387, 

392.833, 15, 0, 0.463387, 

392.833, 16, 0, 0.463387, 

392.833, 17, 0, 0.463387, 

392.833, 18, 0, 0.463387, 

392.833, 19, 0, 0.463387, 

392.833, 20, 0, 0.463387, 

392.833, 21, 0, 0.463387, 

392.833, 22, 0, 0.463387, 

392.833, 23, 0, 0.463387, 

392.833, 24, 0, 0.463387, 

392.833, 25, 0, 0.463387, 

392.833, 26, 0, 0.463387, 

392.833, 27, 0, 0.463387, 

392.833, 28, 0, 0.463387, 

392.833, 29, 0, 0.463387, 

392.833, 30, 0, 0.463387, 

392.833, 31, 0, 0.463387, 

392.833, 32, 0, 0.463387, 

392.833, 33, 0, 0.463387, 

392.833, 34, 0, 0.463387, 

392.833, 35, 0, 0.463387, 

392.833, 36, 0, 0.463387, 

392.833, 37, 0, 0.463387, 

392.833, 38, 0, 0.463387, 

392.833, 39, 0, 0.463387, 

392.833, 40, 0, 0.463387, 

392.833, 41, 0, 0.463387, 

392.833, 42, 0, 0.463387, 

392.833, 43, 0, 0.463387, 

392.833, 44, 0, 0.463387, 

392.833, 45, 0, 0.463387, 

392.833, 46, 0, 0.463387, 

392.833, 47, 0, 0.463387, 

392.833, 48, 0, 0.463387, 

392.833, 49, 0, 0.463387, 

392.833, 50, 0, 0.463387, 

392.833, 51, 0, 0.463387, 

392.833, 52, 0, 0.463387, 

392.833, 53, 0, 0.463387, 

392.833, 54, 0, 0.463387, 

392.833, 55, 0, 0.463387, 

392.833, 56, 0, 0.463387, 

392.833, 57, 0, 0.463387, 

392.833, 58, 0, 0.463387, 

392.833, 59, 0, 0.463387, 

392.833, 60, 0, 0.463387, 

392.833, 61, 0, 0.463387, 

392.833, 62, 0, 0.463387, 

392.833, 63, 0, 0.463387, 

392.833, 64, 0, 0.463387, 

392.833, 65, 0, 0.463387, 

392.833, 66, 0, 0.463387, 

392.833, 67, 0, 0.463387, 

392.833, 68, 0, 0.463387, 

392.833, 69, 0, 0.463387, 

392.833, 70, 0, 0.463387, 

392.833, 71, 0, 0.463387, 

392.833, 72, 0, 0.463387, 

392.833, 73, 0, 0.463387, 

392.833, 74, 0, 0.463387, 

392.833, 75, 0, 0.463387, 

392.833, 76, 0, 0.463387, 

392.833, 77, 0, 0.463387, 

392.833, 78, 0, 0.463387, 

392.833, 79, 0, 0.463387, 

392.833, 80, 0, 0.463387, 

392.833, 81, 0, 0.463387, 

392.833, 82, 0, 0.463387, 

392.833, 83, 0, 0.463387, 

392.833, 84, 0, 0.463387, 

392.833, 85, 0, 0.463387, 

392.833, 86, 0, 0.463387, 

392.833, 87, 0, 0.463387, 

392.833, 88, 0, 0.463387, 

392.833, 89, 0, 0.463387, 

392.833, 90, 0, 0.463387, 

392.833, 91, 0, 0.463387, 

392.833, 92, 0, 0.463387, 

392.833, 93, 0, 0.463387, 

392.833, 94, 0, 0.463387, 

392.833, 95, 0, 0.463387, 

392.833, 96, 0, 0.463387, 

392.833, 97, 0, 0.463387, 

392.833, 98, 0, 0.463387, 

392.833, 99, 0, 0.463387, 

392.833, 100, 0, 0.463387, 

392.833, 101, 0, 0.463387, 

392.833, 102, 0, 0.463387, 

392.833, 103, 0, 0.463387, 

392.833, 104, 0, 0.463387, 

392.833, 105, 0, 0.463387, 

392.833, 106, 0, 0.463387, 

392.833, 107, 0, 0.463387, 

392.833, 108, 0, 0.463387, 

392.833, 109, 0, 0.463387, 

392.833, 110, 0, 0.463387, 

392.833, 111, 0, 0.463387, 

392.833, 112, 0, 0.463387, 

392.833, 113, 0, 0.463387, 

392.833, 114, 0, 0.463387, 

392.833, 115, 0, 0.463387, 

392.833, 116, 0, 0.463387, 

392.833, 117, 0, 0.463387, 

392.833, 118, 0, 0.463387, 

392.833, 119, 0, 0.463387, 

394.99, 0, 0, 0.463387, 

394.99, 1, 0, 0.463387, 

394.99, 2, 0, 0.463387, 

394.99, 3, 0, 0.463387, 

394.99, 4, 0, 0.463387, 

394.99, 5, 0, 0.463387, 

394.99, 6, 0, 0.463387, 

394.99, 7, 0, 0.463387, 

394.99, 8, 0, 0.463387, 

394.99, 9, 0, 0.463387, 

394.99, 10, 0, 0.463387, 

394.99, 11, 0, 0.463387, 

394.99, 12, 0, 0.463387, 

394.99, 13, 0, 0.463387, 

394.99, 14, 0, 0.463387, 

394.99, 15, 0, 0.463387, 

394.99, 16, 0, 0.463387, 

394.99, 17, 0, 0.463387, 

394.99, 18, 0, 0.463387, 

394.99, 19, 0, 0.463387, 

394.99, 20, 0, 0.463387, 

394.99, 21, 0, 0.463387, 

394.99, 22, 0, 0.463387, 

394.99, 23, 0, 0.463387, 

394.99, 24, 0, 0.463387, 

394.99, 25, 0, 0.463387, 

394.99, 26, 0, 0.463387, 

394.99, 27, 0, 0.463387, 

394.99, 28, 0, 0.463387, 

394.99, 29, 0, 0.463387, 

394.99, 30, 0, 0.463387, 

394.99, 31, 0, 0.463387, 

394.99, 32, 0, 0.463387, 

394.99, 33, 0, 0.463387, 

394.99, 34, 0, 0.463387, 

394.99, 35, 0, 0.463387, 

394.99, 36, 0, 0.463387, 

394.99, 37, 0, 0.463387, 

394.99, 38, 0, 0.463387, 

394.99, 39, 0, 0.463387, 

394.99, 40, 0, 0.463387, 

394.99, 41, 0, 0.463387, 

394.99, 42, 0, 0.463387, 

394.99, 43, 0, 0.463387, 

394.99, 44, 0, 0.463387, 

394.99, 45, 0, 0.463387, 

394.99, 46, 0, 0.463387, 

394.99, 47, 0, 0.463387, 

394.99, 48, 0, 0.463387, 

394.99, 49, 0, 0.463387, 

394.99, 50, 0, 0.463387, 

394.99, 51, 0, 0.463387, 

394.99, 52, 0, 0.463387, 

394.99, 53, 0, 0.463387, 

394.99, 54, 0, 0.463387, 

394.99, 55, 0, 0.463387, 

394.99, 56, 0, 0.463387, 

394.99, 57, 0, 0.463387, 

394.99, 58, 0, 0.463387, 

394.99, 59, 0, 0.463387, 

394.99, 60, 0, 0.463387, 

394.99, 61, 0, 0.463387, 

394.99, 62, 0, 0.463387, 

394.99, 63, 0, 0.463387, 

394.99, 64, 0, 0.463387, 

394.99, 65, 0, 0.463387, 

394.99, 66, 0, 0.463387, 

394.99, 67, 0, 0.463387, 

394.99, 68, 0, 0.463387, 

394.99, 69, 0, 0.463387, 

394.99, 70, 0, 0.463387, 

394.99, 71, 0, 0.463387, 

394.99, 72, 0, 0.463387, 

394.99, 73, 0, 0.463387, 

394.99, 74, 0, 0.463387, 

394.99, 75, 0, 0.463387, 

394.99, 76, 0, 0.463387, 

394.99, 77, 0, 0.463387, 

394.99, 78, 0, 0.463387, 

394.99, 79, 0, 0.463387, 

394.99, 80, 0, 0.463387, 

394.99, 81, 0, 0.463387, 

394.99, 82, 0, 0.463387, 

394.99, 83, 0, 0.463387, 

394.99, 84, 0, 0.463387, 

394.99, 85, 0, 0.463387, 

394.99, 86, 0, 0.463387, 

394.99, 87, 0, 0.463387, 

394.99, 88, 0, 0.463387, 

394.99, 89, 0, 0.463387, 

394.99, 90, 0, 0.463387, 

394.99, 91, 0, 0.463387, 

394.99, 92, 0, 0.463387, 

394.99, 93, 0, 0.463387, 

394.99, 94, 0, 0.463387, 

394.99, 95, 0, 0.463387, 

394.99, 96, 0, 0.463387, 

394.99, 97, 0, 0.463387, 

394.99, 98, 0, 0.463387, 

394.99, 99, 0, 0.463387, 

394.99, 100, 0, 0.463387, 

394.99, 101, 0, 0.463387, 

394.99, 102, 0, 0.463387, 

394.99, 103, 0, 0.463387, 

394.99, 104, 0, 0.463387, 

394.99, 105, 0, 0.463387, 

394.99, 106, 0, 0.463387, 

394.99, 107, 0, 0.463387, 

394.99, 108, 0, 0.463387, 

394.99, 109, 0, 0.463387, 

394.99, 110, 0, 0.463387, 

394.99, 111, 0, 0.463387, 

394.99, 112, 0, 0.463387, 

394.99, 113, 0, 0.463387, 

394.99, 114, 0, 0.463387, 

394.99, 115, 0, 0.463387, 

394.99, 116, 0, 0.463387, 

394.99, 117, 0, 0.463387, 

394.99, 118, 0, 0.463387, 

394.99, 119, 0, 0.463387, 

397.148, 0, 0, 0.463387, 

397.148, 1, 0, 0.463387, 

397.148, 2, 0, 0.463387, 

397.148, 3, 0, 0.463387, 

397.148, 4, 0, 0.463387, 

397.148, 5, 0, 0.463387, 

397.148, 6, 0, 0.463387, 

397.148, 7, 0, 0.463387, 

397.148, 8, 0, 0.463387, 

397.148, 9, 0, 0.463387, 

397.148, 10, 0, 0.463387, 

397.148, 11, 0, 0.463387, 

397.148, 12, 0, 0.463387, 

397.148, 13, 0, 0.463387, 

397.148, 14, 0, 0.463387, 

397.148, 15, 0, 0.463387, 

397.148, 16, 0, 0.463387, 

397.148, 17, 0, 0.463387, 

397.148, 18, 0, 0.463387, 

397.148, 19, 0, 0.463387, 

397.148, 20, 0, 0.463387, 

397.148, 21, 0, 0.463387, 

397.148, 22, 0, 0.463387, 

397.148, 23, 0, 0.463387, 

397.148, 24, 0, 0.463387, 

397.148, 25, 0, 0.463387, 

397.148, 26, 0, 0.463387, 

397.148, 27, 0, 0.463387, 

397.148, 28, 0, 0.463387, 

397.148, 29, 0, 0.463387, 

397.148, 30, 0, 0.463387, 

397.148, 31, 0, 0.463387, 

397.148, 32, 0, 0.463387, 

397.148, 33, 0, 0.463387, 

397.148, 34, 0, 0.463387, 

397.148, 35, 0, 0.463387, 

397.148, 36, 0, 0.463387, 

397.148, 37, 0, 0.463387, 

397.148, 38, 0, 0.463387, 

397.148, 39, 0, 0.463387, 

397.148, 40, 0, 0.463387, 

397.148, 41, 0, 0.463387, 

397.148, 42, 0, 0.463387, 

397.148, 43, 0, 0.463387, 

397.148, 44, 0, 0.463387, 

397.148, 45, 0, 0.463387, 

397.148, 46, 0, 0.463387, 

397.148, 47, 0, 0.463387, 

397.148, 48, 0, 0.463387, 

397.148, 49, 0, 0.463387, 

397.148, 50, 0, 0.463387, 

397.148, 51, 0, 0.463387, 

397.148, 52, 0, 0.463387, 

397.148, 53, 0, 0.463387, 

397.148, 54, 0, 0.463387, 

397.148, 55, 0, 0.463387, 

397.148, 56, 0, 0.463387, 

397.148, 57, 0, 0.463387, 

397.148, 58, 0, 0.463387, 

397.148, 59, 0, 0.463387, 

397.148, 60, 0, 0.463387, 

397.148, 61, 0, 0.463387, 

397.148, 62, 0, 0.463387, 

397.148, 63, 0, 0.463387, 

397.148, 64, 0, 0.463387, 

397.148, 65, 0, 0.463387, 

397.148, 66, 0, 0.463387, 

397.148, 67, 0, 0.463387, 

397.148, 68, 0, 0.463387, 

397.148, 69, 0, 0.463387, 

397.148, 70, 0, 0.463387, 

397.148, 71, 0, 0.463387, 

397.148, 72, 0, 0.463387, 

397.148, 73, 0, 0.463387, 

397.148, 74, 0, 0.463387, 

397.148, 75, 0, 0.463387, 

397.148, 76, 0, 0.463387, 

397.148, 77, 0, 0.463387, 

397.148, 78, 0, 0.463387, 

397.148, 79, 0, 0.463387, 

397.148, 80, 0, 0.463387, 

397.148, 81, 0, 0.463387, 

397.148, 82, 0, 0.463387, 

397.148, 83, 0, 0.463387, 

397.148, 84, 0, 0.463387, 

397.148, 85, 0, 0.463387, 

397.148, 86, 0, 0.463387, 

397.148, 87, 0, 0.463387, 

397.148, 88, 0, 0.463387, 

397.148, 89, 0, 0.463387, 

397.148, 90, 0, 0.463387, 

397.148, 91, 0, 0.463387, 

397.148, 92, 0, 0.463387, 

397.148, 93, 0, 0.463387, 

397.148, 94, 0, 0.463387, 

397.148, 95, 0, 0.463387, 

397.148, 96, 0, 0.463387, 

397.148, 97, 0, 0.463387, 

397.148, 98, 0, 0.463387, 

397.148, 99, 0, 0.463387, 

397.148, 100, 0, 0.463387, 

397.148, 101, 0, 0.463387, 

397.148, 102, 0, 0.463387, 

397.148, 103, 0, 0.463387, 

397.148, 104, 0, 0.463387, 

397.148, 105, 0, 0.463387, 

397.148, 106, 0, 0.463387, 

397.148, 107, 0, 0.463387, 

397.148, 108, 0, 0.463387, 

397.148, 109, 0, 0.463387, 

397.148, 110, 0, 0.463387, 

397.148, 111, 0, 0.463387, 

397.148, 112, 0, 0.463387, 

397.148, 113, 0, 0.463387, 

397.148, 114, 0, 0.463387, 

397.148, 115, 0, 0.463387, 

397.148, 116, 0, 0.463387, 

397.148, 117, 0, 0.463387, 

397.148, 118, 0, 0.463387, 

397.148, 119, 0, 0.463387, 

399.306, 0, 0, 0.463387, 

399.306, 1, 0, 0.463387, 

399.306, 2, 0, 0.463387, 

399.306, 3, 0, 0.463387, 

399.306, 4, 0, 0.463387, 

399.306, 5, 0, 0.463387, 

399.306, 6, 0, 0.463387, 

399.306, 7, 0, 0.463387, 

399.306, 8, 0, 0.463387, 

399.306, 9, 0, 0.463387, 

399.306, 10, 0, 0.463387, 

399.306, 11, 0, 0.463387, 

399.306, 12, 0, 0.463387, 

399.306, 13, 0, 0.463387, 

399.306, 14, 0, 0.463387, 

399.306, 15, 0, 0.463387, 

399.306, 16, 0, 0.463387, 

399.306, 17, 0, 0.463387, 

399.306, 18, 0, 0.463387, 

399.306, 19, 0, 0.463387, 

399.306, 20, 0, 0.463387, 

399.306, 21, 0, 0.463387, 

399.306, 22, 0, 0.463387, 

399.306, 23, 0, 0.463387, 

399.306, 24, 0, 0.463387, 

399.306, 25, 0, 0.463387, 

399.306, 26, 0, 0.463387, 

399.306, 27, 0, 0.463387, 

399.306, 28, 0, 0.463387, 

399.306, 29, 0, 0.463387, 

399.306, 30, 0, 0.463387, 

399.306, 31, 0, 0.463387, 

399.306, 32, 0, 0.463387, 

399.306, 33, 0, 0.463387, 

399.306, 34, 0, 0.463387, 

399.306, 35, 0, 0.463387, 

399.306, 36, 0, 0.463387, 

399.306, 37, 0, 0.463387, 

399.306, 38, 0, 0.463387, 

399.306, 39, 0, 0.463387, 

399.306, 40, 0, 0.463387, 

399.306, 41, 0, 0.463387, 

399.306, 42, 0, 0.463387, 

399.306, 43, 0, 0.463387, 

399.306, 44, 0, 0.463387, 

399.306, 45, 0, 0.463387, 

399.306, 46, 0, 0.463387, 

399.306, 47, 0, 0.463387, 

399.306, 48, 0, 0.463387, 

399.306, 49, 0, 0.463387, 

399.306, 50, 0, 0.463387, 

399.306, 51, 0, 0.463387, 

399.306, 52, 0, 0.463387, 

399.306, 53, 0, 0.463387, 

399.306, 54, 0, 0.463387, 

399.306, 55, 0, 0.463387, 

399.306, 56, 0, 0.463387, 

399.306, 57, 0, 0.463387, 

399.306, 58, 0, 0.463387, 

399.306, 59, 0, 0.463387, 

399.306, 60, 0, 0.463387, 

399.306, 61, 0, 0.463387, 

399.306, 62, 0, 0.463387, 

399.306, 63, 0, 0.463387, 

399.306, 64, 0, 0.463387, 

399.306, 65, 0, 0.463387, 

399.306, 66, 0, 0.463387, 

399.306, 67, 0, 0.463387, 

399.306, 68, 0, 0.463387, 

399.306, 69, 0, 0.463387, 

399.306, 70, 0, 0.463387, 

399.306, 71, 0, 0.463387, 

399.306, 72, 0, 0.463387, 

399.306, 73, 0, 0.463387, 

399.306, 74, 0, 0.463387, 

399.306, 75, 0, 0.463387, 

399.306, 76, 0, 0.463387, 

399.306, 77, 0, 0.463387, 

399.306, 78, 0, 0.463387, 

399.306, 79, 0, 0.463387, 

399.306, 80, 0, 0.463387, 

399.306, 81, 0, 0.463387, 

399.306, 82, 0, 0.463387, 

399.306, 83, 0, 0.463387, 

399.306, 84, 0, 0.463387, 

399.306, 85, 0, 0.463387, 

399.306, 86, 0, 0.463387, 

399.306, 87, 0, 0.463387, 

399.306, 88, 0, 0.463387, 

399.306, 89, 0, 0.463387, 

399.306, 90, 0, 0.463387, 

399.306, 91, 0, 0.463387, 

399.306, 92, 0, 0.463387, 

399.306, 93, 0, 0.463387, 

399.306, 94, 0, 0.463387, 

399.306, 95, 0, 0.463387, 

399.306, 96, 0, 0.463387, 

399.306, 97, 0, 0.463387, 

399.306, 98, 0, 0.463387, 

399.306, 99, 0, 0.463387, 

399.306, 100, 0, 0.463387, 

399.306, 101, 0, 0.463387, 

399.306, 102, 0, 0.463387, 

399.306, 103, 0, 0.463387, 

399.306, 104, 0, 0.463387, 

399.306, 105, 0, 0.463387, 

399.306, 106, 0, 0.463387, 

399.306, 107, 0, 0.463387, 

399.306, 108, 0, 0.463387, 

399.306, 109, 0, 0.463387, 

399.306, 110, 0, 0.463387, 

399.306, 111, 0, 0.463387, 

399.306, 112, 0, 0.463387, 

399.306, 113, 0, 0.463387, 

399.306, 114, 0, 0.463387, 

399.306, 115, 0, 0.463387, 

399.306, 116, 0, 0.463387, 

399.306, 117, 0, 0.463387, 

399.306, 118, 0, 0.463387, 

399.306, 119, 0, 0.463387, 

401.464, 0, 0, 0.463387, 

401.464, 1, 0, 0.463387, 

401.464, 2, 0, 0.463387, 

401.464, 3, 0, 0.463387, 

401.464, 4, 0, 0.463387, 

401.464, 5, 0, 0.463387, 

401.464, 6, 0, 0.463387, 

401.464, 7, 0, 0.463387, 

401.464, 8, 0, 0.463387, 

401.464, 9, 0, 0.463387, 

401.464, 10, 0, 0.463387, 

401.464, 11, 0, 0.463387, 

401.464, 12, 0, 0.463387, 

401.464, 13, 0, 0.463387, 

401.464, 14, 0, 0.463387, 

401.464, 15, 0, 0.463387, 

401.464, 16, 0, 0.463387, 

401.464, 17, 0, 0.463387, 

401.464, 18, 0, 0.463387, 

401.464, 19, 0, 0.463387, 

401.464, 20, 0, 0.463387, 

401.464, 21, 0, 0.463387, 

401.464, 22, 0, 0.463387, 

401.464, 23, 0, 0.463387, 

401.464, 24, 0, 0.463387, 

401.464, 25, 0, 0.463387, 

401.464, 26, 0, 0.463387, 

401.464, 27, 0, 0.463387, 

401.464, 28, 0, 0.463387, 

401.464, 29, 0, 0.463387, 

401.464, 30, 0, 0.463387, 

401.464, 31, 0, 0.463387, 

401.464, 32, 0, 0.463387, 

401.464, 33, 0, 0.463387, 

401.464, 34, 0, 0.463387, 

401.464, 35, 0, 0.463387, 

401.464, 36, 0, 0.463387, 

401.464, 37, 0, 0.463387, 

401.464, 38, 0, 0.463387, 

401.464, 39, 0, 0.463387, 

401.464, 40, 0, 0.463387, 

401.464, 41, 0, 0.463387, 

401.464, 42, 0, 0.463387, 

401.464, 43, 0, 0.463387, 

401.464, 44, 0, 0.463387, 

401.464, 45, 0, 0.463387, 

401.464, 46, 0, 0.463387, 

401.464, 47, 0, 0.463387, 

401.464, 48, 0, 0.463387, 

401.464, 49, 0, 0.463387, 

401.464, 50, 0, 0.463387, 

401.464, 51, 0, 0.463387, 

401.464, 52, 0, 0.463387, 

401.464, 53, 0, 0.463387, 

401.464, 54, 0, 0.463387, 

401.464, 55, 0, 0.463387, 

401.464, 56, 0, 0.463387, 

401.464, 57, 0, 0.463387, 

401.464, 58, 0, 0.463387, 

401.464, 59, 0, 0.463387, 

401.464, 60, 0, 0.463387, 

401.464, 61, 0, 0.463387, 

401.464, 62, 0, 0.463387, 

401.464, 63, 0, 0.463387, 

401.464, 64, 0, 0.463387, 

401.464, 65, 0, 0.463387, 

401.464, 66, 0, 0.463387, 

401.464, 67, 0, 0.463387, 

401.464, 68, 0, 0.463387, 

401.464, 69, 0, 0.463387, 

401.464, 70, 0, 0.463387, 

401.464, 71, 0, 0.463387, 

401.464, 72, 0, 0.463387, 

401.464, 73, 0, 0.463387, 

401.464, 74, 0, 0.463387, 

401.464, 75, 0, 0.463387, 

401.464, 76, 0, 0.463387, 

401.464, 77, 0, 0.463387, 

401.464, 78, 0, 0.463387, 

401.464, 79, 0, 0.463387, 

401.464, 80, 0, 0.463387, 

401.464, 81, 0, 0.463387, 

401.464, 82, 0, 0.463387, 

401.464, 83, 0, 0.463387, 

401.464, 84, 0, 0.463387, 

401.464, 85, 0, 0.463387, 

401.464, 86, 0, 0.463387, 

401.464, 87, 0, 0.463387, 

401.464, 88, 0, 0.463387, 

401.464, 89, 0, 0.463387, 

401.464, 90, 0, 0.463387, 

401.464, 91, 0, 0.463387, 

401.464, 92, 0, 0.463387, 

401.464, 93, 0, 0.463387, 

401.464, 94, 0, 0.463387, 

401.464, 95, 0, 0.463387, 

401.464, 96, 0, 0.463387, 

401.464, 97, 0, 0.463387, 

401.464, 98, 0, 0.463387, 

401.464, 99, 0, 0.463387, 

401.464, 100, 0, 0.463387, 

401.464, 101, 0, 0.463387, 

401.464, 102, 0, 0.463387, 

401.464, 103, 0, 0.463387, 

401.464, 104, 0, 0.463387, 

401.464, 105, 0, 0.463387, 

401.464, 106, 0, 0.463387, 

401.464, 107, 0, 0.463387, 

401.464, 108, 0, 0.463387, 

401.464, 109, 0, 0.463387, 

401.464, 110, 0, 0.463387, 

401.464, 111, 0, 0.463387, 

401.464, 112, 0, 0.463387, 

401.464, 113, 0, 0.463387, 

401.464, 114, 0, 0.463387, 

401.464, 115, 0, 0.463387, 

401.464, 116, 0, 0.463387, 

401.464, 117, 0, 0.463387, 

401.464, 118, 0, 0.463387, 

401.464, 119, 0, 0.463387, 

403.622, 0, 0, 0.463387, 

403.622, 1, 0, 0.463387, 

403.622, 2, 0, 0.463387, 

403.622, 3, 0, 0.463387, 

403.622, 4, 0, 0.463387, 

403.622, 5, 0, 0.463387, 

403.622, 6, 0, 0.463387, 

403.622, 7, 0, 0.463387, 

403.622, 8, 0, 0.463387, 

403.622, 9, 0, 0.463387, 

403.622, 10, 0, 0.463387, 

403.622, 11, 0, 0.463387, 

403.622, 12, 0, 0.463387, 

403.622, 13, 0, 0.463387, 

403.622, 14, 0, 0.463387, 

403.622, 15, 0, 0.463387, 

403.622, 16, 0, 0.463387, 

403.622, 17, 0, 0.463387, 

403.622, 18, 0, 0.463387, 

403.622, 19, 0, 0.463387, 

403.622, 20, 0, 0.463387, 

403.622, 21, 0, 0.463387, 

403.622, 22, 0, 0.463387, 

403.622, 23, 0, 0.463387, 

403.622, 24, 0, 0.463387, 

403.622, 25, 0, 0.463387, 

403.622, 26, 0, 0.463387, 

403.622, 27, 0, 0.463387, 

403.622, 28, 0, 0.463387, 

403.622, 29, 0, 0.463387, 

403.622, 30, 0, 0.463387, 

403.622, 31, 0, 0.463387, 

403.622, 32, 0, 0.463387, 

403.622, 33, 0, 0.463387, 

403.622, 34, 0, 0.463387, 

403.622, 35, 0, 0.463387, 

403.622, 36, 0, 0.463387, 

403.622, 37, 0, 0.463387, 

403.622, 38, 0, 0.463387, 

403.622, 39, 0, 0.463387, 

403.622, 40, 0, 0.463387, 

403.622, 41, 0, 0.463387, 

403.622, 42, 0, 0.463387, 

403.622, 43, 0, 0.463387, 

403.622, 44, 0, 0.463387, 

403.622, 45, 0, 0.463387, 

403.622, 46, 0, 0.463387, 

403.622, 47, 0, 0.463387, 

403.622, 48, 0, 0.463387, 

403.622, 49, 0, 0.463387, 

403.622, 50, 0, 0.463387, 

403.622, 51, 0, 0.463387, 

403.622, 52, 0, 0.463387, 

403.622, 53, 0, 0.463387, 

403.622, 54, 0, 0.463387, 

403.622, 55, 0, 0.463387, 

403.622, 56, 0, 0.463387, 

403.622, 57, 0, 0.463387, 

403.622, 58, 0, 0.463387, 

403.622, 59, 0, 0.463387, 

403.622, 60, 0, 0.463387, 

403.622, 61, 0, 0.463387, 

403.622, 62, 0, 0.463387, 

403.622, 63, 0, 0.463387, 

403.622, 64, 0, 0.463387, 

403.622, 65, 0, 0.463387, 

403.622, 66, 0, 0.463387, 

403.622, 67, 0, 0.463387, 

403.622, 68, 0, 0.463387, 

403.622, 69, 0, 0.463387, 

403.622, 70, 0, 0.463387, 

403.622, 71, 0, 0.463387, 

403.622, 72, 0, 0.463387, 

403.622, 73, 0, 0.463387, 

403.622, 74, 0, 0.463387, 

403.622, 75, 0, 0.463387, 

403.622, 76, 0, 0.463387, 

403.622, 77, 0, 0.463387, 

403.622, 78, 0, 0.463387, 

403.622, 79, 0, 0.463387, 

403.622, 80, 0, 0.463387, 

403.622, 81, 0, 0.463387, 

403.622, 82, 0, 0.463387, 

403.622, 83, 0, 0.463387, 

403.622, 84, 0, 0.463387, 

403.622, 85, 0, 0.463387, 

403.622, 86, 0, 0.463387, 

403.622, 87, 0, 0.463387, 

403.622, 88, 0, 0.463387, 

403.622, 89, 0, 0.463387, 

403.622, 90, 0, 0.463387, 

403.622, 91, 0, 0.463387, 

403.622, 92, 0, 0.463387, 

403.622, 93, 0, 0.463387, 

403.622, 94, 0, 0.463387, 

403.622, 95, 0, 0.463387, 

403.622, 96, 0, 0.463387, 

403.622, 97, 0, 0.463387, 

403.622, 98, 0, 0.463387, 

403.622, 99, 0, 0.463387, 

403.622, 100, 0, 0.463387, 

403.622, 101, 0, 0.463387, 

403.622, 102, 0, 0.463387, 

403.622, 103, 0, 0.463387, 

403.622, 104, 0, 0.463387, 

403.622, 105, 0, 0.463387, 

403.622, 106, 0, 0.463387, 

403.622, 107, 0, 0.463387, 

403.622, 108, 0, 0.463387, 

403.622, 109, 0, 0.463387, 

403.622, 110, 0, 0.463387, 

403.622, 111, 0, 0.463387, 

403.622, 112, 0, 0.463387, 

403.622, 113, 0, 0.463387, 

403.622, 114, 0, 0.463387, 

403.622, 115, 0, 0.463387, 

403.622, 116, 0, 0.463387, 

403.622, 117, 0, 0.463387, 

403.622, 118, 0, 0.463387, 

403.622, 119, 0, 0.463387, 

405.78, 0, 0, 0.463387, 

405.78, 1, 0, 0.463387, 

405.78, 2, 0, 0.463387, 

405.78, 3, 0, 0.463387, 

405.78, 4, 0, 0.463387, 

405.78, 5, 0, 0.463387, 

405.78, 6, 0, 0.463387, 

405.78, 7, 0, 0.463387, 

405.78, 8, 0, 0.463387, 

405.78, 9, 0, 0.463387, 

405.78, 10, 0, 0.463387, 

405.78, 11, 0, 0.463387, 

405.78, 12, 0, 0.463387, 

405.78, 13, 0, 0.463387, 

405.78, 14, 0, 0.463387, 

405.78, 15, 0, 0.463387, 

405.78, 16, 0, 0.463387, 

405.78, 17, 0, 0.463387, 

405.78, 18, 0, 0.463387, 

405.78, 19, 0, 0.463387, 

405.78, 20, 0, 0.463387, 

405.78, 21, 0, 0.463387, 

405.78, 22, 0, 0.463387, 

405.78, 23, 0, 0.463387, 

405.78, 24, 0, 0.463387, 

405.78, 25, 0, 0.463387, 

405.78, 26, 0, 0.463387, 

405.78, 27, 0, 0.463387, 

405.78, 28, 0, 0.463387, 

405.78, 29, 0, 0.463387, 

405.78, 30, 0, 0.463387, 

405.78, 31, 0, 0.463387, 

405.78, 32, 0, 0.463387, 

405.78, 33, 0, 0.463387, 

405.78, 34, 0, 0.463387, 

405.78, 35, 0, 0.463387, 

405.78, 36, 0, 0.463387, 

405.78, 37, 0, 0.463387, 

405.78, 38, 0, 0.463387, 

405.78, 39, 0, 0.463387, 

405.78, 40, 0, 0.463387, 

405.78, 41, 0, 0.463387, 

405.78, 42, 0, 0.463387, 

405.78, 43, 0, 0.463387, 

405.78, 44, 0, 0.463387, 

405.78, 45, 0, 0.463387, 

405.78, 46, 0, 0.463387, 

405.78, 47, 0, 0.463387, 

405.78, 48, 0, 0.463387, 

405.78, 49, 0, 0.463387, 

405.78, 50, 0, 0.463387, 

405.78, 51, 0, 0.463387, 

405.78, 52, 0, 0.463387, 

405.78, 53, 0, 0.463387, 

405.78, 54, 0, 0.463387, 

405.78, 55, 0, 0.463387, 

405.78, 56, 0, 0.463387, 

405.78, 57, 0, 0.463387, 

405.78, 58, 0, 0.463387, 

405.78, 59, 0, 0.463387, 

405.78, 60, 0, 0.463387, 

405.78, 61, 0, 0.463387, 

405.78, 62, 0, 0.463387, 

405.78, 63, 0, 0.463387, 

405.78, 64, 0, 0.463387, 

405.78, 65, 0, 0.463387, 

405.78, 66, 0, 0.463387, 

405.78, 67, 0, 0.463387, 

405.78, 68, 0, 0.463387, 

405.78, 69, 0, 0.463387, 

405.78, 70, 0, 0.463387, 

405.78, 71, 0, 0.463387, 

405.78, 72, 0, 0.463387, 

405.78, 73, 0, 0.463387, 

405.78, 74, 0, 0.463387, 

405.78, 75, 0, 0.463387, 

405.78, 76, 0, 0.463387, 

405.78, 77, 0, 0.463387, 

405.78, 78, 0, 0.463387, 

405.78, 79, 0, 0.463387, 

405.78, 80, 0, 0.463387, 

405.78, 81, 0, 0.463387, 

405.78, 82, 0, 0.463387, 

405.78, 83, 0, 0.463387, 

405.78, 84, 0, 0.463387, 

405.78, 85, 0, 0.463387, 

405.78, 86, 0, 0.463387, 

405.78, 87, 0, 0.463387, 

405.78, 88, 0, 0.463387, 

405.78, 89, 0, 0.463387, 

405.78, 90, 0, 0.463387, 

405.78, 91, 0, 0.463387, 

405.78, 92, 0, 0.463387, 

405.78, 93, 0, 0.463387, 

405.78, 94, 0, 0.463387, 

405.78, 95, 0, 0.463387, 

405.78, 96, 0, 0.463387, 

405.78, 97, 0, 0.463387, 

405.78, 98, 0, 0.463387, 

405.78, 99, 0, 0.463387, 

405.78, 100, 0, 0.463387, 

405.78, 101, 0, 0.463387, 

405.78, 102, 0, 0.463387, 

405.78, 103, 0, 0.463387, 

405.78, 104, 0, 0.463387, 

405.78, 105, 0, 0.463387, 

405.78, 106, 0, 0.463387, 

405.78, 107, 0, 0.463387, 

405.78, 108, 0, 0.463387, 

405.78, 109, 0, 0.463387, 

405.78, 110, 0, 0.463387, 

405.78, 111, 0, 0.463387, 

405.78, 112, 0, 0.463387, 

405.78, 113, 0, 0.463387, 

405.78, 114, 0, 0.463387, 

405.78, 115, 0, 0.463387, 

405.78, 116, 0, 0.463387, 

405.78, 117, 0, 0.463387, 

405.78, 118, 0, 0.463387, 

405.78, 119, 0, 0.463387, 

407.937, 0, 0, 0.463387, 

407.937, 1, 0, 0.463387, 

407.937, 2, 0, 0.463387, 

407.937, 3, 0, 0.463387, 

407.937, 4, 0, 0.463387, 

407.937, 5, 0, 0.463387, 

407.937, 6, 0, 0.463387, 

407.937, 7, 0, 0.463387, 

407.937, 8, 0, 0.463387, 

407.937, 9, 0, 0.463387, 

407.937, 10, 0, 0.463387, 

407.937, 11, 0, 0.463387, 

407.937, 12, 0, 0.463387, 

407.937, 13, 0, 0.463387, 

407.937, 14, 0, 0.463387, 

407.937, 15, 0, 0.463387, 

407.937, 16, 0, 0.463387, 

407.937, 17, 0, 0.463387, 

407.937, 18, 0, 0.463387, 

407.937, 19, 0, 0.463387, 

407.937, 20, 0, 0.463387, 

407.937, 21, 0, 0.463387, 

407.937, 22, 0, 0.463387, 

407.937, 23, 0, 0.463387, 

407.937, 24, 0, 0.463387, 

407.937, 25, 0, 0.463387, 

407.937, 26, 0, 0.463387, 

407.937, 27, 0, 0.463387, 

407.937, 28, 0, 0.463387, 

407.937, 29, 0, 0.463387, 

407.937, 30, 0, 0.463387, 

407.937, 31, 0, 0.463387, 

407.937, 32, 0, 0.463387, 

407.937, 33, 0, 0.463387, 

407.937, 34, 0, 0.463387, 

407.937, 35, 0, 0.463387, 

407.937, 36, 0, 0.463387, 

407.937, 37, 0, 0.463387, 

407.937, 38, 0, 0.463387, 

407.937, 39, 0, 0.463387, 

407.937, 40, 0, 0.463387, 

407.937, 41, 0, 0.463387, 

407.937, 42, 0, 0.463387, 

407.937, 43, 0, 0.463387, 

407.937, 44, 0, 0.463387, 

407.937, 45, 0, 0.463387, 

407.937, 46, 0, 0.463387, 

407.937, 47, 0, 0.463387, 

407.937, 48, 0, 0.463387, 

407.937, 49, 0, 0.463387, 

407.937, 50, 0, 0.463387, 

407.937, 51, 0, 0.463387, 

407.937, 52, 0, 0.463387, 

407.937, 53, 0, 0.463387, 

407.937, 54, 0, 0.463387, 

407.937, 55, 0, 0.463387, 

407.937, 56, 0, 0.463387, 

407.937, 57, 0, 0.463387, 

407.937, 58, 0, 0.463387, 

407.937, 59, 0, 0.463387, 

407.937, 60, 0, 0.463387, 

407.937, 61, 0, 0.463387, 

407.937, 62, 0, 0.463387, 

407.937, 63, 0, 0.463387, 

407.937, 64, 0, 0.463387, 

407.937, 65, 0, 0.463387, 

407.937, 66, 0, 0.463387, 

407.937, 67, 0, 0.463387, 

407.937, 68, 0, 0.463387, 

407.937, 69, 0, 0.463387, 

407.937, 70, 0, 0.463387, 

407.937, 71, 0, 0.463387, 

407.937, 72, 0, 0.463387, 

407.937, 73, 0, 0.463387, 

407.937, 74, 0, 0.463387, 

407.937, 75, 0, 0.463387, 

407.937, 76, 0, 0.463387, 

407.937, 77, 0, 0.463387, 

407.937, 78, 0, 0.463387, 

407.937, 79, 0, 0.463387, 

407.937, 80, 0, 0.463387, 

407.937, 81, 0, 0.463387, 

407.937, 82, 0, 0.463387, 

407.937, 83, 0, 0.463387, 

407.937, 84, 0, 0.463387, 

407.937, 85, 0, 0.463387, 

407.937, 86, 0, 0.463387, 

407.937, 87, 0, 0.463387, 

407.937, 88, 0, 0.463387, 

407.937, 89, 0, 0.463387, 

407.937, 90, 0, 0.463387, 

407.937, 91, 0, 0.463387, 

407.937, 92, 0, 0.463387, 

407.937, 93, 0, 0.463387, 

407.937, 94, 0, 0.463387, 

407.937, 95, 0, 0.463387, 

407.937, 96, 0, 0.463387, 

407.937, 97, 0, 0.463387, 

407.937, 98, 0, 0.463387, 

407.937, 99, 0, 0.463387, 

407.937, 100, 0, 0.463387, 

407.937, 101, 0, 0.463387, 

407.937, 102, 0, 0.463387, 

407.937, 103, 0, 0.463387, 

407.937, 104, 0, 0.463387, 

407.937, 105, 0, 0.463387, 

407.937, 106, 0, 0.463387, 

407.937, 107, 0, 0.463387, 

407.937, 108, 0, 0.463387, 

407.937, 109, 0, 0.463387, 

407.937, 110, 0, 0.463387, 

407.937, 111, 0, 0.463387, 

407.937, 112, 0, 0.463387, 

407.937, 113, 0, 0.463387, 

407.937, 114, 0, 0.463387, 

407.937, 115, 0, 0.463387, 

407.937, 116, 0, 0.463387, 

407.937, 117, 0, 0.463387, 

407.937, 118, 0, 0.463387, 

407.937, 119, 0, 0.463387, 

410.095, 0, 0, 0.463387, 

410.095, 1, 0, 0.463387, 

410.095, 2, 0, 0.463387, 

410.095, 3, 0, 0.463387, 

410.095, 4, 0, 0.463387, 

410.095, 5, 0, 0.463387, 

410.095, 6, 0, 0.463387, 

410.095, 7, 0, 0.463387, 

410.095, 8, 0, 0.463387, 

410.095, 9, 0, 0.463387, 

410.095, 10, 0, 0.463387, 

410.095, 11, 0, 0.463387, 

410.095, 12, 0, 0.463387, 

410.095, 13, 0, 0.463387, 

410.095, 14, 0, 0.463387, 

410.095, 15, 0, 0.463387, 

410.095, 16, 0, 0.463387, 

410.095, 17, 0, 0.463387, 

410.095, 18, 0, 0.463387, 

410.095, 19, 0, 0.463387, 

410.095, 20, 0, 0.463387, 

410.095, 21, 0, 0.463387, 

410.095, 22, 0, 0.463387, 

410.095, 23, 0, 0.463387, 

410.095, 24, 0, 0.463387, 

410.095, 25, 0, 0.463387, 

410.095, 26, 0, 0.463387, 

410.095, 27, 0, 0.463387, 

410.095, 28, 0, 0.463387, 

410.095, 29, 0, 0.463387, 

410.095, 30, 0, 0.463387, 

410.095, 31, 0, 0.463387, 

410.095, 32, 0, 0.463387, 

410.095, 33, 0, 0.463387, 

410.095, 34, 0, 0.463387, 

410.095, 35, 0, 0.463387, 

410.095, 36, 0, 0.463387, 

410.095, 37, 0, 0.463387, 

410.095, 38, 0, 0.463387, 

410.095, 39, 0, 0.463387, 

410.095, 40, 0, 0.463387, 

410.095, 41, 0, 0.463387, 

410.095, 42, 0, 0.463387, 

410.095, 43, 0, 0.463387, 

410.095, 44, 0, 0.463387, 

410.095, 45, 0, 0.463387, 

410.095, 46, 0, 0.463387, 

410.095, 47, 0, 0.463387, 

410.095, 48, 0, 0.463387, 

410.095, 49, 0, 0.463387, 

410.095, 50, 0, 0.463387, 

410.095, 51, 0, 0.463387, 

410.095, 52, 0, 0.463387, 

410.095, 53, 0, 0.463387, 

410.095, 54, 0, 0.463387, 

410.095, 55, 0, 0.463387, 

410.095, 56, 0, 0.463387, 

410.095, 57, 0, 0.463387, 

410.095, 58, 0, 0.463387, 

410.095, 59, 0, 0.463387, 

410.095, 60, 0, 0.463387, 

410.095, 61, 0, 0.463387, 

410.095, 62, 0, 0.463387, 

410.095, 63, 0, 0.463387, 

410.095, 64, 0, 0.463387, 

410.095, 65, 0, 0.463387, 

410.095, 66, 0, 0.463387, 

410.095, 67, 0, 0.463387, 

410.095, 68, 0, 0.463387, 

410.095, 69, 0, 0.463387, 

410.095, 70, 0, 0.463387, 

410.095, 71, 0, 0.463387, 

410.095, 72, 0, 0.463387, 

410.095, 73, 0, 0.463387, 

410.095, 74, 0, 0.463387, 

410.095, 75, 0, 0.463387, 

410.095, 76, 0, 0.463387, 

410.095, 77, 0, 0.463387, 

410.095, 78, 0, 0.463387, 

410.095, 79, 0, 0.463387, 

410.095, 80, 0, 0.463387, 

410.095, 81, 0, 0.463387, 

410.095, 82, 0, 0.463387, 

410.095, 83, 0, 0.463387, 

410.095, 84, 0, 0.463387, 

410.095, 85, 0, 0.463387, 

410.095, 86, 0, 0.463387, 

410.095, 87, 0, 0.463387, 

410.095, 88, 0, 0.463387, 

410.095, 89, 0, 0.463387, 

410.095, 90, 0, 0.463387, 

410.095, 91, 0, 0.463387, 

410.095, 92, 0, 0.463387, 

410.095, 93, 0, 0.463387, 

410.095, 94, 0, 0.463387, 

410.095, 95, 0, 0.463387, 

410.095, 96, 0, 0.463387, 

410.095, 97, 0, 0.463387, 

410.095, 98, 0, 0.463387, 

410.095, 99, 0, 0.463387, 

410.095, 100, 0, 0.463387, 

410.095, 101, 0, 0.463387, 

410.095, 102, 0, 0.463387, 

410.095, 103, 0, 0.463387, 

410.095, 104, 0, 0.463387, 

410.095, 105, 0, 0.463387, 

410.095, 106, 0, 0.463387, 

410.095, 107, 0, 0.463387, 

410.095, 108, 0, 0.463387, 

410.095, 109, 0, 0.463387, 

410.095, 110, 0, 0.463387, 

410.095, 111, 0, 0.463387, 

410.095, 112, 0, 0.463387, 

410.095, 113, 0, 0.463387, 

410.095, 114, 0, 0.463387, 

410.095, 115, 0, 0.463387, 

410.095, 116, 0, 0.463387, 

410.095, 117, 0, 0.463387, 

410.095, 118, 0, 0.463387, 

410.095, 119, 0, 0.463387, 

412.253, 0, 0, 0.463387, 

412.253, 1, 0, 0.463387, 

412.253, 2, 0, 0.463387, 

412.253, 3, 0, 0.463387, 

412.253, 4, 0, 0.463387, 

412.253, 5, 0, 0.463387, 

412.253, 6, 0, 0.463387, 

412.253, 7, 0, 0.463387, 

412.253, 8, 0, 0.463387, 

412.253, 9, 0, 0.463387, 

412.253, 10, 0, 0.463387, 

412.253, 11, 0, 0.463387, 

412.253, 12, 0, 0.463387, 

412.253, 13, 0, 0.463387, 

412.253, 14, 0, 0.463387, 

412.253, 15, 0, 0.463387, 

412.253, 16, 0, 0.463387, 

412.253, 17, 0, 0.463387, 

412.253, 18, 0, 0.463387, 

412.253, 19, 0, 0.463387, 

412.253, 20, 0, 0.463387, 

412.253, 21, 0, 0.463387, 

412.253, 22, 0, 0.463387, 

412.253, 23, 0, 0.463387, 

412.253, 24, 0, 0.463387, 

412.253, 25, 0, 0.463387, 

412.253, 26, 0, 0.463387, 

412.253, 27, 0, 0.463387, 

412.253, 28, 0, 0.463387, 

412.253, 29, 0, 0.463387, 

412.253, 30, 0, 0.463387, 

412.253, 31, 0, 0.463387, 

412.253, 32, 0, 0.463387, 

412.253, 33, 0, 0.463387, 

412.253, 34, 0, 0.463387, 

412.253, 35, 0, 0.463387, 

412.253, 36, 0, 0.463387, 

412.253, 37, 0, 0.463387, 

412.253, 38, 0, 0.463387, 

412.253, 39, 0, 0.463387, 

412.253, 40, 0, 0.463387, 

412.253, 41, 0, 0.463387, 

412.253, 42, 0, 0.463387, 

412.253, 43, 0, 0.463387, 

412.253, 44, 0, 0.463387, 

412.253, 45, 0, 0.463387, 

412.253, 46, 0, 0.463387, 

412.253, 47, 0, 0.463387, 

412.253, 48, 0, 0.463387, 

412.253, 49, 0, 0.463387, 

412.253, 50, 0, 0.463387, 

412.253, 51, 0, 0.463387, 

412.253, 52, 0, 0.463387, 

412.253, 53, 0, 0.463387, 

412.253, 54, 0, 0.463387, 

412.253, 55, 0, 0.463387, 

412.253, 56, 0, 0.463387, 

412.253, 57, 0, 0.463387, 

412.253, 58, 0, 0.463387, 

412.253, 59, 0, 0.463387, 

412.253, 60, 0, 0.463387, 

412.253, 61, 0, 0.463387, 

412.253, 62, 0, 0.463387, 

412.253, 63, 0, 0.463387, 

412.253, 64, 0, 0.463387, 

412.253, 65, 0, 0.463387, 

412.253, 66, 0, 0.463387, 

412.253, 67, 0, 0.463387, 

412.253, 68, 0, 0.463387, 

412.253, 69, 0, 0.463387, 

412.253, 70, 0, 0.463387, 

412.253, 71, 0, 0.463387, 

412.253, 72, 0, 0.463387, 

412.253, 73, 0, 0.463387, 

412.253, 74, 0, 0.463387, 

412.253, 75, 0, 0.463387, 

412.253, 76, 0, 0.463387, 

412.253, 77, 0, 0.463387, 

412.253, 78, 0, 0.463387, 

412.253, 79, 0, 0.463387, 

412.253, 80, 0, 0.463387, 

412.253, 81, 0, 0.463387, 

412.253, 82, 0, 0.463387, 

412.253, 83, 0, 0.463387, 

412.253, 84, 0, 0.463387, 

412.253, 85, 0, 0.463387, 

412.253, 86, 0, 0.463387, 

412.253, 87, 0, 0.463387, 

412.253, 88, 0, 0.463387, 

412.253, 89, 0, 0.463387, 

412.253, 90, 0, 0.463387, 

412.253, 91, 0, 0.463387, 

412.253, 92, 0, 0.463387, 

412.253, 93, 0, 0.463387, 

412.253, 94, 0, 0.463387, 

412.253, 95, 0, 0.463387, 

412.253, 96, 0, 0.463387, 

412.253, 97, 0, 0.463387, 

412.253, 98, 0, 0.463387, 

412.253, 99, 0, 0.463387, 

412.253, 100, 0, 0.463387, 

412.253, 101, 0, 0.463387, 

412.253, 102, 0, 0.463387, 

412.253, 103, 0, 0.463387, 

412.253, 104, 0, 0.463387, 

412.253, 105, 0, 0.463387, 

412.253, 106, 0, 0.463387, 

412.253, 107, 0, 0.463387, 

412.253, 108, 0, 0.463387, 

412.253, 109, 0, 0.463387, 

412.253, 110, 0, 0.463387, 

412.253, 111, 0, 0.463387, 

412.253, 112, 0, 0.463387, 

412.253, 113, 0, 0.463387, 

412.253, 114, 0, 0.463387, 

412.253, 115, 0, 0.463387, 

412.253, 116, 0, 0.463387, 

412.253, 117, 0, 0.463387, 

412.253, 118, 0, 0.463387, 

412.253, 119, 0, 0.463387, 

414.411, 0, 0, 0.463387, 

414.411, 1, 0, 0.463387, 

414.411, 2, 0, 0.463387, 

414.411, 3, 0, 0.463387, 

414.411, 4, 0, 0.463387, 

414.411, 5, 0, 0.463387, 

414.411, 6, 0, 0.463387, 

414.411, 7, 0, 0.463387, 

414.411, 8, 0, 0.463387, 

414.411, 9, 0, 0.463387, 

414.411, 10, 0, 0.463387, 

414.411, 11, 0, 0.463387, 

414.411, 12, 0, 0.463387, 

414.411, 13, 0, 0.463387, 

414.411, 14, 0, 0.463387, 

414.411, 15, 0, 0.463387, 

414.411, 16, 0, 0.463387, 

414.411, 17, 0, 0.463387, 

414.411, 18, 0, 0.463387, 

414.411, 19, 0, 0.463387, 

414.411, 20, 0, 0.463387, 

414.411, 21, 0, 0.463387, 

414.411, 22, 0, 0.463387, 

414.411, 23, 0, 0.463387, 

414.411, 24, 0, 0.463387, 

414.411, 25, 0, 0.463387, 

414.411, 26, 0, 0.463387, 

414.411, 27, 0, 0.463387, 

414.411, 28, 0, 0.463387, 

414.411, 29, 0, 0.463387, 

414.411, 30, 0, 0.463387, 

414.411, 31, 0, 0.463387, 

414.411, 32, 0, 0.463387, 

414.411, 33, 0, 0.463387, 

414.411, 34, 0, 0.463387, 

414.411, 35, 0, 0.463387, 

414.411, 36, 0, 0.463387, 

414.411, 37, 0, 0.463387, 

414.411, 38, 0, 0.463387, 

414.411, 39, 0, 0.463387, 

414.411, 40, 0, 0.463387, 

414.411, 41, 0, 0.463387, 

414.411, 42, 0, 0.463387, 

414.411, 43, 0, 0.463387, 

414.411, 44, 0, 0.463387, 

414.411, 45, 0, 0.463387, 

414.411, 46, 0, 0.463387, 

414.411, 47, 0, 0.463387, 

414.411, 48, 0, 0.463387, 

414.411, 49, 0, 0.463387, 

414.411, 50, 0, 0.463387, 

414.411, 51, 0, 0.463387, 

414.411, 52, 0, 0.463387, 

414.411, 53, 0, 0.463387, 

414.411, 54, 0, 0.463387, 

414.411, 55, 0, 0.463387, 

414.411, 56, 0, 0.463387, 

414.411, 57, 0, 0.463387, 

414.411, 58, 0, 0.463387, 

414.411, 59, 0, 0.463387, 

414.411, 60, 0, 0.463387, 

414.411, 61, 0, 0.463387, 

414.411, 62, 0, 0.463387, 

414.411, 63, 0, 0.463387, 

414.411, 64, 0, 0.463387, 

414.411, 65, 0, 0.463387, 

414.411, 66, 0, 0.463387, 

414.411, 67, 0, 0.463387, 

414.411, 68, 0, 0.463387, 

414.411, 69, 0, 0.463387, 

414.411, 70, 0, 0.463387, 

414.411, 71, 0, 0.463387, 

414.411, 72, 0, 0.463387, 

414.411, 73, 0, 0.463387, 

414.411, 74, 0, 0.463387, 

414.411, 75, 0, 0.463387, 

414.411, 76, 0, 0.463387, 

414.411, 77, 0, 0.463387, 

414.411, 78, 0, 0.463387, 

414.411, 79, 0, 0.463387, 

414.411, 80, 0, 0.463387, 

414.411, 81, 0, 0.463387, 

414.411, 82, 0, 0.463387, 

414.411, 83, 0, 0.463387, 

414.411, 84, 0, 0.463387, 

414.411, 85, 0, 0.463387, 

414.411, 86, 0, 0.463387, 

414.411, 87, 0, 0.463387, 

414.411, 88, 0, 0.463387, 

414.411, 89, 0, 0.463387, 

414.411, 90, 0, 0.463387, 

414.411, 91, 0, 0.463387, 

414.411, 92, 0, 0.463387, 

414.411, 93, 0, 0.463387, 

414.411, 94, 0, 0.463387, 

414.411, 95, 0, 0.463387, 

414.411, 96, 0, 0.463387, 

414.411, 97, 0, 0.463387, 

414.411, 98, 0, 0.463387, 

414.411, 99, 0, 0.463387, 

414.411, 100, 0, 0.463387, 

414.411, 101, 0, 0.463387, 

414.411, 102, 0, 0.463387, 

414.411, 103, 0, 0.463387, 

414.411, 104, 0, 0.463387, 

414.411, 105, 0, 0.463387, 

414.411, 106, 0, 0.463387, 

414.411, 107, 0, 0.463387, 

414.411, 108, 0, 0.463387, 

414.411, 109, 0, 0.463387, 

414.411, 110, 0, 0.463387, 

414.411, 111, 0, 0.463387, 

414.411, 112, 0, 0.463387, 

414.411, 113, 0, 0.463387, 

414.411, 114, 0, 0.463387, 

414.411, 115, 0, 0.463387, 

414.411, 116, 0, 0.463387, 

414.411, 117, 0, 0.463387, 

414.411, 118, 0, 0.463387, 

414.411, 119, 0, 0.463387, 

416.569, 0, 0, 0.463387, 

416.569, 1, 0, 0.463387, 

416.569, 2, 0, 0.463387, 

416.569, 3, 0, 0.463387, 

416.569, 4, 0, 0.463387, 

416.569, 5, 0, 0.463387, 

416.569, 6, 0, 0.463387, 

416.569, 7, 0, 0.463387, 

416.569, 8, 0, 0.463387, 

416.569, 9, 0, 0.463387, 

416.569, 10, 0, 0.463387, 

416.569, 11, 0, 0.463387, 

416.569, 12, 0, 0.463387, 

416.569, 13, 0, 0.463387, 

416.569, 14, 0, 0.463387, 

416.569, 15, 0, 0.463387, 

416.569, 16, 0, 0.463387, 

416.569, 17, 0, 0.463387, 

416.569, 18, 0, 0.463387, 

416.569, 19, 0, 0.463387, 

416.569, 20, 0, 0.463387, 

416.569, 21, 0, 0.463387, 

416.569, 22, 0, 0.463387, 

416.569, 23, 0, 0.463387, 

416.569, 24, 0, 0.463387, 

416.569, 25, 0, 0.463387, 

416.569, 26, 0, 0.463387, 

416.569, 27, 0, 0.463387, 

416.569, 28, 0, 0.463387, 

416.569, 29, 0, 0.463387, 

416.569, 30, 0, 0.463387, 

416.569, 31, 0, 0.463387, 

416.569, 32, 0, 0.463387, 

416.569, 33, 0, 0.463387, 

416.569, 34, 0, 0.463387, 

416.569, 35, 0, 0.463387, 

416.569, 36, 0, 0.463387, 

416.569, 37, 0, 0.463387, 

416.569, 38, 0, 0.463387, 

416.569, 39, 0, 0.463387, 

416.569, 40, 0, 0.463387, 

416.569, 41, 0, 0.463387, 

416.569, 42, 0, 0.463387, 

416.569, 43, 0, 0.463387, 

416.569, 44, 0, 0.463387, 

416.569, 45, 0, 0.463387, 

416.569, 46, 0, 0.463387, 

416.569, 47, 0, 0.463387, 

416.569, 48, 0, 0.463387, 

416.569, 49, 0, 0.463387, 

416.569, 50, 0, 0.463387, 

416.569, 51, 0, 0.463387, 

416.569, 52, 0, 0.463387, 

416.569, 53, 0, 0.463387, 

416.569, 54, 0, 0.463387, 

416.569, 55, 0, 0.463387, 

416.569, 56, 0, 0.463387, 

416.569, 57, 0, 0.463387, 

416.569, 58, 0, 0.463387, 

416.569, 59, 0, 0.463387, 

416.569, 60, 0, 0.463387, 

416.569, 61, 0, 0.463387, 

416.569, 62, 0, 0.463387, 

416.569, 63, 0, 0.463387, 

416.569, 64, 0, 0.463387, 

416.569, 65, 0, 0.463387, 

416.569, 66, 0, 0.463387, 

416.569, 67, 0, 0.463387, 

416.569, 68, 0, 0.463387, 

416.569, 69, 0, 0.463387, 

416.569, 70, 0, 0.463387, 

416.569, 71, 0, 0.463387, 

416.569, 72, 0, 0.463387, 

416.569, 73, 0, 0.463387, 

416.569, 74, 0, 0.463387, 

416.569, 75, 0, 0.463387, 

416.569, 76, 0, 0.463387, 

416.569, 77, 0, 0.463387, 

416.569, 78, 0, 0.463387, 

416.569, 79, 0, 0.463387, 

416.569, 80, 0, 0.463387, 

416.569, 81, 0, 0.463387, 

416.569, 82, 0, 0.463387, 

416.569, 83, 0, 0.463387, 

416.569, 84, 0, 0.463387, 

416.569, 85, 0, 0.463387, 

416.569, 86, 0, 0.463387, 

416.569, 87, 0, 0.463387, 

416.569, 88, 0, 0.463387, 

416.569, 89, 0, 0.463387, 

416.569, 90, 0, 0.463387, 

416.569, 91, 0, 0.463387, 

416.569, 92, 0, 0.463387, 

416.569, 93, 0, 0.463387, 

416.569, 94, 0, 0.463387, 

416.569, 95, 0, 0.463387, 

416.569, 96, 0, 0.463387, 

416.569, 97, 0, 0.463387, 

416.569, 98, 0, 0.463387, 

416.569, 99, 0, 0.463387, 

416.569, 100, 0, 0.463387, 

416.569, 101, 0, 0.463387, 

416.569, 102, 0, 0.463387, 

416.569, 103, 0, 0.463387, 

416.569, 104, 0, 0.463387, 

416.569, 105, 0, 0.463387, 

416.569, 106, 0, 0.463387, 

416.569, 107, 0, 0.463387, 

416.569, 108, 0, 0.463387, 

416.569, 109, 0, 0.463387, 

416.569, 110, 0, 0.463387, 

416.569, 111, 0, 0.463387, 

416.569, 112, 0, 0.463387, 

416.569, 113, 0, 0.463387, 

416.569, 114, 0, 0.463387, 

416.569, 115, 0, 0.463387, 

416.569, 116, 0, 0.463387, 

416.569, 117, 0, 0.463387, 

416.569, 118, 0, 0.463387, 

416.569, 119, 0, 0.463387, 

418.726, 0, 0, 0.463387, 

418.726, 1, 0, 0.463387, 

418.726, 2, 0, 0.463387, 

418.726, 3, 0, 0.463387, 

418.726, 4, 0, 0.463387, 

418.726, 5, 0, 0.463387, 

418.726, 6, 0, 0.463387, 

418.726, 7, 0, 0.463387, 

418.726, 8, 0, 0.463387, 

418.726, 9, 0, 0.463387, 

418.726, 10, 0, 0.463387, 

418.726, 11, 0, 0.463387, 

418.726, 12, 0, 0.463387, 

418.726, 13, 0, 0.463387, 

418.726, 14, 0, 0.463387, 

418.726, 15, 0, 0.463387, 

418.726, 16, 0, 0.463387, 

418.726, 17, 0, 0.463387, 

418.726, 18, 0, 0.463387, 

418.726, 19, 0, 0.463387, 

418.726, 20, 0, 0.463387, 

418.726, 21, 0, 0.463387, 

418.726, 22, 0, 0.463387, 

418.726, 23, 0, 0.463387, 

418.726, 24, 0, 0.463387, 

418.726, 25, 0, 0.463387, 

418.726, 26, 0, 0.463387, 

418.726, 27, 0, 0.463387, 

418.726, 28, 0, 0.463387, 

418.726, 29, 0, 0.463387, 

418.726, 30, 0, 0.463387, 

418.726, 31, 0, 0.463387, 

418.726, 32, 0, 0.463387, 

418.726, 33, 0, 0.463387, 

418.726, 34, 0, 0.463387, 

418.726, 35, 0, 0.463387, 

418.726, 36, 0, 0.463387, 

418.726, 37, 0, 0.463387, 

418.726, 38, 0, 0.463387, 

418.726, 39, 0, 0.463387, 

418.726, 40, 0, 0.463387, 

418.726, 41, 0, 0.463387, 

418.726, 42, 0, 0.463387, 

418.726, 43, 0, 0.463387, 

418.726, 44, 0, 0.463387, 

418.726, 45, 0, 0.463387, 

418.726, 46, 0, 0.463387, 

418.726, 47, 0, 0.463387, 

418.726, 48, 0, 0.463387, 

418.726, 49, 0, 0.463387, 

418.726, 50, 0, 0.463387, 

418.726, 51, 0, 0.463387, 

418.726, 52, 0, 0.463387, 

418.726, 53, 0, 0.463387, 

418.726, 54, 0, 0.463387, 

418.726, 55, 0, 0.463387, 

418.726, 56, 0, 0.463387, 

418.726, 57, 0, 0.463387, 

418.726, 58, 0, 0.463387, 

418.726, 59, 0, 0.463387, 

418.726, 60, 0, 0.463387, 

418.726, 61, 0, 0.463387, 

418.726, 62, 0, 0.463387, 

418.726, 63, 0, 0.463387, 

418.726, 64, 0, 0.463387, 

418.726, 65, 0, 0.463387, 

418.726, 66, 0, 0.463387, 

418.726, 67, 0, 0.463387, 

418.726, 68, 0, 0.463387, 

418.726, 69, 0, 0.463387, 

418.726, 70, 0, 0.463387, 

418.726, 71, 0, 0.463387, 

418.726, 72, 0, 0.463387, 

418.726, 73, 0, 0.463387, 

418.726, 74, 0, 0.463387, 

418.726, 75, 0, 0.463387, 

418.726, 76, 0, 0.463387, 

418.726, 77, 0, 0.463387, 

418.726, 78, 0, 0.463387, 

418.726, 79, 0, 0.463387, 

418.726, 80, 0, 0.463387, 

418.726, 81, 0, 0.463387, 

418.726, 82, 0, 0.463387, 

418.726, 83, 0, 0.463387, 

418.726, 84, 0, 0.463387, 

418.726, 85, 0, 0.463387, 

418.726, 86, 0, 0.463387, 

418.726, 87, 0, 0.463387, 

418.726, 88, 0, 0.463387, 

418.726, 89, 0, 0.463387, 

418.726, 90, 0, 0.463387, 

418.726, 91, 0, 0.463387, 

418.726, 92, 0, 0.463387, 

418.726, 93, 0, 0.463387, 

418.726, 94, 0, 0.463387, 

418.726, 95, 0, 0.463387, 

418.726, 96, 0, 0.463387, 

418.726, 97, 0, 0.463387, 

418.726, 98, 0, 0.463387, 

418.726, 99, 0, 0.463387, 

418.726, 100, 0, 0.463387, 

418.726, 101, 0, 0.463387, 

418.726, 102, 0, 0.463387, 

418.726, 103, 0, 0.463387, 

418.726, 104, 0, 0.463387, 

418.726, 105, 0, 0.463387, 

418.726, 106, 0, 0.463387, 

418.726, 107, 0, 0.463387, 

418.726, 108, 0, 0.463387, 

418.726, 109, 0, 0.463387, 

418.726, 110, 0, 0.463387, 

418.726, 111, 0, 0.463387, 

418.726, 112, 0, 0.463387, 

418.726, 113, 0, 0.463387, 

418.726, 114, 0, 0.463387, 

418.726, 115, 0, 0.463387, 

418.726, 116, 0, 0.463387, 

418.726, 117, 0, 0.463387, 

418.726, 118, 0, 0.463387, 

418.726, 119, 0, 0.463387, 

420.884, 0, 0, 0.463387, 

420.884, 1, 0, 0.463387, 

420.884, 2, 0, 0.463387, 

420.884, 3, 0, 0.463387, 

420.884, 4, 0, 0.463387, 

420.884, 5, 0, 0.463387, 

420.884, 6, 0, 0.463387, 

420.884, 7, 0, 0.463387, 

420.884, 8, 0, 0.463387, 

420.884, 9, 0, 0.463387, 

420.884, 10, 0, 0.463387, 

420.884, 11, 0, 0.463387, 

420.884, 12, 0, 0.463387, 

420.884, 13, 0, 0.463387, 

420.884, 14, 0, 0.463387, 

420.884, 15, 0, 0.463387, 

420.884, 16, 0, 0.463387, 

420.884, 17, 0, 0.463387, 

420.884, 18, 0, 0.463387, 

420.884, 19, 0, 0.463387, 

420.884, 20, 0, 0.463387, 

420.884, 21, 0, 0.463387, 

420.884, 22, 0, 0.463387, 

420.884, 23, 0, 0.463387, 

420.884, 24, 0, 0.463387, 

420.884, 25, 0, 0.463387, 

420.884, 26, 0, 0.463387, 

420.884, 27, 0, 0.463387, 

420.884, 28, 0, 0.463387, 

420.884, 29, 0, 0.463387, 

420.884, 30, 0, 0.463387, 

420.884, 31, 0, 0.463387, 

420.884, 32, 0, 0.463387, 

420.884, 33, 0, 0.463387, 

420.884, 34, 0, 0.463387, 

420.884, 35, 0, 0.463387, 

420.884, 36, 0, 0.463387, 

420.884, 37, 0, 0.463387, 

420.884, 38, 0, 0.463387, 

420.884, 39, 0, 0.463387, 

420.884, 40, 0, 0.463387, 

420.884, 41, 0, 0.463387, 

420.884, 42, 0, 0.463387, 

420.884, 43, 0, 0.463387, 

420.884, 44, 0, 0.463387, 

420.884, 45, 0, 0.463387, 

420.884, 46, 0, 0.463387, 

420.884, 47, 0, 0.463387, 

420.884, 48, 0, 0.463387, 

420.884, 49, 0, 0.463387, 

420.884, 50, 0, 0.463387, 

420.884, 51, 0, 0.463387, 

420.884, 52, 0, 0.463387, 

420.884, 53, 0, 0.463387, 

420.884, 54, 0, 0.463387, 

420.884, 55, 0, 0.463387, 

420.884, 56, 0, 0.463387, 

420.884, 57, 0, 0.463387, 

420.884, 58, 0, 0.463387, 

420.884, 59, 0, 0.463387, 

420.884, 60, 0, 0.463387, 

420.884, 61, 0, 0.463387, 

420.884, 62, 0, 0.463387, 

420.884, 63, 0, 0.463387, 

420.884, 64, 0, 0.463387, 

420.884, 65, 0, 0.463387, 

420.884, 66, 0, 0.463387, 

420.884, 67, 0, 0.463387, 

420.884, 68, 0, 0.463387, 

420.884, 69, 0, 0.463387, 

420.884, 70, 0, 0.463387, 

420.884, 71, 0, 0.463387, 

420.884, 72, 0, 0.463387, 

420.884, 73, 0, 0.463387, 

420.884, 74, 0, 0.463387, 

420.884, 75, 0, 0.463387, 

420.884, 76, 0, 0.463387, 

420.884, 77, 0, 0.463387, 

420.884, 78, 0, 0.463387, 

420.884, 79, 0, 0.463387, 

420.884, 80, 0, 0.463387, 

420.884, 81, 0, 0.463387, 

420.884, 82, 0, 0.463387, 

420.884, 83, 0, 0.463387, 

420.884, 84, 0, 0.463387, 

420.884, 85, 0, 0.463387, 

420.884, 86, 0, 0.463387, 

420.884, 87, 0, 0.463387, 

420.884, 88, 0, 0.463387, 

420.884, 89, 0, 0.463387, 

420.884, 90, 0, 0.463387, 

420.884, 91, 0, 0.463387, 

420.884, 92, 0, 0.463387, 

420.884, 93, 0, 0.463387, 

420.884, 94, 0, 0.463387, 

420.884, 95, 0, 0.463387, 

420.884, 96, 0, 0.463387, 

420.884, 97, 0, 0.463387, 

420.884, 98, 0, 0.463387, 

420.884, 99, 0, 0.463387, 

420.884, 100, 0, 0.463387, 

420.884, 101, 0, 0.463387, 

420.884, 102, 0, 0.463387, 

420.884, 103, 0, 0.463387, 

420.884, 104, 0, 0.463387, 

420.884, 105, 0, 0.463387, 

420.884, 106, 0, 0.463387, 

420.884, 107, 0, 0.463387, 

420.884, 108, 0, 0.463387, 

420.884, 109, 0, 0.463387, 

420.884, 110, 0, 0.463387, 

420.884, 111, 0, 0.463387, 

420.884, 112, 0, 0.463387, 

420.884, 113, 0, 0.463387, 

420.884, 114, 0, 0.463387, 

420.884, 115, 0, 0.463387, 

420.884, 116, 0, 0.463387, 

420.884, 117, 0, 0.463387, 

420.884, 118, 0, 0.463387, 

420.884, 119, 0, 0.463387, 

423.042, 0, 0, 0.463387, 

423.042, 1, 0, 0.463387, 

423.042, 2, 0, 0.463387, 

423.042, 3, 0, 0.463387, 

423.042, 4, 0, 0.463387, 

423.042, 5, 0, 0.463387, 

423.042, 6, 0, 0.463387, 

423.042, 7, 0, 0.463387, 

423.042, 8, 0, 0.463387, 

423.042, 9, 0, 0.463387, 

423.042, 10, 0, 0.463387, 

423.042, 11, 0, 0.463387, 

423.042, 12, 0, 0.463387, 

423.042, 13, 0, 0.463387, 

423.042, 14, 0, 0.463387, 

423.042, 15, 0, 0.463387, 

423.042, 16, 0, 0.463387, 

423.042, 17, 0, 0.463387, 

423.042, 18, 0, 0.463387, 

423.042, 19, 0, 0.463387, 

423.042, 20, 0, 0.463387, 

423.042, 21, 0, 0.463387, 

423.042, 22, 0, 0.463387, 

423.042, 23, 0, 0.463387, 

423.042, 24, 0, 0.463387, 

423.042, 25, 0, 0.463387, 

423.042, 26, 0, 0.463387, 

423.042, 27, 0, 0.463387, 

423.042, 28, 0, 0.463387, 

423.042, 29, 0, 0.463387, 

423.042, 30, 0, 0.463387, 

423.042, 31, 0, 0.463387, 

423.042, 32, 0, 0.463387, 

423.042, 33, 0, 0.463387, 

423.042, 34, 0, 0.463387, 

423.042, 35, 0, 0.463387, 

423.042, 36, 0, 0.463387, 

423.042, 37, 0, 0.463387, 

423.042, 38, 0, 0.463387, 

423.042, 39, 0, 0.463387, 

423.042, 40, 0, 0.463387, 

423.042, 41, 0, 0.463387, 

423.042, 42, 0, 0.463387, 

423.042, 43, 0, 0.463387, 

423.042, 44, 0, 0.463387, 

423.042, 45, 0, 0.463387, 

423.042, 46, 0, 0.463387, 

423.042, 47, 0, 0.463387, 

423.042, 48, 0, 0.463387, 

423.042, 49, 0, 0.463387, 

423.042, 50, 0, 0.463387, 

423.042, 51, 0, 0.463387, 

423.042, 52, 0, 0.463387, 

423.042, 53, 0, 0.463387, 

423.042, 54, 0, 0.463387, 

423.042, 55, 0, 0.463387, 

423.042, 56, 0, 0.463387, 

423.042, 57, 0, 0.463387, 

423.042, 58, 0, 0.463387, 

423.042, 59, 0, 0.463387, 

423.042, 60, 0, 0.463387, 

423.042, 61, 0, 0.463387, 

423.042, 62, 0, 0.463387, 

423.042, 63, 0, 0.463387, 

423.042, 64, 0, 0.463387, 

423.042, 65, 0, 0.463387, 

423.042, 66, 0, 0.463387, 

423.042, 67, 0, 0.463387, 

423.042, 68, 0, 0.463387, 

423.042, 69, 0, 0.463387, 

423.042, 70, 0, 0.463387, 

423.042, 71, 0, 0.463387, 

423.042, 72, 0, 0.463387, 

423.042, 73, 0, 0.463387, 

423.042, 74, 0, 0.463387, 

423.042, 75, 0, 0.463387, 

423.042, 76, 0, 0.463387, 

423.042, 77, 0, 0.463387, 

423.042, 78, 0, 0.463387, 

423.042, 79, 0, 0.463387, 

423.042, 80, 0, 0.463387, 

423.042, 81, 0, 0.463387, 

423.042, 82, 0, 0.463387, 

423.042, 83, 0, 0.463387, 

423.042, 84, 0, 0.463387, 

423.042, 85, 0, 0.463387, 

423.042, 86, 0, 0.463387, 

423.042, 87, 0, 0.463387, 

423.042, 88, 0, 0.463387, 

423.042, 89, 0, 0.463387, 

423.042, 90, 0, 0.463387, 

423.042, 91, 0, 0.463387, 

423.042, 92, 0, 0.463387, 

423.042, 93, 0, 0.463387, 

423.042, 94, 0, 0.463387, 

423.042, 95, 0, 0.463387, 

423.042, 96, 0, 0.463387, 

423.042, 97, 0, 0.463387, 

423.042, 98, 0, 0.463387, 

423.042, 99, 0, 0.463387, 

423.042, 100, 0, 0.463387, 

423.042, 101, 0, 0.463387, 

423.042, 102, 0, 0.463387, 

423.042, 103, 0, 0.463387, 

423.042, 104, 0, 0.463387, 

423.042, 105, 0, 0.463387, 

423.042, 106, 0, 0.463387, 

423.042, 107, 0, 0.463387, 

423.042, 108, 0, 0.463387, 

423.042, 109, 0, 0.463387, 

423.042, 110, 0, 0.463387, 

423.042, 111, 0, 0.463387, 

423.042, 112, 0, 0.463387, 

423.042, 113, 0, 0.463387, 

423.042, 114, 0, 0.463387, 

423.042, 115, 0, 0.463387, 

423.042, 116, 0, 0.463387, 

423.042, 117, 0, 0.463387, 

423.042, 118, 0, 0.463387, 

423.042, 119, 0, 0.463387, 

425.2, 0, 0, 0.463387, 

425.2, 1, 0, 0.463387, 

425.2, 2, 0, 0.463387, 

425.2, 3, 0, 0.463387, 

425.2, 4, 0, 0.463387, 

425.2, 5, 0, 0.463387, 

425.2, 6, 0, 0.463387, 

425.2, 7, 0, 0.463387, 

425.2, 8, 0, 0.463387, 

425.2, 9, 0, 0.463387, 

425.2, 10, 0, 0.463387, 

425.2, 11, 0, 0.463387, 

425.2, 12, 0, 0.463387, 

425.2, 13, 0, 0.463387, 

425.2, 14, 0, 0.463387, 

425.2, 15, 0, 0.463387, 

425.2, 16, 0, 0.463387, 

425.2, 17, 0, 0.463387, 

425.2, 18, 0, 0.463387, 

425.2, 19, 0, 0.463387, 

425.2, 20, 0, 0.463387, 

425.2, 21, 0, 0.463387, 

425.2, 22, 0, 0.463387, 

425.2, 23, 0, 0.463387, 

425.2, 24, 0, 0.463387, 

425.2, 25, 0, 0.463387, 

425.2, 26, 0, 0.463387, 

425.2, 27, 0, 0.463387, 

425.2, 28, 0, 0.463387, 

425.2, 29, 0, 0.463387, 

425.2, 30, 0, 0.463387, 

425.2, 31, 0, 0.463387, 

425.2, 32, 0, 0.463387, 

425.2, 33, 0, 0.463387, 

425.2, 34, 0, 0.463387, 

425.2, 35, 0, 0.463387, 

425.2, 36, 0, 0.463387, 

425.2, 37, 0, 0.463387, 

425.2, 38, 0, 0.463387, 

425.2, 39, 0, 0.463387, 

425.2, 40, 0, 0.463387, 

425.2, 41, 0, 0.463387, 

425.2, 42, 0, 0.463387, 

425.2, 43, 0, 0.463387, 

425.2, 44, 0, 0.463387, 

425.2, 45, 0, 0.463387, 

425.2, 46, 0, 0.463387, 

425.2, 47, 0, 0.463387, 

425.2, 48, 0, 0.463387, 

425.2, 49, 0, 0.463387, 

425.2, 50, 0, 0.463387, 

425.2, 51, 0, 0.463387, 

425.2, 52, 0, 0.463387, 

425.2, 53, 0, 0.463387, 

425.2, 54, 0, 0.463387, 

425.2, 55, 0, 0.463387, 

425.2, 56, 0, 0.463387, 

425.2, 57, 0, 0.463387, 

425.2, 58, 0, 0.463387, 

425.2, 59, 0, 0.463387, 

425.2, 60, 0, 0.463387, 

425.2, 61, 0, 0.463387, 

425.2, 62, 0, 0.463387, 

425.2, 63, 0, 0.463387, 

425.2, 64, 0, 0.463387, 

425.2, 65, 0, 0.463387, 

425.2, 66, 0, 0.463387, 

425.2, 67, 0, 0.463387, 

425.2, 68, 0, 0.463387, 

425.2, 69, 0, 0.463387, 

425.2, 70, 0, 0.463387, 

425.2, 71, 0, 0.463387, 

425.2, 72, 0, 0.463387, 

425.2, 73, 0, 0.463387, 

425.2, 74, 0, 0.463387, 

425.2, 75, 0, 0.463387, 

425.2, 76, 0, 0.463387, 

425.2, 77, 0, 0.463387, 

425.2, 78, 0, 0.463387, 

425.2, 79, 0, 0.463387, 

425.2, 80, 0, 0.463387, 

425.2, 81, 0, 0.463387, 

425.2, 82, 0, 0.463387, 

425.2, 83, 0, 0.463387, 

425.2, 84, 0, 0.463387, 

425.2, 85, 0, 0.463387, 

425.2, 86, 0, 0.463387, 

425.2, 87, 0, 0.463387, 

425.2, 88, 0, 0.463387, 

425.2, 89, 0, 0.463387, 

425.2, 90, 0, 0.463387, 

425.2, 91, 0, 0.463387, 

425.2, 92, 0, 0.463387, 

425.2, 93, 0, 0.463387, 

425.2, 94, 0, 0.463387, 

425.2, 95, 0, 0.463387, 

425.2, 96, 0, 0.463387, 

425.2, 97, 0, 0.463387, 

425.2, 98, 0, 0.463387, 

425.2, 99, 0, 0.463387, 

425.2, 100, 0, 0.463387, 

425.2, 101, 0, 0.463387, 

425.2, 102, 0, 0.463387, 

425.2, 103, 0, 0.463387, 

425.2, 104, 0, 0.463387, 

425.2, 105, 0, 0.463387, 

425.2, 106, 0, 0.463387, 

425.2, 107, 0, 0.463387, 

425.2, 108, 0, 0.463387, 

425.2, 109, 0, 0.463387, 

425.2, 110, 0, 0.463387, 

425.2, 111, 0, 0.463387, 

425.2, 112, 0, 0.463387, 

425.2, 113, 0, 0.463387, 

425.2, 114, 0, 0.463387, 

425.2, 115, 0, 0.463387, 

425.2, 116, 0, 0.463387, 

425.2, 117, 0, 0.463387, 

425.2, 118, 0, 0.463387, 

425.2, 119, 0, 0.463387, 

427.358, 0, 0, 0.463387, 

427.358, 1, 0, 0.463387, 

427.358, 2, 0, 0.463387, 

427.358, 3, 0, 0.463387, 

427.358, 4, 0, 0.463387, 

427.358, 5, 0, 0.463387, 

427.358, 6, 0, 0.463387, 

427.358, 7, 0, 0.463387, 

427.358, 8, 0, 0.463387, 

427.358, 9, 0, 0.463387, 

427.358, 10, 0, 0.463387, 

427.358, 11, 0, 0.463387, 

427.358, 12, 0, 0.463387, 

427.358, 13, 0, 0.463387, 

427.358, 14, 0, 0.463387, 

427.358, 15, 0, 0.463387, 

427.358, 16, 0, 0.463387, 

427.358, 17, 0, 0.463387, 

427.358, 18, 0, 0.463387, 

427.358, 19, 0, 0.463387, 

427.358, 20, 0, 0.463387, 

427.358, 21, 0, 0.463387, 

427.358, 22, 0, 0.463387, 

427.358, 23, 0, 0.463387, 

427.358, 24, 0, 0.463387, 

427.358, 25, 0, 0.463387, 

427.358, 26, 0, 0.463387, 

427.358, 27, 0, 0.463387, 

427.358, 28, 0, 0.463387, 

427.358, 29, 0, 0.463387, 

427.358, 30, 0, 0.463387, 

427.358, 31, 0, 0.463387, 

427.358, 32, 0, 0.463387, 

427.358, 33, 0, 0.463387, 

427.358, 34, 0, 0.463387, 

427.358, 35, 0, 0.463387, 

427.358, 36, 0, 0.463387, 

427.358, 37, 0, 0.463387, 

427.358, 38, 0, 0.463387, 

427.358, 39, 0, 0.463387, 

427.358, 40, 0, 0.463387, 

427.358, 41, 0, 0.463387, 

427.358, 42, 0, 0.463387, 

427.358, 43, 0, 0.463387, 

427.358, 44, 0, 0.463387, 

427.358, 45, 0, 0.463387, 

427.358, 46, 0, 0.463387, 

427.358, 47, 0, 0.463387, 

427.358, 48, 0, 0.463387, 

427.358, 49, 0, 0.463387, 

427.358, 50, 0, 0.463387, 

427.358, 51, 0, 0.463387, 

427.358, 52, 0, 0.463387, 

427.358, 53, 0, 0.463387, 

427.358, 54, 0, 0.463387, 

427.358, 55, 0, 0.463387, 

427.358, 56, 0, 0.463387, 

427.358, 57, 0, 0.463387, 

427.358, 58, 0, 0.463387, 

427.358, 59, 0, 0.463387, 

427.358, 60, 0, 0.463387, 

427.358, 61, 0, 0.463387, 

427.358, 62, 0, 0.463387, 

427.358, 63, 0, 0.463387, 

427.358, 64, 0, 0.463387, 

427.358, 65, 0, 0.463387, 

427.358, 66, 0, 0.463387, 

427.358, 67, 0, 0.463387, 

427.358, 68, 0, 0.463387, 

427.358, 69, 0, 0.463387, 

427.358, 70, 0, 0.463387, 

427.358, 71, 0, 0.463387, 

427.358, 72, 0, 0.463387, 

427.358, 73, 0, 0.463387, 

427.358, 74, 0, 0.463387, 

427.358, 75, 0, 0.463387, 

427.358, 76, 0, 0.463387, 

427.358, 77, 0, 0.463387, 

427.358, 78, 0, 0.463387, 

427.358, 79, 0, 0.463387, 

427.358, 80, 0, 0.463387, 

427.358, 81, 0, 0.463387, 

427.358, 82, 0, 0.463387, 

427.358, 83, 0, 0.463387, 

427.358, 84, 0, 0.463387, 

427.358, 85, 0, 0.463387, 

427.358, 86, 0, 0.463387, 

427.358, 87, 0, 0.463387, 

427.358, 88, 0, 0.463387, 

427.358, 89, 0, 0.463387, 

427.358, 90, 0, 0.463387, 

427.358, 91, 0, 0.463387, 

427.358, 92, 0, 0.463387, 

427.358, 93, 0, 0.463387, 

427.358, 94, 0, 0.463387, 

427.358, 95, 0, 0.463387, 

427.358, 96, 0, 0.463387, 

427.358, 97, 0, 0.463387, 

427.358, 98, 0, 0.463387, 

427.358, 99, 0, 0.463387, 

427.358, 100, 0, 0.463387, 

427.358, 101, 0, 0.463387, 

427.358, 102, 0, 0.463387, 

427.358, 103, 0, 0.463387, 

427.358, 104, 0, 0.463387, 

427.358, 105, 0, 0.463387, 

427.358, 106, 0, 0.463387, 

427.358, 107, 0, 0.463387, 

427.358, 108, 0, 0.463387, 

427.358, 109, 0, 0.463387, 

427.358, 110, 0, 0.463387, 

427.358, 111, 0, 0.463387, 

427.358, 112, 0, 0.463387, 

427.358, 113, 0, 0.463387, 

427.358, 114, 0, 0.463387, 

427.358, 115, 0, 0.463387, 

427.358, 116, 0, 0.463387, 

427.358, 117, 0, 0.463387, 

427.358, 118, 0, 0.463387, 

427.358, 119, 0, 0.463387, 

429.515, 0, 0, 0.463387, 

429.515, 1, 0, 0.463387, 

429.515, 2, 0, 0.463387, 

429.515, 3, 0, 0.463387, 

429.515, 4, 0, 0.463387, 

429.515, 5, 0, 0.463387, 

429.515, 6, 0, 0.463387, 

429.515, 7, 0, 0.463387, 

429.515, 8, 0, 0.463387, 

429.515, 9, 0, 0.463387, 

429.515, 10, 0, 0.463387, 

429.515, 11, 0, 0.463387, 

429.515, 12, 0, 0.463387, 

429.515, 13, 0, 0.463387, 

429.515, 14, 0, 0.463387, 

429.515, 15, 0, 0.463387, 

429.515, 16, 0, 0.463387, 

429.515, 17, 0, 0.463387, 

429.515, 18, 0, 0.463387, 

429.515, 19, 0, 0.463387, 

429.515, 20, 0, 0.463387, 

429.515, 21, 0, 0.463387, 

429.515, 22, 0, 0.463387, 

429.515, 23, 0, 0.463387, 

429.515, 24, 0, 0.463387, 

429.515, 25, 0, 0.463387, 

429.515, 26, 0, 0.463387, 

429.515, 27, 0, 0.463387, 

429.515, 28, 0, 0.463387, 

429.515, 29, 0, 0.463387, 

429.515, 30, 0, 0.463387, 

429.515, 31, 0, 0.463387, 

429.515, 32, 0, 0.463387, 

429.515, 33, 0, 0.463387, 

429.515, 34, 0, 0.463387, 

429.515, 35, 0, 0.463387, 

429.515, 36, 0, 0.463387, 

429.515, 37, 0, 0.463387, 

429.515, 38, 0, 0.463387, 

429.515, 39, 0, 0.463387, 

429.515, 40, 0, 0.463387, 

429.515, 41, 0, 0.463387, 

429.515, 42, 0, 0.463387, 

429.515, 43, 0, 0.463387, 

429.515, 44, 0, 0.463387, 

429.515, 45, 0, 0.463387, 

429.515, 46, 0, 0.463387, 

429.515, 47, 0, 0.463387, 

429.515, 48, 0, 0.463387, 

429.515, 49, 0, 0.463387, 

429.515, 50, 0, 0.463387, 

429.515, 51, 0, 0.463387, 

429.515, 52, 0, 0.463387, 

429.515, 53, 0, 0.463387, 

429.515, 54, 0, 0.463387, 

429.515, 55, 0, 0.463387, 

429.515, 56, 0, 0.463387, 

429.515, 57, 0, 0.463387, 

429.515, 58, 0, 0.463387, 

429.515, 59, 0, 0.463387, 

429.515, 60, 0, 0.463387, 

429.515, 61, 0, 0.463387, 

429.515, 62, 0, 0.463387, 

429.515, 63, 0, 0.463387, 

429.515, 64, 0, 0.463387, 

429.515, 65, 0, 0.463387, 

429.515, 66, 0, 0.463387, 

429.515, 67, 0, 0.463387, 

429.515, 68, 0, 0.463387, 

429.515, 69, 0, 0.463387, 

429.515, 70, 0, 0.463387, 

429.515, 71, 0, 0.463387, 

429.515, 72, 0, 0.463387, 

429.515, 73, 0, 0.463387, 

429.515, 74, 0, 0.463387, 

429.515, 75, 0, 0.463387, 

429.515, 76, 0, 0.463387, 

429.515, 77, 0, 0.463387, 

429.515, 78, 0, 0.463387, 

429.515, 79, 0, 0.463387, 

429.515, 80, 0, 0.463387, 

429.515, 81, 0, 0.463387, 

429.515, 82, 0, 0.463387, 

429.515, 83, 0, 0.463387, 

429.515, 84, 0, 0.463387, 

429.515, 85, 0, 0.463387, 

429.515, 86, 0, 0.463387, 

429.515, 87, 0, 0.463387, 

429.515, 88, 0, 0.463387, 

429.515, 89, 0, 0.463387, 

429.515, 90, 0, 0.463387, 

429.515, 91, 0, 0.463387, 

429.515, 92, 0, 0.463387, 

429.515, 93, 0, 0.463387, 

429.515, 94, 0, 0.463387, 

429.515, 95, 0, 0.463387, 

429.515, 96, 0, 0.463387, 

429.515, 97, 0, 0.463387, 

429.515, 98, 0, 0.463387, 

429.515, 99, 0, 0.463387, 

429.515, 100, 0, 0.463387, 

429.515, 101, 0, 0.463387, 

429.515, 102, 0, 0.463387, 

429.515, 103, 0, 0.463387, 

429.515, 104, 0, 0.463387, 

429.515, 105, 0, 0.463387, 

429.515, 106, 0, 0.463387, 

429.515, 107, 0, 0.463387, 

429.515, 108, 0, 0.463387, 

429.515, 109, 0, 0.463387, 

429.515, 110, 0, 0.463387, 

429.515, 111, 0, 0.463387, 

429.515, 112, 0, 0.463387, 

429.515, 113, 0, 0.463387, 

429.515, 114, 0, 0.463387, 

429.515, 115, 0, 0.463387, 

429.515, 116, 0, 0.463387, 

429.515, 117, 0, 0.463387, 

429.515, 118, 0, 0.463387, 

429.515, 119, 0, 0.463387, 

431.673, 0, 0, 0.463387, 

431.673, 1, 0, 0.463387, 

431.673, 2, 0, 0.463387, 

431.673, 3, 0, 0.463387, 

431.673, 4, 0, 0.463387, 

431.673, 5, 0, 0.463387, 

431.673, 6, 0, 0.463387, 

431.673, 7, 0, 0.463387, 

431.673, 8, 0, 0.463387, 

431.673, 9, 0, 0.463387, 

431.673, 10, 0, 0.463387, 

431.673, 11, 0, 0.463387, 

431.673, 12, 0, 0.463387, 

431.673, 13, 0, 0.463387, 

431.673, 14, 0, 0.463387, 

431.673, 15, 0, 0.463387, 

431.673, 16, 0, 0.463387, 

431.673, 17, 0, 0.463387, 

431.673, 18, 0, 0.463387, 

431.673, 19, 0, 0.463387, 

431.673, 20, 0, 0.463387, 

431.673, 21, 0, 0.463387, 

431.673, 22, 0, 0.463387, 

431.673, 23, 0, 0.463387, 

431.673, 24, 0, 0.463387, 

431.673, 25, 0, 0.463387, 

431.673, 26, 0, 0.463387, 

431.673, 27, 0, 0.463387, 

431.673, 28, 0, 0.463387, 

431.673, 29, 0, 0.463387, 

431.673, 30, 0, 0.463387, 

431.673, 31, 0, 0.463387, 

431.673, 32, 0, 0.463387, 

431.673, 33, 0, 0.463387, 

431.673, 34, 0, 0.463387, 

431.673, 35, 0, 0.463387, 

431.673, 36, 0, 0.463387, 

431.673, 37, 0, 0.463387, 

431.673, 38, 0, 0.463387, 

431.673, 39, 0, 0.463387, 

431.673, 40, 0, 0.463387, 

431.673, 41, 0, 0.463387, 

431.673, 42, 0, 0.463387, 

431.673, 43, 0, 0.463387, 

431.673, 44, 0, 0.463387, 

431.673, 45, 0, 0.463387, 

431.673, 46, 0, 0.463387, 

431.673, 47, 0, 0.463387, 

431.673, 48, 0, 0.463387, 

431.673, 49, 0, 0.463387, 

431.673, 50, 0, 0.463387, 

431.673, 51, 0, 0.463387, 

431.673, 52, 0, 0.463387, 

431.673, 53, 0, 0.463387, 

431.673, 54, 0, 0.463387, 

431.673, 55, 0, 0.463387, 

431.673, 56, 0, 0.463387, 

431.673, 57, 0, 0.463387, 

431.673, 58, 0, 0.463387, 

431.673, 59, 0, 0.463387, 

431.673, 60, 0, 0.463387, 

431.673, 61, 0, 0.463387, 

431.673, 62, 0, 0.463387, 

431.673, 63, 0, 0.463387, 

431.673, 64, 0, 0.463387, 

431.673, 65, 0, 0.463387, 

431.673, 66, 0, 0.463387, 

431.673, 67, 0, 0.463387, 

431.673, 68, 0, 0.463387, 

431.673, 69, 0, 0.463387, 

431.673, 70, 0, 0.463387, 

431.673, 71, 0, 0.463387, 

431.673, 72, 0, 0.463387, 

431.673, 73, 0, 0.463387, 

431.673, 74, 0, 0.463387, 

431.673, 75, 0, 0.463387, 

431.673, 76, 0, 0.463387, 

431.673, 77, 0, 0.463387, 

431.673, 78, 0, 0.463387, 

431.673, 79, 0, 0.463387, 

431.673, 80, 0, 0.463387, 

431.673, 81, 0, 0.463387, 

431.673, 82, 0, 0.463387, 

431.673, 83, 0, 0.463387, 

431.673, 84, 0, 0.463387, 

431.673, 85, 0, 0.463387, 

431.673, 86, 0, 0.463387, 

431.673, 87, 0, 0.463387, 

431.673, 88, 0, 0.463387, 

431.673, 89, 0, 0.463387, 

431.673, 90, 0, 0.463387, 

431.673, 91, 0, 0.463387, 

431.673, 92, 0, 0.463387, 

431.673, 93, 0, 0.463387, 

431.673, 94, 0, 0.463387, 

431.673, 95, 0, 0.463387, 

431.673, 96, 0, 0.463387, 

431.673, 97, 0, 0.463387, 

431.673, 98, 0, 0.463387, 

431.673, 99, 0, 0.463387, 

431.673, 100, 0, 0.463387, 

431.673, 101, 0, 0.463387, 

431.673, 102, 0, 0.463387, 

431.673, 103, 0, 0.463387, 

431.673, 104, 0, 0.463387, 

431.673, 105, 0, 0.463387, 

431.673, 106, 0, 0.463387, 

431.673, 107, 0, 0.463387, 

431.673, 108, 0, 0.463387, 

431.673, 109, 0, 0.463387, 

431.673, 110, 0, 0.463387, 

431.673, 111, 0, 0.463387, 

431.673, 112, 0, 0.463387, 

431.673, 113, 0, 0.463387, 

431.673, 114, 0, 0.463387, 

431.673, 115, 0, 0.463387, 

431.673, 116, 0, 0.463387, 

431.673, 117, 0, 0.463387, 

431.673, 118, 0, 0.463387, 

431.673, 119, 0, 0.463387, 

433.831, 0, 0, 0.463387, 

433.831, 1, 0, 0.463387, 

433.831, 2, 0, 0.463387, 

433.831, 3, 0, 0.463387, 

433.831, 4, 0, 0.463387, 

433.831, 5, 0, 0.463387, 

433.831, 6, 0, 0.463387, 

433.831, 7, 0, 0.463387, 

433.831, 8, 0, 0.463387, 

433.831, 9, 0, 0.463387, 

433.831, 10, 0, 0.463387, 

433.831, 11, 0, 0.463387, 

433.831, 12, 0, 0.463387, 

433.831, 13, 0, 0.463387, 

433.831, 14, 0, 0.463387, 

433.831, 15, 0, 0.463387, 

433.831, 16, 0, 0.463387, 

433.831, 17, 0, 0.463387, 

433.831, 18, 0, 0.463387, 

433.831, 19, 0, 0.463387, 

433.831, 20, 0, 0.463387, 

433.831, 21, 0, 0.463387, 

433.831, 22, 0, 0.463387, 

433.831, 23, 0, 0.463387, 

433.831, 24, 0, 0.463387, 

433.831, 25, 0, 0.463387, 

433.831, 26, 0, 0.463387, 

433.831, 27, 0, 0.463387, 

433.831, 28, 0, 0.463387, 

433.831, 29, 0, 0.463387, 

433.831, 30, 0, 0.463387, 

433.831, 31, 0, 0.463387, 

433.831, 32, 0, 0.463387, 

433.831, 33, 0, 0.463387, 

433.831, 34, 0, 0.463387, 

433.831, 35, 0, 0.463387, 

433.831, 36, 0, 0.463387, 

433.831, 37, 0, 0.463387, 

433.831, 38, 0, 0.463387, 

433.831, 39, 0, 0.463387, 

433.831, 40, 0, 0.463387, 

433.831, 41, 0, 0.463387, 

433.831, 42, 0, 0.463387, 

433.831, 43, 0, 0.463387, 

433.831, 44, 0, 0.463387, 

433.831, 45, 0, 0.463387, 

433.831, 46, 0, 0.463387, 

433.831, 47, 0, 0.463387, 

433.831, 48, 0, 0.463387, 

433.831, 49, 0, 0.463387, 

433.831, 50, 0, 0.463387, 

433.831, 51, 0, 0.463387, 

433.831, 52, 0, 0.463387, 

433.831, 53, 0, 0.463387, 

433.831, 54, 0, 0.463387, 

433.831, 55, 0, 0.463387, 

433.831, 56, 0, 0.463387, 

433.831, 57, 0, 0.463387, 

433.831, 58, 0, 0.463387, 

433.831, 59, 0, 0.463387, 

433.831, 60, 0, 0.463387, 

433.831, 61, 0, 0.463387, 

433.831, 62, 0, 0.463387, 

433.831, 63, 0, 0.463387, 

433.831, 64, 0, 0.463387, 

433.831, 65, 0, 0.463387, 

433.831, 66, 0, 0.463387, 

433.831, 67, 0, 0.463387, 

433.831, 68, 0, 0.463387, 

433.831, 69, 0, 0.463387, 

433.831, 70, 0, 0.463387, 

433.831, 71, 0, 0.463387, 

433.831, 72, 0, 0.463387, 

433.831, 73, 0, 0.463387, 

433.831, 74, 0, 0.463387, 

433.831, 75, 0, 0.463387, 

433.831, 76, 0, 0.463387, 

433.831, 77, 0, 0.463387, 

433.831, 78, 0, 0.463387, 

433.831, 79, 0, 0.463387, 

433.831, 80, 0, 0.463387, 

433.831, 81, 0, 0.463387, 

433.831, 82, 0, 0.463387, 

433.831, 83, 0, 0.463387, 

433.831, 84, 0, 0.463387, 

433.831, 85, 0, 0.463387, 

433.831, 86, 0, 0.463387, 

433.831, 87, 0, 0.463387, 

433.831, 88, 0, 0.463387, 

433.831, 89, 0, 0.463387, 

433.831, 90, 0, 0.463387, 

433.831, 91, 0, 0.463387, 

433.831, 92, 0, 0.463387, 

433.831, 93, 0, 0.463387, 

433.831, 94, 0, 0.463387, 

433.831, 95, 0, 0.463387, 

433.831, 96, 0, 0.463387, 

433.831, 97, 0, 0.463387, 

433.831, 98, 0, 0.463387, 

433.831, 99, 0, 0.463387, 

433.831, 100, 0, 0.463387, 

433.831, 101, 0, 0.463387, 

433.831, 102, 0, 0.463387, 

433.831, 103, 0, 0.463387, 

433.831, 104, 0, 0.463387, 

433.831, 105, 0, 0.463387, 

433.831, 106, 0, 0.463387, 

433.831, 107, 0, 0.463387, 

433.831, 108, 0, 0.463387, 

433.831, 109, 0, 0.463387, 

433.831, 110, 0, 0.463387, 

433.831, 111, 0, 0.463387, 

433.831, 112, 0, 0.463387, 

433.831, 113, 0, 0.463387, 

433.831, 114, 0, 0.463387, 

433.831, 115, 0, 0.463387, 

433.831, 116, 0, 0.463387, 

433.831, 117, 0, 0.463387, 

433.831, 118, 0, 0.463387, 

433.831, 119, 0, 0.463387, 

435.989, 0, 0, 0.463387, 

435.989, 1, 0, 0.463387, 

435.989, 2, 0, 0.463387, 

435.989, 3, 0, 0.463387, 

435.989, 4, 0, 0.463387, 

435.989, 5, 0, 0.463387, 

435.989, 6, 0, 0.463387, 

435.989, 7, 0, 0.463387, 

435.989, 8, 0, 0.463387, 

435.989, 9, 0, 0.463387, 

435.989, 10, 0, 0.463387, 

435.989, 11, 0, 0.463387, 

435.989, 12, 0, 0.463387, 

435.989, 13, 0, 0.463387, 

435.989, 14, 0, 0.463387, 

435.989, 15, 0, 0.463387, 

435.989, 16, 0, 0.463387, 

435.989, 17, 0, 0.463387, 

435.989, 18, 0, 0.463387, 

435.989, 19, 0, 0.463387, 

435.989, 20, 0, 0.463387, 

435.989, 21, 0, 0.463387, 

435.989, 22, 0, 0.463387, 

435.989, 23, 0, 0.463387, 

435.989, 24, 0, 0.463387, 

435.989, 25, 0, 0.463387, 

435.989, 26, 0, 0.463387, 

435.989, 27, 0, 0.463387, 

435.989, 28, 0, 0.463387, 

435.989, 29, 0, 0.463387, 

435.989, 30, 0, 0.463387, 

435.989, 31, 0, 0.463387, 

435.989, 32, 0, 0.463387, 

435.989, 33, 0, 0.463387, 

435.989, 34, 0, 0.463387, 

435.989, 35, 0, 0.463387, 

435.989, 36, 0, 0.463387, 

435.989, 37, 0, 0.463387, 

435.989, 38, 0, 0.463387, 

435.989, 39, 0, 0.463387, 

435.989, 40, 0, 0.463387, 

435.989, 41, 0, 0.463387, 

435.989, 42, 0, 0.463387, 

435.989, 43, 0, 0.463387, 

435.989, 44, 0, 0.463387, 

435.989, 45, 0, 0.463387, 

435.989, 46, 0, 0.463387, 

435.989, 47, 0, 0.463387, 

435.989, 48, 0, 0.463387, 

435.989, 49, 0, 0.463387, 

435.989, 50, 0, 0.463387, 

435.989, 51, 0, 0.463387, 

435.989, 52, 0, 0.463387, 

435.989, 53, 0, 0.463387, 

435.989, 54, 0, 0.463387, 

435.989, 55, 0, 0.463387, 

435.989, 56, 0, 0.463387, 

435.989, 57, 0, 0.463387, 

435.989, 58, 0, 0.463387, 

435.989, 59, 0, 0.463387, 

435.989, 60, 0, 0.463387, 

435.989, 61, 0, 0.463387, 

435.989, 62, 0, 0.463387, 

435.989, 63, 0, 0.463387, 

435.989, 64, 0, 0.463387, 

435.989, 65, 0, 0.463387, 

435.989, 66, 0, 0.463387, 

435.989, 67, 0, 0.463387, 

435.989, 68, 0, 0.463387, 

435.989, 69, 0, 0.463387, 

435.989, 70, 0, 0.463387, 

435.989, 71, 0, 0.463387, 

435.989, 72, 0, 0.463387, 

435.989, 73, 0, 0.463387, 

435.989, 74, 0, 0.463387, 

435.989, 75, 0, 0.463387, 

435.989, 76, 0, 0.463387, 

435.989, 77, 0, 0.463387, 

435.989, 78, 0, 0.463387, 

435.989, 79, 0, 0.463387, 

435.989, 80, 0, 0.463387, 

435.989, 81, 0, 0.463387, 

435.989, 82, 0, 0.463387, 

435.989, 83, 0, 0.463387, 

435.989, 84, 0, 0.463387, 

435.989, 85, 0, 0.463387, 

435.989, 86, 0, 0.463387, 

435.989, 87, 0, 0.463387, 

435.989, 88, 0, 0.463387, 

435.989, 89, 0, 0.463387, 

435.989, 90, 0, 0.463387, 

435.989, 91, 0, 0.463387, 

435.989, 92, 0, 0.463387, 

435.989, 93, 0, 0.463387, 

435.989, 94, 0, 0.463387, 

435.989, 95, 0, 0.463387, 

435.989, 96, 0, 0.463387, 

435.989, 97, 0, 0.463387, 

435.989, 98, 0, 0.463387, 

435.989, 99, 0, 0.463387, 

435.989, 100, 0, 0.463387, 

435.989, 101, 0, 0.463387, 

435.989, 102, 0, 0.463387, 

435.989, 103, 0, 0.463387, 

435.989, 104, 0, 0.463387, 

435.989, 105, 0, 0.463387, 

435.989, 106, 0, 0.463387, 

435.989, 107, 0, 0.463387, 

435.989, 108, 0, 0.463387, 

435.989, 109, 0, 0.463387, 

435.989, 110, 0, 0.463387, 

435.989, 111, 0, 0.463387, 

435.989, 112, 0, 0.463387, 

435.989, 113, 0, 0.463387, 

435.989, 114, 0, 0.463387, 

435.989, 115, 0, 0.463387, 

435.989, 116, 0, 0.463387, 

435.989, 117, 0, 0.463387, 

435.989, 118, 0, 0.463387, 

435.989, 119, 0, 0.463387, 

438.147, 0, 0, 0.463387, 

438.147, 1, 0, 0.463387, 

438.147, 2, 0, 0.463387, 

438.147, 3, 0, 0.463387, 

438.147, 4, 0, 0.463387, 

438.147, 5, 0, 0.463387, 

438.147, 6, 0, 0.463387, 

438.147, 7, 0, 0.463387, 

438.147, 8, 0, 0.463387, 

438.147, 9, 0, 0.463387, 

438.147, 10, 0, 0.463387, 

438.147, 11, 0, 0.463387, 

438.147, 12, 0, 0.463387, 

438.147, 13, 0, 0.463387, 

438.147, 14, 0, 0.463387, 

438.147, 15, 0, 0.463387, 

438.147, 16, 0, 0.463387, 

438.147, 17, 0, 0.463387, 

438.147, 18, 0, 0.463387, 

438.147, 19, 0, 0.463387, 

438.147, 20, 0, 0.463387, 

438.147, 21, 0, 0.463387, 

438.147, 22, 0, 0.463387, 

438.147, 23, 0, 0.463387, 

438.147, 24, 0, 0.463387, 

438.147, 25, 0, 0.463387, 

438.147, 26, 0, 0.463387, 

438.147, 27, 0, 0.463387, 

438.147, 28, 0, 0.463387, 

438.147, 29, 0, 0.463387, 

438.147, 30, 0, 0.463387, 

438.147, 31, 0, 0.463387, 

438.147, 32, 0, 0.463387, 

438.147, 33, 0, 0.463387, 

438.147, 34, 0, 0.463387, 

438.147, 35, 0, 0.463387, 

438.147, 36, 0, 0.463387, 

438.147, 37, 0, 0.463387, 

438.147, 38, 0, 0.463387, 

438.147, 39, 0, 0.463387, 

438.147, 40, 0, 0.463387, 

438.147, 41, 0, 0.463387, 

438.147, 42, 0, 0.463387, 

438.147, 43, 0, 0.463387, 

438.147, 44, 0, 0.463387, 

438.147, 45, 0, 0.463387, 

438.147, 46, 0, 0.463387, 

438.147, 47, 0, 0.463387, 

438.147, 48, 0, 0.463387, 

438.147, 49, 0, 0.463387, 

438.147, 50, 0, 0.463387, 

438.147, 51, 0, 0.463387, 

438.147, 52, 0, 0.463387, 

438.147, 53, 0, 0.463387, 

438.147, 54, 0, 0.463387, 

438.147, 55, 0, 0.463387, 

438.147, 56, 0, 0.463387, 

438.147, 57, 0, 0.463387, 

438.147, 58, 0, 0.463387, 

438.147, 59, 0, 0.463387, 

438.147, 60, 0, 0.463387, 

438.147, 61, 0, 0.463387, 

438.147, 62, 0, 0.463387, 

438.147, 63, 0, 0.463387, 

438.147, 64, 0, 0.463387, 

438.147, 65, 0, 0.463387, 

438.147, 66, 0, 0.463387, 

438.147, 67, 0, 0.463387, 

438.147, 68, 0, 0.463387, 

438.147, 69, 0, 0.463387, 

438.147, 70, 0, 0.463387, 

438.147, 71, 0, 0.463387, 

438.147, 72, 0, 0.463387, 

438.147, 73, 0, 0.463387, 

438.147, 74, 0, 0.463387, 

438.147, 75, 0, 0.463387, 

438.147, 76, 0, 0.463387, 

438.147, 77, 0, 0.463387, 

438.147, 78, 0, 0.463387, 

438.147, 79, 0, 0.463387, 

438.147, 80, 0, 0.463387, 

438.147, 81, 0, 0.463387, 

438.147, 82, 0, 0.463387, 

438.147, 83, 0, 0.463387, 

438.147, 84, 0, 0.463387, 

438.147, 85, 0, 0.463387, 

438.147, 86, 0, 0.463387, 

438.147, 87, 0, 0.463387, 

438.147, 88, 0, 0.463387, 

438.147, 89, 0, 0.463387, 

438.147, 90, 0, 0.463387, 

438.147, 91, 0, 0.463387, 

438.147, 92, 0, 0.463387, 

438.147, 93, 0, 0.463387, 

438.147, 94, 0, 0.463387, 

438.147, 95, 0, 0.463387, 

438.147, 96, 0, 0.463387, 

438.147, 97, 0, 0.463387, 

438.147, 98, 0, 0.463387, 

438.147, 99, 0, 0.463387, 

438.147, 100, 0, 0.463387, 

438.147, 101, 0, 0.463387, 

438.147, 102, 0, 0.463387, 

438.147, 103, 0, 0.463387, 

438.147, 104, 0, 0.463387, 

438.147, 105, 0, 0.463387, 

438.147, 106, 0, 0.463387, 

438.147, 107, 0, 0.463387, 

438.147, 108, 0, 0.463387, 

438.147, 109, 0, 0.463387, 

438.147, 110, 0, 0.463387, 

438.147, 111, 0, 0.463387, 

438.147, 112, 0, 0.463387, 

438.147, 113, 0, 0.463387, 

438.147, 114, 0, 0.463387, 

438.147, 115, 0, 0.463387, 

438.147, 116, 0, 0.463387, 

438.147, 117, 0, 0.463387, 

438.147, 118, 0, 0.463387, 

438.147, 119, 0, 0.463387, 

440.305, 0, 0, 0.463387, 

440.305, 1, 0, 0.463387, 

440.305, 2, 0, 0.463387, 

440.305, 3, 0, 0.463387, 

440.305, 4, 0, 0.463387, 

440.305, 5, 0, 0.463387, 

440.305, 6, 0, 0.463387, 

440.305, 7, 0, 0.463387, 

440.305, 8, 0, 0.463387, 

440.305, 9, 0, 0.463387, 

440.305, 10, 0, 0.463387, 

440.305, 11, 0, 0.463387, 

440.305, 12, 0, 0.463387, 

440.305, 13, 0, 0.463387, 

440.305, 14, 0, 0.463387, 

440.305, 15, 0, 0.463387, 

440.305, 16, 0, 0.463387, 

440.305, 17, 0, 0.463387, 

440.305, 18, 0, 0.463387, 

440.305, 19, 0, 0.463387, 

440.305, 20, 0, 0.463387, 

440.305, 21, 0, 0.463387, 

440.305, 22, 0, 0.463387, 

440.305, 23, 0, 0.463387, 

440.305, 24, 0, 0.463387, 

440.305, 25, 0, 0.463387, 

440.305, 26, 0, 0.463387, 

440.305, 27, 0, 0.463387, 

440.305, 28, 0, 0.463387, 

440.305, 29, 0, 0.463387, 

440.305, 30, 0, 0.463387, 

440.305, 31, 0, 0.463387, 

440.305, 32, 0, 0.463387, 

440.305, 33, 0, 0.463387, 

440.305, 34, 0, 0.463387, 

440.305, 35, 0, 0.463387, 

440.305, 36, 0, 0.463387, 

440.305, 37, 0, 0.463387, 

440.305, 38, 0, 0.463387, 

440.305, 39, 0, 0.463387, 

440.305, 40, 0, 0.463387, 

440.305, 41, 0, 0.463387, 

440.305, 42, 0, 0.463387, 

440.305, 43, 0, 0.463387, 

440.305, 44, 0, 0.463387, 

440.305, 45, 0, 0.463387, 

440.305, 46, 0, 0.463387, 

440.305, 47, 0, 0.463387, 

440.305, 48, 0, 0.463387, 

440.305, 49, 0, 0.463387, 

440.305, 50, 0, 0.463387, 

440.305, 51, 0, 0.463387, 

440.305, 52, 0, 0.463387, 

440.305, 53, 0, 0.463387, 

440.305, 54, 0, 0.463387, 

440.305, 55, 0, 0.463387, 

440.305, 56, 0, 0.463387, 

440.305, 57, 0, 0.463387, 

440.305, 58, 0, 0.463387, 

440.305, 59, 0, 0.463387, 

440.305, 60, 0, 0.463387, 

440.305, 61, 0, 0.463387, 

440.305, 62, 0, 0.463387, 

440.305, 63, 0, 0.463387, 

440.305, 64, 0, 0.463387, 

440.305, 65, 0, 0.463387, 

440.305, 66, 0, 0.463387, 

440.305, 67, 0, 0.463387, 

440.305, 68, 0, 0.463387, 

440.305, 69, 0, 0.463387, 

440.305, 70, 0, 0.463387, 

440.305, 71, 0, 0.463387, 

440.305, 72, 0, 0.463387, 

440.305, 73, 0, 0.463387, 

440.305, 74, 0, 0.463387, 

440.305, 75, 0, 0.463387, 

440.305, 76, 0, 0.463387, 

440.305, 77, 0, 0.463387, 

440.305, 78, 0, 0.463387, 

440.305, 79, 0, 0.463387, 

440.305, 80, 0, 0.463387, 

440.305, 81, 0, 0.463387, 

440.305, 82, 0, 0.463387, 

440.305, 83, 0, 0.463387, 

440.305, 84, 0, 0.463387, 

440.305, 85, 0, 0.463387, 

440.305, 86, 0, 0.463387, 

440.305, 87, 0, 0.463387, 

440.305, 88, 0, 0.463387, 

440.305, 89, 0, 0.463387, 

440.305, 90, 0, 0.463387, 

440.305, 91, 0, 0.463387, 

440.305, 92, 0, 0.463387, 

440.305, 93, 0, 0.463387, 

440.305, 94, 0, 0.463387, 

440.305, 95, 0, 0.463387, 

440.305, 96, 0, 0.463387, 

440.305, 97, 0, 0.463387, 

440.305, 98, 0, 0.463387, 

440.305, 99, 0, 0.463387, 

440.305, 100, 0, 0.463387, 

440.305, 101, 0, 0.463387, 

440.305, 102, 0, 0.463387, 

440.305, 103, 0, 0.463387, 

440.305, 104, 0, 0.463387, 

440.305, 105, 0, 0.463387, 

440.305, 106, 0, 0.463387, 

440.305, 107, 0, 0.463387, 

440.305, 108, 0, 0.463387, 

440.305, 109, 0, 0.463387, 

440.305, 110, 0, 0.463387, 

440.305, 111, 0, 0.463387, 

440.305, 112, 0, 0.463387, 

440.305, 113, 0, 0.463387, 

440.305, 114, 0, 0.463387, 

440.305, 115, 0, 0.463387, 

440.305, 116, 0, 0.463387, 

440.305, 117, 0, 0.463387, 

440.305, 118, 0, 0.463387, 

440.305, 119, 0, 0.463387, 

442.462, 0, 0, 0.463387, 

442.462, 1, 0, 0.463387, 

442.462, 2, 0, 0.463387, 

442.462, 3, 0, 0.463387, 

442.462, 4, 0, 0.463387, 

442.462, 5, 0, 0.463387, 

442.462, 6, 0, 0.463387, 

442.462, 7, 0, 0.463387, 

442.462, 8, 0, 0.463387, 

442.462, 9, 0, 0.463387, 

442.462, 10, 0, 0.463387, 

442.462, 11, 0, 0.463387, 

442.462, 12, 0, 0.463387, 

442.462, 13, 0, 0.463387, 

442.462, 14, 0, 0.463387, 

442.462, 15, 0, 0.463387, 

442.462, 16, 0, 0.463387, 

442.462, 17, 0, 0.463387, 

442.462, 18, 0, 0.463387, 

442.462, 19, 0, 0.463387, 

442.462, 20, 0, 0.463387, 

442.462, 21, 0, 0.463387, 

442.462, 22, 0, 0.463387, 

442.462, 23, 0, 0.463387, 

442.462, 24, 0, 0.463387, 

442.462, 25, 0, 0.463387, 

442.462, 26, 0, 0.463387, 

442.462, 27, 0, 0.463387, 

442.462, 28, 0, 0.463387, 

442.462, 29, 0, 0.463387, 

442.462, 30, 0, 0.463387, 

442.462, 31, 0, 0.463387, 

442.462, 32, 0, 0.463387, 

442.462, 33, 0, 0.463387, 

442.462, 34, 0, 0.463387, 

442.462, 35, 0, 0.463387, 

442.462, 36, 0, 0.463387, 

442.462, 37, 0, 0.463387, 

442.462, 38, 0, 0.463387, 

442.462, 39, 0, 0.463387, 

442.462, 40, 0, 0.463387, 

442.462, 41, 0, 0.463387, 

442.462, 42, 0, 0.463387, 

442.462, 43, 0, 0.463387, 

442.462, 44, 0, 0.463387, 

442.462, 45, 0, 0.463387, 

442.462, 46, 0, 0.463387, 

442.462, 47, 0, 0.463387, 

442.462, 48, 0, 0.463387, 

442.462, 49, 0, 0.463387, 

442.462, 50, 0, 0.463387, 

442.462, 51, 0, 0.463387, 

442.462, 52, 0, 0.463387, 

442.462, 53, 0, 0.463387, 

442.462, 54, 0, 0.463387, 

442.462, 55, 0, 0.463387, 

442.462, 56, 0, 0.463387, 

442.462, 57, 0, 0.463387, 

442.462, 58, 0, 0.463387, 

442.462, 59, 0, 0.463387, 

442.462, 60, 0, 0.463387, 

442.462, 61, 0, 0.463387, 

442.462, 62, 0, 0.463387, 

442.462, 63, 0, 0.463387, 

442.462, 64, 0, 0.463387, 

442.462, 65, 0, 0.463387, 

442.462, 66, 0, 0.463387, 

442.462, 67, 0, 0.463387, 

442.462, 68, 0, 0.463387, 

442.462, 69, 0, 0.463387, 

442.462, 70, 0, 0.463387, 

442.462, 71, 0, 0.463387, 

442.462, 72, 0, 0.463387, 

442.462, 73, 0, 0.463387, 

442.462, 74, 0, 0.463387, 

442.462, 75, 0, 0.463387, 

442.462, 76, 0, 0.463387, 

442.462, 77, 0, 0.463387, 

442.462, 78, 0, 0.463387, 

442.462, 79, 0, 0.463387, 

442.462, 80, 0, 0.463387, 

442.462, 81, 0, 0.463387, 

442.462, 82, 0, 0.463387, 

442.462, 83, 0, 0.463387, 

442.462, 84, 0, 0.463387, 

442.462, 85, 0, 0.463387, 

442.462, 86, 0, 0.463387, 

442.462, 87, 0, 0.463387, 

442.462, 88, 0, 0.463387, 

442.462, 89, 0, 0.463387, 

442.462, 90, 0, 0.463387, 

442.462, 91, 0, 0.463387, 

442.462, 92, 0, 0.463387, 

442.462, 93, 0, 0.463387, 

442.462, 94, 0, 0.463387, 

442.462, 95, 0, 0.463387, 

442.462, 96, 0, 0.463387, 

442.462, 97, 0, 0.463387, 

442.462, 98, 0, 0.463387, 

442.462, 99, 0, 0.463387, 

442.462, 100, 0, 0.463387, 

442.462, 101, 0, 0.463387, 

442.462, 102, 0, 0.463387, 

442.462, 103, 0, 0.463387, 

442.462, 104, 0, 0.463387, 

442.462, 105, 0, 0.463387, 

442.462, 106, 0, 0.463387, 

442.462, 107, 0, 0.463387, 

442.462, 108, 0, 0.463387, 

442.462, 109, 0, 0.463387, 

442.462, 110, 0, 0.463387, 

442.462, 111, 0, 0.463387, 

442.462, 112, 0, 0.463387, 

442.462, 113, 0, 0.463387, 

442.462, 114, 0, 0.463387, 

442.462, 115, 0, 0.463387, 

442.462, 116, 0, 0.463387, 

442.462, 117, 0, 0.463387, 

442.462, 118, 0, 0.463387, 

442.462, 119, 0, 0.463387, 

444.62, 0, 0, 0.463387, 

444.62, 1, 0, 0.463387, 

444.62, 2, 0, 0.463387, 

444.62, 3, 0, 0.463387, 

444.62, 4, 0, 0.463387, 

444.62, 5, 0, 0.463387, 

444.62, 6, 0, 0.463387, 

444.62, 7, 0, 0.463387, 

444.62, 8, 0, 0.463387, 

444.62, 9, 0, 0.463387, 

444.62, 10, 0, 0.463387, 

444.62, 11, 0, 0.463387, 

444.62, 12, 0, 0.463387, 

444.62, 13, 0, 0.463387, 

444.62, 14, 0, 0.463387, 

444.62, 15, 0, 0.463387, 

444.62, 16, 0, 0.463387, 

444.62, 17, 0, 0.463387, 

444.62, 18, 0, 0.463387, 

444.62, 19, 0, 0.463387, 

444.62, 20, 0, 0.463387, 

444.62, 21, 0, 0.463387, 

444.62, 22, 0, 0.463387, 

444.62, 23, 0, 0.463387, 

444.62, 24, 0, 0.463387, 

444.62, 25, 0, 0.463387, 

444.62, 26, 0, 0.463387, 

444.62, 27, 0, 0.463387, 

444.62, 28, 0, 0.463387, 

444.62, 29, 0, 0.463387, 

444.62, 30, 0, 0.463387, 

444.62, 31, 0, 0.463387, 

444.62, 32, 0, 0.463387, 

444.62, 33, 0, 0.463387, 

444.62, 34, 0, 0.463387, 

444.62, 35, 0, 0.463387, 

444.62, 36, 0, 0.463387, 

444.62, 37, 0, 0.463387, 

444.62, 38, 0, 0.463387, 

444.62, 39, 0, 0.463387, 

444.62, 40, 0, 0.463387, 

444.62, 41, 0, 0.463387, 

444.62, 42, 0, 0.463387, 

444.62, 43, 0, 0.463387, 

444.62, 44, 0, 0.463387, 

444.62, 45, 0, 0.463387, 

444.62, 46, 0, 0.463387, 

444.62, 47, 0, 0.463387, 

444.62, 48, 0, 0.463387, 

444.62, 49, 0, 0.463387, 

444.62, 50, 0, 0.463387, 

444.62, 51, 0, 0.463387, 

444.62, 52, 0, 0.463387, 

444.62, 53, 0, 0.463387, 

444.62, 54, 0, 0.463387, 

444.62, 55, 0, 0.463387, 

444.62, 56, 0, 0.463387, 

444.62, 57, 0, 0.463387, 

444.62, 58, 0, 0.463387, 

444.62, 59, 0, 0.463387, 

444.62, 60, 0, 0.463387, 

444.62, 61, 0, 0.463387, 

444.62, 62, 0, 0.463387, 

444.62, 63, 0, 0.463387, 

444.62, 64, 0, 0.463387, 

444.62, 65, 0, 0.463387, 

444.62, 66, 0, 0.463387, 

444.62, 67, 0, 0.463387, 

444.62, 68, 0, 0.463387, 

444.62, 69, 0, 0.463387, 

444.62, 70, 0, 0.463387, 

444.62, 71, 0, 0.463387, 

444.62, 72, 0, 0.463387, 

444.62, 73, 0, 0.463387, 

444.62, 74, 0, 0.463387, 

444.62, 75, 0, 0.463387, 

444.62, 76, 0, 0.463387, 

444.62, 77, 0, 0.463387, 

444.62, 78, 0, 0.463387, 

444.62, 79, 0, 0.463387, 

444.62, 80, 0, 0.463387, 

444.62, 81, 0, 0.463387, 

444.62, 82, 0, 0.463387, 

444.62, 83, 0, 0.463387, 

444.62, 84, 0, 0.463387, 

444.62, 85, 0, 0.463387, 

444.62, 86, 0, 0.463387, 

444.62, 87, 0, 0.463387, 

444.62, 88, 0, 0.463387, 

444.62, 89, 0, 0.463387, 

444.62, 90, 0, 0.463387, 

444.62, 91, 0, 0.463387, 

444.62, 92, 0, 0.463387, 

444.62, 93, 0, 0.463387, 

444.62, 94, 0, 0.463387, 

444.62, 95, 0, 0.463387, 

444.62, 96, 0, 0.463387, 

444.62, 97, 0, 0.463387, 

444.62, 98, 0, 0.463387, 

444.62, 99, 0, 0.463387, 

444.62, 100, 0, 0.463387, 

444.62, 101, 0, 0.463387, 

444.62, 102, 0, 0.463387, 

444.62, 103, 0, 0.463387, 

444.62, 104, 0, 0.463387, 

444.62, 105, 0, 0.463387, 

444.62, 106, 0, 0.463387, 

444.62, 107, 0, 0.463387, 

444.62, 108, 0, 0.463387, 

444.62, 109, 0, 0.463387, 

444.62, 110, 0, 0.463387, 

444.62, 111, 0, 0.463387, 

444.62, 112, 0, 0.463387, 

444.62, 113, 0, 0.463387, 

444.62, 114, 0, 0.463387, 

444.62, 115, 0, 0.463387, 

444.62, 116, 0, 0.463387, 

444.62, 117, 0, 0.463387, 

444.62, 118, 0, 0.463387, 

444.62, 119, 0, 0.463387, 

446.778, 0, 0, 0.463387, 

446.778, 1, 0, 0.463387, 

446.778, 2, 0, 0.463387, 

446.778, 3, 0, 0.463387, 

446.778, 4, 0, 0.463387, 

446.778, 5, 0, 0.463387, 

446.778, 6, 0, 0.463387, 

446.778, 7, 0, 0.463387, 

446.778, 8, 0, 0.463387, 

446.778, 9, 0, 0.463387, 

446.778, 10, 0, 0.463387, 

446.778, 11, 0, 0.463387, 

446.778, 12, 0, 0.463387, 

446.778, 13, 0, 0.463387, 

446.778, 14, 0, 0.463387, 

446.778, 15, 0, 0.463387, 

446.778, 16, 0, 0.463387, 

446.778, 17, 0, 0.463387, 

446.778, 18, 0, 0.463387, 

446.778, 19, 0, 0.463387, 

446.778, 20, 0, 0.463387, 

446.778, 21, 0, 0.463387, 

446.778, 22, 0, 0.463387, 

446.778, 23, 0, 0.463387, 

446.778, 24, 0, 0.463387, 

446.778, 25, 0, 0.463387, 

446.778, 26, 0, 0.463387, 

446.778, 27, 0, 0.463387, 

446.778, 28, 0, 0.463387, 

446.778, 29, 0, 0.463387, 

446.778, 30, 0, 0.463387, 

446.778, 31, 0, 0.463387, 

446.778, 32, 0, 0.463387, 

446.778, 33, 0, 0.463387, 

446.778, 34, 0, 0.463387, 

446.778, 35, 0, 0.463387, 

446.778, 36, 0, 0.463387, 

446.778, 37, 0, 0.463387, 

446.778, 38, 0, 0.463387, 

446.778, 39, 0, 0.463387, 

446.778, 40, 0, 0.463387, 

446.778, 41, 0, 0.463387, 

446.778, 42, 0, 0.463387, 

446.778, 43, 0, 0.463387, 

446.778, 44, 0, 0.463387, 

446.778, 45, 0, 0.463387, 

446.778, 46, 0, 0.463387, 

446.778, 47, 0, 0.463387, 

446.778, 48, 0, 0.463387, 

446.778, 49, 0, 0.463387, 

446.778, 50, 0, 0.463387, 

446.778, 51, 0, 0.463387, 

446.778, 52, 0, 0.463387, 

446.778, 53, 0, 0.463387, 

446.778, 54, 0, 0.463387, 

446.778, 55, 0, 0.463387, 

446.778, 56, 0, 0.463387, 

446.778, 57, 0, 0.463387, 

446.778, 58, 0, 0.463387, 

446.778, 59, 0, 0.463387, 

446.778, 60, 0, 0.463387, 

446.778, 61, 0, 0.463387, 

446.778, 62, 0, 0.463387, 

446.778, 63, 0, 0.463387, 

446.778, 64, 0, 0.463387, 

446.778, 65, 0, 0.463387, 

446.778, 66, 0, 0.463387, 

446.778, 67, 0, 0.463387, 

446.778, 68, 0, 0.463387, 

446.778, 69, 0, 0.463387, 

446.778, 70, 0, 0.463387, 

446.778, 71, 0, 0.463387, 

446.778, 72, 0, 0.463387, 

446.778, 73, 0, 0.463387, 

446.778, 74, 0, 0.463387, 

446.778, 75, 0, 0.463387, 

446.778, 76, 0, 0.463387, 

446.778, 77, 0, 0.463387, 

446.778, 78, 0, 0.463387, 

446.778, 79, 0, 0.463387, 

446.778, 80, 0, 0.463387, 

446.778, 81, 0, 0.463387, 

446.778, 82, 0, 0.463387, 

446.778, 83, 0, 0.463387, 

446.778, 84, 0, 0.463387, 

446.778, 85, 0, 0.463387, 

446.778, 86, 0, 0.463387, 

446.778, 87, 0, 0.463387, 

446.778, 88, 0, 0.463387, 

446.778, 89, 0, 0.463387, 

446.778, 90, 0, 0.463387, 

446.778, 91, 0, 0.463387, 

446.778, 92, 0, 0.463387, 

446.778, 93, 0, 0.463387, 

446.778, 94, 0, 0.463387, 

446.778, 95, 0, 0.463387, 

446.778, 96, 0, 0.463387, 

446.778, 97, 0, 0.463387, 

446.778, 98, 0, 0.463387, 

446.778, 99, 0, 0.463387, 

446.778, 100, 0, 0.463387, 

446.778, 101, 0, 0.463387, 

446.778, 102, 0, 0.463387, 

446.778, 103, 0, 0.463387, 

446.778, 104, 0, 0.463387, 

446.778, 105, 0, 0.463387, 

446.778, 106, 0, 0.463387, 

446.778, 107, 0, 0.463387, 

446.778, 108, 0, 0.463387, 

446.778, 109, 0, 0.463387, 

446.778, 110, 0, 0.463387, 

446.778, 111, 0, 0.463387, 

446.778, 112, 0, 0.463387, 

446.778, 113, 0, 0.463387, 

446.778, 114, 0, 0.463387, 

446.778, 115, 0, 0.463387, 

446.778, 116, 0, 0.463387, 

446.778, 117, 0, 0.463387, 

446.778, 118, 0, 0.463387, 

446.778, 119, 0, 0.463387, 

448.936, 0, 0, 0.463387, 

448.936, 1, 0, 0.463387, 

448.936, 2, 0, 0.463387, 

448.936, 3, 0, 0.463387, 

448.936, 4, 0, 0.463387, 

448.936, 5, 0, 0.463387, 

448.936, 6, 0, 0.463387, 

448.936, 7, 0, 0.463387, 

448.936, 8, 0, 0.463387, 

448.936, 9, 0, 0.463387, 

448.936, 10, 0, 0.463387, 

448.936, 11, 0, 0.463387, 

448.936, 12, 0, 0.463387, 

448.936, 13, 0, 0.463387, 

448.936, 14, 0, 0.463387, 

448.936, 15, 0, 0.463387, 

448.936, 16, 0, 0.463387, 

448.936, 17, 0, 0.463387, 

448.936, 18, 0, 0.463387, 

448.936, 19, 0, 0.463387, 

448.936, 20, 0, 0.463387, 

448.936, 21, 0, 0.463387, 

448.936, 22, 0, 0.463387, 

448.936, 23, 0, 0.463387, 

448.936, 24, 0, 0.463387, 

448.936, 25, 0, 0.463387, 

448.936, 26, 0, 0.463387, 

448.936, 27, 0, 0.463387, 

448.936, 28, 0, 0.463387, 

448.936, 29, 0, 0.463387, 

448.936, 30, 0, 0.463387, 

448.936, 31, 0, 0.463387, 

448.936, 32, 0, 0.463387, 

448.936, 33, 0, 0.463387, 

448.936, 34, 0, 0.463387, 

448.936, 35, 0, 0.463387, 

448.936, 36, 0, 0.463387, 

448.936, 37, 0, 0.463387, 

448.936, 38, 0, 0.463387, 

448.936, 39, 0, 0.463387, 

448.936, 40, 0, 0.463387, 

448.936, 41, 0, 0.463387, 

448.936, 42, 0, 0.463387, 

448.936, 43, 0, 0.463387, 

448.936, 44, 0, 0.463387, 

448.936, 45, 0, 0.463387, 

448.936, 46, 0, 0.463387, 

448.936, 47, 0, 0.463387, 

448.936, 48, 0, 0.463387, 

448.936, 49, 0, 0.463387, 

448.936, 50, 0, 0.463387, 

448.936, 51, 0, 0.463387, 

448.936, 52, 0, 0.463387, 

448.936, 53, 0, 0.463387, 

448.936, 54, 0, 0.463387, 

448.936, 55, 0, 0.463387, 

448.936, 56, 0, 0.463387, 

448.936, 57, 0, 0.463387, 

448.936, 58, 0, 0.463387, 

448.936, 59, 0, 0.463387, 

448.936, 60, 0, 0.463387, 

448.936, 61, 0, 0.463387, 

448.936, 62, 0, 0.463387, 

448.936, 63, 0, 0.463387, 

448.936, 64, 0, 0.463387, 

448.936, 65, 0, 0.463387, 

448.936, 66, 0, 0.463387, 

448.936, 67, 0, 0.463387, 

448.936, 68, 0, 0.463387, 

448.936, 69, 0, 0.463387, 

448.936, 70, 0, 0.463387, 

448.936, 71, 0, 0.463387, 

448.936, 72, 0, 0.463387, 

448.936, 73, 0, 0.463387, 

448.936, 74, 0, 0.463387, 

448.936, 75, 0, 0.463387, 

448.936, 76, 0, 0.463387, 

448.936, 77, 0, 0.463387, 

448.936, 78, 0, 0.463387, 

448.936, 79, 0, 0.463387, 

448.936, 80, 0, 0.463387, 

448.936, 81, 0, 0.463387, 

448.936, 82, 0, 0.463387, 

448.936, 83, 0, 0.463387, 

448.936, 84, 0, 0.463387, 

448.936, 85, 0, 0.463387, 

448.936, 86, 0, 0.463387, 

448.936, 87, 0, 0.463387, 

448.936, 88, 0, 0.463387, 

448.936, 89, 0, 0.463387, 

448.936, 90, 0, 0.463387, 

448.936, 91, 0, 0.463387, 

448.936, 92, 0, 0.463387, 

448.936, 93, 0, 0.463387, 

448.936, 94, 0, 0.463387, 

448.936, 95, 0, 0.463387, 

448.936, 96, 0, 0.463387, 

448.936, 97, 0, 0.463387, 

448.936, 98, 0, 0.463387, 

448.936, 99, 0, 0.463387, 

448.936, 100, 0, 0.463387, 

448.936, 101, 0, 0.463387, 

448.936, 102, 0, 0.463387, 

448.936, 103, 0, 0.463387, 

448.936, 104, 0, 0.463387, 

448.936, 105, 0, 0.463387, 

448.936, 106, 0, 0.463387, 

448.936, 107, 0, 0.463387, 

448.936, 108, 0, 0.463387, 

448.936, 109, 0, 0.463387, 

448.936, 110, 0, 0.463387, 

448.936, 111, 0, 0.463387, 

448.936, 112, 0, 0.463387, 

448.936, 113, 0, 0.463387, 

448.936, 114, 0, 0.463387, 

448.936, 115, 0, 0.463387, 

448.936, 116, 0, 0.463387, 

448.936, 117, 0, 0.463387, 

448.936, 118, 0, 0.463387, 

448.936, 119, 0, 0.463387, 

451.094, 0, 0, 0.463387, 

451.094, 1, 0, 0.463387, 

451.094, 2, 0, 0.463387, 

451.094, 3, 0, 0.463387, 

451.094, 4, 0, 0.463387, 

451.094, 5, 0, 0.463387, 

451.094, 6, 0, 0.463387, 

451.094, 7, 0, 0.463387, 

451.094, 8, 0, 0.463387, 

451.094, 9, 0, 0.463387, 

451.094, 10, 0, 0.463387, 

451.094, 11, 0, 0.463387, 

451.094, 12, 0, 0.463387, 

451.094, 13, 0, 0.463387, 

451.094, 14, 0, 0.463387, 

451.094, 15, 0, 0.463387, 

451.094, 16, 0, 0.463387, 

451.094, 17, 0, 0.463387, 

451.094, 18, 0, 0.463387, 

451.094, 19, 0, 0.463387, 

451.094, 20, 0, 0.463387, 

451.094, 21, 0, 0.463387, 

451.094, 22, 0, 0.463387, 

451.094, 23, 0, 0.463387, 

451.094, 24, 0, 0.463387, 

451.094, 25, 0, 0.463387, 

451.094, 26, 0, 0.463387, 

451.094, 27, 0, 0.463387, 

451.094, 28, 0, 0.463387, 

451.094, 29, 0, 0.463387, 

451.094, 30, 0, 0.463387, 

451.094, 31, 0, 0.463387, 

451.094, 32, 0, 0.463387, 

451.094, 33, 0, 0.463387, 

451.094, 34, 0, 0.463387, 

451.094, 35, 0, 0.463387, 

451.094, 36, 0, 0.463387, 

451.094, 37, 0, 0.463387, 

451.094, 38, 0, 0.463387, 

451.094, 39, 0, 0.463387, 

451.094, 40, 0, 0.463387, 

451.094, 41, 0, 0.463387, 

451.094, 42, 0, 0.463387, 

451.094, 43, 0, 0.463387, 

451.094, 44, 0, 0.463387, 

451.094, 45, 0, 0.463387, 

451.094, 46, 0, 0.463387, 

451.094, 47, 0, 0.463387, 

451.094, 48, 0, 0.463387, 

451.094, 49, 0, 0.463387, 

451.094, 50, 0, 0.463387, 

451.094, 51, 0, 0.463387, 

451.094, 52, 0, 0.463387, 

451.094, 53, 0, 0.463387, 

451.094, 54, 0, 0.463387, 

451.094, 55, 0, 0.463387, 

451.094, 56, 0, 0.463387, 

451.094, 57, 0, 0.463387, 

451.094, 58, 0, 0.463387, 

451.094, 59, 0, 0.463387, 

451.094, 60, 0, 0.463387, 

451.094, 61, 0, 0.463387, 

451.094, 62, 0, 0.463387, 

451.094, 63, 0, 0.463387, 

451.094, 64, 0, 0.463387, 

451.094, 65, 0, 0.463387, 

451.094, 66, 0, 0.463387, 

451.094, 67, 0, 0.463387, 

451.094, 68, 0, 0.463387, 

451.094, 69, 0, 0.463387, 

451.094, 70, 0, 0.463387, 

451.094, 71, 0, 0.463387, 

451.094, 72, 0, 0.463387, 

451.094, 73, 0, 0.463387, 

451.094, 74, 0, 0.463387, 

451.094, 75, 0, 0.463387, 

451.094, 76, 0, 0.463387, 

451.094, 77, 0, 0.463387, 

451.094, 78, 0, 0.463387, 

451.094, 79, 0, 0.463387, 

451.094, 80, 0, 0.463387, 

451.094, 81, 0, 0.463387, 

451.094, 82, 0, 0.463387, 

451.094, 83, 0, 0.463387, 

451.094, 84, 0, 0.463387, 

451.094, 85, 0, 0.463387, 

451.094, 86, 0, 0.463387, 

451.094, 87, 0, 0.463387, 

451.094, 88, 0, 0.463387, 

451.094, 89, 0, 0.463387, 

451.094, 90, 0, 0.463387, 

451.094, 91, 0, 0.463387, 

451.094, 92, 0, 0.463387, 

451.094, 93, 0, 0.463387, 

451.094, 94, 0, 0.463387, 

451.094, 95, 0, 0.463387, 

451.094, 96, 0, 0.463387, 

451.094, 97, 0, 0.463387, 

451.094, 98, 0, 0.463387, 

451.094, 99, 0, 0.463387, 

451.094, 100, 0, 0.463387, 

451.094, 101, 0, 0.463387, 

451.094, 102, 0, 0.463387, 

451.094, 103, 0, 0.463387, 

451.094, 104, 0, 0.463387, 

451.094, 105, 0, 0.463387, 

451.094, 106, 0, 0.463387, 

451.094, 107, 0, 0.463387, 

451.094, 108, 0, 0.463387, 

451.094, 109, 0, 0.463387, 

451.094, 110, 0, 0.463387, 

451.094, 111, 0, 0.463387, 

451.094, 112, 0, 0.463387, 

451.094, 113, 0, 0.463387, 

451.094, 114, 0, 0.463387, 

451.094, 115, 0, 0.463387, 

451.094, 116, 0, 0.463387, 

451.094, 117, 0, 0.463387, 

451.094, 118, 0, 0.463387, 

451.094, 119, 0, 0.463387, 

453.251, 0, 0, 0.463387, 

453.251, 1, 0, 0.463387, 

453.251, 2, 0, 0.463387, 

453.251, 3, 0, 0.463387, 

453.251, 4, 0, 0.463387, 

453.251, 5, 0, 0.463387, 

453.251, 6, 0, 0.463387, 

453.251, 7, 0, 0.463387, 

453.251, 8, 0, 0.463387, 

453.251, 9, 0, 0.463387, 

453.251, 10, 0, 0.463387, 

453.251, 11, 0, 0.463387, 

453.251, 12, 0, 0.463387, 

453.251, 13, 0, 0.463387, 

453.251, 14, 0, 0.463387, 

453.251, 15, 0, 0.463387, 

453.251, 16, 0, 0.463387, 

453.251, 17, 0, 0.463387, 

453.251, 18, 0, 0.463387, 

453.251, 19, 0, 0.463387, 

453.251, 20, 0, 0.463387, 

453.251, 21, 0, 0.463387, 

453.251, 22, 0, 0.463387, 

453.251, 23, 0, 0.463387, 

453.251, 24, 0, 0.463387, 

453.251, 25, 0, 0.463387, 

453.251, 26, 0, 0.463387, 

453.251, 27, 0, 0.463387, 

453.251, 28, 0, 0.463387, 

453.251, 29, 0, 0.463387, 

453.251, 30, 0, 0.463387, 

453.251, 31, 0, 0.463387, 

453.251, 32, 0, 0.463387, 

453.251, 33, 0, 0.463387, 

453.251, 34, 0, 0.463387, 

453.251, 35, 0, 0.463387, 

453.251, 36, 0, 0.463387, 

453.251, 37, 0, 0.463387, 

453.251, 38, 0, 0.463387, 

453.251, 39, 0, 0.463387, 

453.251, 40, 0, 0.463387, 

453.251, 41, 0, 0.463387, 

453.251, 42, 0, 0.463387, 

453.251, 43, 0, 0.463387, 

453.251, 44, 0, 0.463387, 

453.251, 45, 0, 0.463387, 

453.251, 46, 0, 0.463387, 

453.251, 47, 0, 0.463387, 

453.251, 48, 0, 0.463387, 

453.251, 49, 0, 0.463387, 

453.251, 50, 0, 0.463387, 

453.251, 51, 0, 0.463387, 

453.251, 52, 0, 0.463387, 

453.251, 53, 0, 0.463387, 

453.251, 54, 0, 0.463387, 

453.251, 55, 0, 0.463387, 

453.251, 56, 0, 0.463387, 

453.251, 57, 0, 0.463387, 

453.251, 58, 0, 0.463387, 

453.251, 59, 0, 0.463387, 

453.251, 60, 0, 0.463387, 

453.251, 61, 0, 0.463387, 

453.251, 62, 0, 0.463387, 

453.251, 63, 0, 0.463387, 

453.251, 64, 0, 0.463387, 

453.251, 65, 0, 0.463387, 

453.251, 66, 0, 0.463387, 

453.251, 67, 0, 0.463387, 

453.251, 68, 0, 0.463387, 

453.251, 69, 0, 0.463387, 

453.251, 70, 0, 0.463387, 

453.251, 71, 0, 0.463387, 

453.251, 72, 0, 0.463387, 

453.251, 73, 0, 0.463387, 

453.251, 74, 0, 0.463387, 

453.251, 75, 0, 0.463387, 

453.251, 76, 0, 0.463387, 

453.251, 77, 0, 0.463387, 

453.251, 78, 0, 0.463387, 

453.251, 79, 0, 0.463387, 

453.251, 80, 0, 0.463387, 

453.251, 81, 0, 0.463387, 

453.251, 82, 0, 0.463387, 

453.251, 83, 0, 0.463387, 

453.251, 84, 0, 0.463387, 

453.251, 85, 0, 0.463387, 

453.251, 86, 0, 0.463387, 

453.251, 87, 0, 0.463387, 

453.251, 88, 0, 0.463387, 

453.251, 89, 0, 0.463387, 

453.251, 90, 0, 0.463387, 

453.251, 91, 0, 0.463387, 

453.251, 92, 0, 0.463387, 

453.251, 93, 0, 0.463387, 

453.251, 94, 0, 0.463387, 

453.251, 95, 0, 0.463387, 

453.251, 96, 0, 0.463387, 

453.251, 97, 0, 0.463387, 

453.251, 98, 0, 0.463387, 

453.251, 99, 0, 0.463387, 

453.251, 100, 0, 0.463387, 

453.251, 101, 0, 0.463387, 

453.251, 102, 0, 0.463387, 

453.251, 103, 0, 0.463387, 

453.251, 104, 0, 0.463387, 

453.251, 105, 0, 0.463387, 

453.251, 106, 0, 0.463387, 

453.251, 107, 0, 0.463387, 

453.251, 108, 0, 0.463387, 

453.251, 109, 0, 0.463387, 

453.251, 110, 0, 0.463387, 

453.251, 111, 0, 0.463387, 

453.251, 112, 0, 0.463387, 

453.251, 113, 0, 0.463387, 

453.251, 114, 0, 0.463387, 

453.251, 115, 0, 0.463387, 

453.251, 116, 0, 0.463387, 

453.251, 117, 0, 0.463387, 

453.251, 118, 0, 0.463387, 

453.251, 119, 0, 0.463387, 

455.409, 0, 0, 0.463387, 

455.409, 1, 0, 0.463387, 

455.409, 2, 0, 0.463387, 

455.409, 3, 0, 0.463387, 

455.409, 4, 0, 0.463387, 

455.409, 5, 0, 0.463387, 

455.409, 6, 0, 0.463387, 

455.409, 7, 0, 0.463387, 

455.409, 8, 0, 0.463387, 

455.409, 9, 0, 0.463387, 

455.409, 10, 0, 0.463387, 

455.409, 11, 0, 0.463387, 

455.409, 12, 0, 0.463387, 

455.409, 13, 0, 0.463387, 

455.409, 14, 0, 0.463387, 

455.409, 15, 0, 0.463387, 

455.409, 16, 0, 0.463387, 

455.409, 17, 0, 0.463387, 

455.409, 18, 0, 0.463387, 

455.409, 19, 0, 0.463387, 

455.409, 20, 0, 0.463387, 

455.409, 21, 0, 0.463387, 

455.409, 22, 0, 0.463387, 

455.409, 23, 0, 0.463387, 

455.409, 24, 0, 0.463387, 

455.409, 25, 0, 0.463387, 

455.409, 26, 0, 0.463387, 

455.409, 27, 0, 0.463387, 

455.409, 28, 0, 0.463387, 

455.409, 29, 0, 0.463387, 

455.409, 30, 0, 0.463387, 

455.409, 31, 0, 0.463387, 

455.409, 32, 0, 0.463387, 

455.409, 33, 0, 0.463387, 

455.409, 34, 0, 0.463387, 

455.409, 35, 0, 0.463387, 

455.409, 36, 0, 0.463387, 

455.409, 37, 0, 0.463387, 

455.409, 38, 0, 0.463387, 

455.409, 39, 0, 0.463387, 

455.409, 40, 0, 0.463387, 

455.409, 41, 0, 0.463387, 

455.409, 42, 0, 0.463387, 

455.409, 43, 0, 0.463387, 

455.409, 44, 0, 0.463387, 

455.409, 45, 0, 0.463387, 

455.409, 46, 0, 0.463387, 

455.409, 47, 0, 0.463387, 

455.409, 48, 0, 0.463387, 

455.409, 49, 0, 0.463387, 

455.409, 50, 0, 0.463387, 

455.409, 51, 0, 0.463387, 

455.409, 52, 0, 0.463387, 

455.409, 53, 0, 0.463387, 

455.409, 54, 0, 0.463387, 

455.409, 55, 0, 0.463387, 

455.409, 56, 0, 0.463387, 

455.409, 57, 0, 0.463387, 

455.409, 58, 0, 0.463387, 

455.409, 59, 0, 0.463387, 

455.409, 60, 0, 0.463387, 

455.409, 61, 0, 0.463387, 

455.409, 62, 0, 0.463387, 

455.409, 63, 0, 0.463387, 

455.409, 64, 0, 0.463387, 

455.409, 65, 0, 0.463387, 

455.409, 66, 0, 0.463387, 

455.409, 67, 0, 0.463387, 

455.409, 68, 0, 0.463387, 

455.409, 69, 0, 0.463387, 

455.409, 70, 0, 0.463387, 

455.409, 71, 0, 0.463387, 

455.409, 72, 0, 0.463387, 

455.409, 73, 0, 0.463387, 

455.409, 74, 0, 0.463387, 

455.409, 75, 0, 0.463387, 

455.409, 76, 0, 0.463387, 

455.409, 77, 0, 0.463387, 

455.409, 78, 0, 0.463387, 

455.409, 79, 0, 0.463387, 

455.409, 80, 0, 0.463387, 

455.409, 81, 0, 0.463387, 

455.409, 82, 0, 0.463387, 

455.409, 83, 0, 0.463387, 

455.409, 84, 0, 0.463387, 

455.409, 85, 0, 0.463387, 

455.409, 86, 0, 0.463387, 

455.409, 87, 0, 0.463387, 

455.409, 88, 0, 0.463387, 

455.409, 89, 0, 0.463387, 

455.409, 90, 0, 0.463387, 

455.409, 91, 0, 0.463387, 

455.409, 92, 0, 0.463387, 

455.409, 93, 0, 0.463387, 

455.409, 94, 0, 0.463387, 

455.409, 95, 0, 0.463387, 

455.409, 96, 0, 0.463387, 

455.409, 97, 0, 0.463387, 

455.409, 98, 0, 0.463387, 

455.409, 99, 0, 0.463387, 

455.409, 100, 0, 0.463387, 

455.409, 101, 0, 0.463387, 

455.409, 102, 0, 0.463387, 

455.409, 103, 0, 0.463387, 

455.409, 104, 0, 0.463387, 

455.409, 105, 0, 0.463387, 

455.409, 106, 0, 0.463387, 

455.409, 107, 0, 0.463387, 

455.409, 108, 0, 0.463387, 

455.409, 109, 0, 0.463387, 

455.409, 110, 0, 0.463387, 

455.409, 111, 0, 0.463387, 

455.409, 112, 0, 0.463387, 

455.409, 113, 0, 0.463387, 

455.409, 114, 0, 0.463387, 

455.409, 115, 0, 0.463387, 

455.409, 116, 0, 0.463387, 

455.409, 117, 0, 0.463387, 

455.409, 118, 0, 0.463387, 

455.409, 119, 0, 0.463387, 

457.567, 0, 0, 0.463387, 

457.567, 1, 0, 0.463387, 

457.567, 2, 0, 0.463387, 

457.567, 3, 0, 0.463387, 

457.567, 4, 0, 0.463387, 

457.567, 5, 0, 0.463387, 

457.567, 6, 0, 0.463387, 

457.567, 7, 0, 0.463387, 

457.567, 8, 0, 0.463387, 

457.567, 9, 0, 0.463387, 

457.567, 10, 0, 0.463387, 

457.567, 11, 0, 0.463387, 

457.567, 12, 0, 0.463387, 

457.567, 13, 0, 0.463387, 

457.567, 14, 0, 0.463387, 

457.567, 15, 0, 0.463387, 

457.567, 16, 0, 0.463387, 

457.567, 17, 0, 0.463387, 

457.567, 18, 0, 0.463387, 

457.567, 19, 0, 0.463387, 

457.567, 20, 0, 0.463387, 

457.567, 21, 0, 0.463387, 

457.567, 22, 0, 0.463387, 

457.567, 23, 0, 0.463387, 

457.567, 24, 0, 0.463387, 

457.567, 25, 0, 0.463387, 

457.567, 26, 0, 0.463387, 

457.567, 27, 0, 0.463387, 

457.567, 28, 0, 0.463387, 

457.567, 29, 0, 0.463387, 

457.567, 30, 0, 0.463387, 

457.567, 31, 0, 0.463387, 

457.567, 32, 0, 0.463387, 

457.567, 33, 0, 0.463387, 

457.567, 34, 0, 0.463387, 

457.567, 35, 0, 0.463387, 

457.567, 36, 0, 0.463387, 

457.567, 37, 0, 0.463387, 

457.567, 38, 0, 0.463387, 

457.567, 39, 0, 0.463387, 

457.567, 40, 0, 0.463387, 

457.567, 41, 0, 0.463387, 

457.567, 42, 0, 0.463387, 

457.567, 43, 0, 0.463387, 

457.567, 44, 0, 0.463387, 

457.567, 45, 0, 0.463387, 

457.567, 46, 0, 0.463387, 

457.567, 47, 0, 0.463387, 

457.567, 48, 0, 0.463387, 

457.567, 49, 0, 0.463387, 

457.567, 50, 0, 0.463387, 

457.567, 51, 0, 0.463387, 

457.567, 52, 0, 0.463387, 

457.567, 53, 0, 0.463387, 

457.567, 54, 0, 0.463387, 

457.567, 55, 0, 0.463387, 

457.567, 56, 0, 0.463387, 

457.567, 57, 0, 0.463387, 

457.567, 58, 0, 0.463387, 

457.567, 59, 0, 0.463387, 

457.567, 60, 0, 0.463387, 

457.567, 61, 0, 0.463387, 

457.567, 62, 0, 0.463387, 

457.567, 63, 0, 0.463387, 

457.567, 64, 0, 0.463387, 

457.567, 65, 0, 0.463387, 

457.567, 66, 0, 0.463387, 

457.567, 67, 0, 0.463387, 

457.567, 68, 0, 0.463387, 

457.567, 69, 0, 0.463387, 

457.567, 70, 0, 0.463387, 

457.567, 71, 0, 0.463387, 

457.567, 72, 0, 0.463387, 

457.567, 73, 0, 0.463387, 

457.567, 74, 0, 0.463387, 

457.567, 75, 0, 0.463387, 

457.567, 76, 0, 0.463387, 

457.567, 77, 0, 0.463387, 

457.567, 78, 0, 0.463387, 

457.567, 79, 0, 0.463387, 

457.567, 80, 0, 0.463387, 

457.567, 81, 0, 0.463387, 

457.567, 82, 0, 0.463387, 

457.567, 83, 0, 0.463387, 

457.567, 84, 0, 0.463387, 

457.567, 85, 0, 0.463387, 

457.567, 86, 0, 0.463387, 

457.567, 87, 0, 0.463387, 

457.567, 88, 0, 0.463387, 

457.567, 89, 0, 0.463387, 

457.567, 90, 0, 0.463387, 

457.567, 91, 0, 0.463387, 

457.567, 92, 0, 0.463387, 

457.567, 93, 0, 0.463387, 

457.567, 94, 0, 0.463387, 

457.567, 95, 0, 0.463387, 

457.567, 96, 0, 0.463387, 

457.567, 97, 0, 0.463387, 

457.567, 98, 0, 0.463387, 

457.567, 99, 0, 0.463387, 

457.567, 100, 0, 0.463387, 

457.567, 101, 0, 0.463387, 

457.567, 102, 0, 0.463387, 

457.567, 103, 0, 0.463387, 

457.567, 104, 0, 0.463387, 

457.567, 105, 0, 0.463387, 

457.567, 106, 0, 0.463387, 

457.567, 107, 0, 0.463387, 

457.567, 108, 0, 0.463387, 

457.567, 109, 0, 0.463387, 

457.567, 110, 0, 0.463387, 

457.567, 111, 0, 0.463387, 

457.567, 112, 0, 0.463387, 

457.567, 113, 0, 0.463387, 

457.567, 114, 0, 0.463387, 

457.567, 115, 0, 0.463387, 

457.567, 116, 0, 0.463387, 

457.567, 117, 0, 0.463387, 

457.567, 118, 0, 0.463387, 

457.567, 119, 0, 0.463387, 

459.725, 0, 0, 0.463387, 

459.725, 1, 0, 0.463387, 

459.725, 2, 0, 0.463387, 

459.725, 3, 0, 0.463387, 

459.725, 4, 0, 0.463387, 

459.725, 5, 0, 0.463387, 

459.725, 6, 0, 0.463387, 

459.725, 7, 0, 0.463387, 

459.725, 8, 0, 0.463387, 

459.725, 9, 0, 0.463387, 

459.725, 10, 0, 0.463387, 

459.725, 11, 0, 0.463387, 

459.725, 12, 0, 0.463387, 

459.725, 13, 0, 0.463387, 

459.725, 14, 0, 0.463387, 

459.725, 15, 0, 0.463387, 

459.725, 16, 0, 0.463387, 

459.725, 17, 0, 0.463387, 

459.725, 18, 0, 0.463387, 

459.725, 19, 0, 0.463387, 

459.725, 20, 0, 0.463387, 

459.725, 21, 0, 0.463387, 

459.725, 22, 0, 0.463387, 

459.725, 23, 0, 0.463387, 

459.725, 24, 0, 0.463387, 

459.725, 25, 0, 0.463387, 

459.725, 26, 0, 0.463387, 

459.725, 27, 0, 0.463387, 

459.725, 28, 0, 0.463387, 

459.725, 29, 0, 0.463387, 

459.725, 30, 0, 0.463387, 

459.725, 31, 0, 0.463387, 

459.725, 32, 0, 0.463387, 

459.725, 33, 0, 0.463387, 

459.725, 34, 0, 0.463387, 

459.725, 35, 0, 0.463387, 

459.725, 36, 0, 0.463387, 

459.725, 37, 0, 0.463387, 

459.725, 38, 0, 0.463387, 

459.725, 39, 0, 0.463387, 

459.725, 40, 0, 0.463387, 

459.725, 41, 0, 0.463387, 

459.725, 42, 0, 0.463387, 

459.725, 43, 0, 0.463387, 

459.725, 44, 0, 0.463387, 

459.725, 45, 0, 0.463387, 

459.725, 46, 0, 0.463387, 

459.725, 47, 0, 0.463387, 

459.725, 48, 0, 0.463387, 

459.725, 49, 0, 0.463387, 

459.725, 50, 0, 0.463387, 

459.725, 51, 0, 0.463387, 

459.725, 52, 0, 0.463387, 

459.725, 53, 0, 0.463387, 

459.725, 54, 0, 0.463387, 

459.725, 55, 0, 0.463387, 

459.725, 56, 0, 0.463387, 

459.725, 57, 0, 0.463387, 

459.725, 58, 0, 0.463387, 

459.725, 59, 0, 0.463387, 

459.725, 60, 0, 0.463387, 

459.725, 61, 0, 0.463387, 

459.725, 62, 0, 0.463387, 

459.725, 63, 0, 0.463387, 

459.725, 64, 0, 0.463387, 

459.725, 65, 0, 0.463387, 

459.725, 66, 0, 0.463387, 

459.725, 67, 0, 0.463387, 

459.725, 68, 0, 0.463387, 

459.725, 69, 0, 0.463387, 

459.725, 70, 0, 0.463387, 

459.725, 71, 0, 0.463387, 

459.725, 72, 0, 0.463387, 

459.725, 73, 0, 0.463387, 

459.725, 74, 0, 0.463387, 

459.725, 75, 0, 0.463387, 

459.725, 76, 0, 0.463387, 

459.725, 77, 0, 0.463387, 

459.725, 78, 0, 0.463387, 

459.725, 79, 0, 0.463387, 

459.725, 80, 0, 0.463387, 

459.725, 81, 0, 0.463387, 

459.725, 82, 0, 0.463387, 

459.725, 83, 0, 0.463387, 

459.725, 84, 0, 0.463387, 

459.725, 85, 0, 0.463387, 

459.725, 86, 0, 0.463387, 

459.725, 87, 0, 0.463387, 

459.725, 88, 0, 0.463387, 

459.725, 89, 0, 0.463387, 

459.725, 90, 0, 0.463387, 

459.725, 91, 0, 0.463387, 

459.725, 92, 0, 0.463387, 

459.725, 93, 0, 0.463387, 

459.725, 94, 0, 0.463387, 

459.725, 95, 0, 0.463387, 

459.725, 96, 0, 0.463387, 

459.725, 97, 0, 0.463387, 

459.725, 98, 0, 0.463387, 

459.725, 99, 0, 0.463387, 

459.725, 100, 0, 0.463387, 

459.725, 101, 0, 0.463387, 

459.725, 102, 0, 0.463387, 

459.725, 103, 0, 0.463387, 

459.725, 104, 0, 0.463387, 

459.725, 105, 0, 0.463387, 

459.725, 106, 0, 0.463387, 

459.725, 107, 0, 0.463387, 

459.725, 108, 0, 0.463387, 

459.725, 109, 0, 0.463387, 

459.725, 110, 0, 0.463387, 

459.725, 111, 0, 0.463387, 

459.725, 112, 0, 0.463387, 

459.725, 113, 0, 0.463387, 

459.725, 114, 0, 0.463387, 

459.725, 115, 0, 0.463387, 

459.725, 116, 0, 0.463387, 

459.725, 117, 0, 0.463387, 

459.725, 118, 0, 0.463387, 

459.725, 119, 0, 0.463387, 

461.883, 0, 0, 0.463387, 

461.883, 1, 0, 0.463387, 

461.883, 2, 0, 0.463387, 

461.883, 3, 0, 0.463387, 

461.883, 4, 0, 0.463387, 

461.883, 5, 0, 0.463387, 

461.883, 6, 0, 0.463387, 

461.883, 7, 0, 0.463387, 

461.883, 8, 0, 0.463387, 

461.883, 9, 0, 0.463387, 

461.883, 10, 0, 0.463387, 

461.883, 11, 0, 0.463387, 

461.883, 12, 0, 0.463387, 

461.883, 13, 0, 0.463387, 

461.883, 14, 0, 0.463387, 

461.883, 15, 0, 0.463387, 

461.883, 16, 0, 0.463387, 

461.883, 17, 0, 0.463387, 

461.883, 18, 0, 0.463387, 

461.883, 19, 0, 0.463387, 

461.883, 20, 0, 0.463387, 

461.883, 21, 0, 0.463387, 

461.883, 22, 0, 0.463387, 

461.883, 23, 0, 0.463387, 

461.883, 24, 0, 0.463387, 

461.883, 25, 0, 0.463387, 

461.883, 26, 0, 0.463387, 

461.883, 27, 0, 0.463387, 

461.883, 28, 0, 0.463387, 

461.883, 29, 0, 0.463387, 

461.883, 30, 0, 0.463387, 

461.883, 31, 0, 0.463387, 

461.883, 32, 0, 0.463387, 

461.883, 33, 0, 0.463387, 

461.883, 34, 0, 0.463387, 

461.883, 35, 0, 0.463387, 

461.883, 36, 0, 0.463387, 

461.883, 37, 0, 0.463387, 

461.883, 38, 0, 0.463387, 

461.883, 39, 0, 0.463387, 

461.883, 40, 0, 0.463387, 

461.883, 41, 0, 0.463387, 

461.883, 42, 0, 0.463387, 

461.883, 43, 0, 0.463387, 

461.883, 44, 0, 0.463387, 

461.883, 45, 0, 0.463387, 

461.883, 46, 0, 0.463387, 

461.883, 47, 0, 0.463387, 

461.883, 48, 0, 0.463387, 

461.883, 49, 0, 0.463387, 

461.883, 50, 0, 0.463387, 

461.883, 51, 0, 0.463387, 

461.883, 52, 0, 0.463387, 

461.883, 53, 0, 0.463387, 

461.883, 54, 0, 0.463387, 

461.883, 55, 0, 0.463387, 

461.883, 56, 0, 0.463387, 

461.883, 57, 0, 0.463387, 

461.883, 58, 0, 0.463387, 

461.883, 59, 0, 0.463387, 

461.883, 60, 0, 0.463387, 

461.883, 61, 0, 0.463387, 

461.883, 62, 0, 0.463387, 

461.883, 63, 0, 0.463387, 

461.883, 64, 0, 0.463387, 

461.883, 65, 0, 0.463387, 

461.883, 66, 0, 0.463387, 

461.883, 67, 0, 0.463387, 

461.883, 68, 0, 0.463387, 

461.883, 69, 0, 0.463387, 

461.883, 70, 0, 0.463387, 

461.883, 71, 0, 0.463387, 

461.883, 72, 0, 0.463387, 

461.883, 73, 0, 0.463387, 

461.883, 74, 0, 0.463387, 

461.883, 75, 0, 0.463387, 

461.883, 76, 0, 0.463387, 

461.883, 77, 0, 0.463387, 

461.883, 78, 0, 0.463387, 

461.883, 79, 0, 0.463387, 

461.883, 80, 0, 0.463387, 

461.883, 81, 0, 0.463387, 

461.883, 82, 0, 0.463387, 

461.883, 83, 0, 0.463387, 

461.883, 84, 0, 0.463387, 

461.883, 85, 0, 0.463387, 

461.883, 86, 0, 0.463387, 

461.883, 87, 0, 0.463387, 

461.883, 88, 0, 0.463387, 

461.883, 89, 0, 0.463387, 

461.883, 90, 0, 0.463387, 

461.883, 91, 0, 0.463387, 

461.883, 92, 0, 0.463387, 

461.883, 93, 0, 0.463387, 

461.883, 94, 0, 0.463387, 

461.883, 95, 0, 0.463387, 

461.883, 96, 0, 0.463387, 

461.883, 97, 0, 0.463387, 

461.883, 98, 0, 0.463387, 

461.883, 99, 0, 0.463387, 

461.883, 100, 0, 0.463387, 

461.883, 101, 0, 0.463387, 

461.883, 102, 0, 0.463387, 

461.883, 103, 0, 0.463387, 

461.883, 104, 0, 0.463387, 

461.883, 105, 0, 0.463387, 

461.883, 106, 0, 0.463387, 

461.883, 107, 0, 0.463387, 

461.883, 108, 0, 0.463387, 

461.883, 109, 0, 0.463387, 

461.883, 110, 0, 0.463387, 

461.883, 111, 0, 0.463387, 

461.883, 112, 0, 0.463387, 

461.883, 113, 0, 0.463387, 

461.883, 114, 0, 0.463387, 

461.883, 115, 0, 0.463387, 

461.883, 116, 0, 0.463387, 

461.883, 117, 0, 0.463387, 

461.883, 118, 0, 0.463387, 

461.883, 119, 0, 0.463387, 

464.04, 0, 0, 0.463387, 

464.04, 1, 0, 0.463387, 

464.04, 2, 0, 0.463387, 

464.04, 3, 0, 0.463387, 

464.04, 4, 0, 0.463387, 

464.04, 5, 0, 0.463387, 

464.04, 6, 0, 0.463387, 

464.04, 7, 0, 0.463387, 

464.04, 8, 0, 0.463387, 

464.04, 9, 0, 0.463387, 

464.04, 10, 0, 0.463387, 

464.04, 11, 0, 0.463387, 

464.04, 12, 0, 0.463387, 

464.04, 13, 0, 0.463387, 

464.04, 14, 0, 0.463387, 

464.04, 15, 0, 0.463387, 

464.04, 16, 0, 0.463387, 

464.04, 17, 0, 0.463387, 

464.04, 18, 0, 0.463387, 

464.04, 19, 0, 0.463387, 

464.04, 20, 0, 0.463387, 

464.04, 21, 0, 0.463387, 

464.04, 22, 0, 0.463387, 

464.04, 23, 0, 0.463387, 

464.04, 24, 0, 0.463387, 

464.04, 25, 0, 0.463387, 

464.04, 26, 0, 0.463387, 

464.04, 27, 0, 0.463387, 

464.04, 28, 0, 0.463387, 

464.04, 29, 0, 0.463387, 

464.04, 30, 0, 0.463387, 

464.04, 31, 0, 0.463387, 

464.04, 32, 0, 0.463387, 

464.04, 33, 0, 0.463387, 

464.04, 34, 0, 0.463387, 

464.04, 35, 0, 0.463387, 

464.04, 36, 0, 0.463387, 

464.04, 37, 0, 0.463387, 

464.04, 38, 0, 0.463387, 

464.04, 39, 0, 0.463387, 

464.04, 40, 0, 0.463387, 

464.04, 41, 0, 0.463387, 

464.04, 42, 0, 0.463387, 

464.04, 43, 0, 0.463387, 

464.04, 44, 0, 0.463387, 

464.04, 45, 0, 0.463387, 

464.04, 46, 0, 0.463387, 

464.04, 47, 0, 0.463387, 

464.04, 48, 0, 0.463387, 

464.04, 49, 0, 0.463387, 

464.04, 50, 0, 0.463387, 

464.04, 51, 0, 0.463387, 

464.04, 52, 0, 0.463387, 

464.04, 53, 0, 0.463387, 

464.04, 54, 0, 0.463387, 

464.04, 55, 0, 0.463387, 

464.04, 56, 0, 0.463387, 

464.04, 57, 0, 0.463387, 

464.04, 58, 0, 0.463387, 

464.04, 59, 0, 0.463387, 

464.04, 60, 0, 0.463387, 

464.04, 61, 0, 0.463387, 

464.04, 62, 0, 0.463387, 

464.04, 63, 0, 0.463387, 

464.04, 64, 0, 0.463387, 

464.04, 65, 0, 0.463387, 

464.04, 66, 0, 0.463387, 

464.04, 67, 0, 0.463387, 

464.04, 68, 0, 0.463387, 

464.04, 69, 0, 0.463387, 

464.04, 70, 0, 0.463387, 

464.04, 71, 0, 0.463387, 

464.04, 72, 0, 0.463387, 

464.04, 73, 0, 0.463387, 

464.04, 74, 0, 0.463387, 

464.04, 75, 0, 0.463387, 

464.04, 76, 0, 0.463387, 

464.04, 77, 0, 0.463387, 

464.04, 78, 0, 0.463387, 

464.04, 79, 0, 0.463387, 

464.04, 80, 0, 0.463387, 

464.04, 81, 0, 0.463387, 

464.04, 82, 0, 0.463387, 

464.04, 83, 0, 0.463387, 

464.04, 84, 0, 0.463387, 

464.04, 85, 0, 0.463387, 

464.04, 86, 0, 0.463387, 

464.04, 87, 0, 0.463387, 

464.04, 88, 0, 0.463387, 

464.04, 89, 0, 0.463387, 

464.04, 90, 0, 0.463387, 

464.04, 91, 0, 0.463387, 

464.04, 92, 0, 0.463387, 

464.04, 93, 0, 0.463387, 

464.04, 94, 0, 0.463387, 

464.04, 95, 0, 0.463387, 

464.04, 96, 0, 0.463387, 

464.04, 97, 0, 0.463387, 

464.04, 98, 0, 0.463387, 

464.04, 99, 0, 0.463387, 

464.04, 100, 0, 0.463387, 

464.04, 101, 0, 0.463387, 

464.04, 102, 0, 0.463387, 

464.04, 103, 0, 0.463387, 

464.04, 104, 0, 0.463387, 

464.04, 105, 0, 0.463387, 

464.04, 106, 0, 0.463387, 

464.04, 107, 0, 0.463387, 

464.04, 108, 0, 0.463387, 

464.04, 109, 0, 0.463387, 

464.04, 110, 0, 0.463387, 

464.04, 111, 0, 0.463387, 

464.04, 112, 0, 0.463387, 

464.04, 113, 0, 0.463387, 

464.04, 114, 0, 0.463387, 

464.04, 115, 0, 0.463387, 

464.04, 116, 0, 0.463387, 

464.04, 117, 0, 0.463387, 

464.04, 118, 0, 0.463387, 

464.04, 119, 0, 0.463387, 

466.198, 0, 0, 0.463387, 

466.198, 1, 0, 0.463387, 

466.198, 2, 0, 0.463387, 

466.198, 3, 0, 0.463387, 

466.198, 4, 0, 0.463387, 

466.198, 5, 0, 0.463387, 

466.198, 6, 0, 0.463387, 

466.198, 7, 0, 0.463387, 

466.198, 8, 0, 0.463387, 

466.198, 9, 0, 0.463387, 

466.198, 10, 0, 0.463387, 

466.198, 11, 0, 0.463387, 

466.198, 12, 0, 0.463387, 

466.198, 13, 0, 0.463387, 

466.198, 14, 0, 0.463387, 

466.198, 15, 0, 0.463387, 

466.198, 16, 0, 0.463387, 

466.198, 17, 0, 0.463387, 

466.198, 18, 0, 0.463387, 

466.198, 19, 0, 0.463387, 

466.198, 20, 0, 0.463387, 

466.198, 21, 0, 0.463387, 

466.198, 22, 0, 0.463387, 

466.198, 23, 0, 0.463387, 

466.198, 24, 0, 0.463387, 

466.198, 25, 0, 0.463387, 

466.198, 26, 0, 0.463387, 

466.198, 27, 0, 0.463387, 

466.198, 28, 0, 0.463387, 

466.198, 29, 0, 0.463387, 

466.198, 30, 0, 0.463387, 

466.198, 31, 0, 0.463387, 

466.198, 32, 0, 0.463387, 

466.198, 33, 0, 0.463387, 

466.198, 34, 0, 0.463387, 

466.198, 35, 0, 0.463387, 

466.198, 36, 0, 0.463387, 

466.198, 37, 0, 0.463387, 

466.198, 38, 0, 0.463387, 

466.198, 39, 0, 0.463387, 

466.198, 40, 0, 0.463387, 

466.198, 41, 0, 0.463387, 

466.198, 42, 0, 0.463387, 

466.198, 43, 0, 0.463387, 

466.198, 44, 0, 0.463387, 

466.198, 45, 0, 0.463387, 

466.198, 46, 0, 0.463387, 

466.198, 47, 0, 0.463387, 

466.198, 48, 0, 0.463387, 

466.198, 49, 0, 0.463387, 

466.198, 50, 0, 0.463387, 

466.198, 51, 0, 0.463387, 

466.198, 52, 0, 0.463387, 

466.198, 53, 0, 0.463387, 

466.198, 54, 0, 0.463387, 

466.198, 55, 0, 0.463387, 

466.198, 56, 0, 0.463387, 

466.198, 57, 0, 0.463387, 

466.198, 58, 0, 0.463387, 

466.198, 59, 0, 0.463387, 

466.198, 60, 0, 0.463387, 

466.198, 61, 0, 0.463387, 

466.198, 62, 0, 0.463387, 

466.198, 63, 0, 0.463387, 

466.198, 64, 0, 0.463387, 

466.198, 65, 0, 0.463387, 

466.198, 66, 0, 0.463387, 

466.198, 67, 0, 0.463387, 

466.198, 68, 0, 0.463387, 

466.198, 69, 0, 0.463387, 

466.198, 70, 0, 0.463387, 

466.198, 71, 0, 0.463387, 

466.198, 72, 0, 0.463387, 

466.198, 73, 0, 0.463387, 

466.198, 74, 0, 0.463387, 

466.198, 75, 0, 0.463387, 

466.198, 76, 0, 0.463387, 

466.198, 77, 0, 0.463387, 

466.198, 78, 0, 0.463387, 

466.198, 79, 0, 0.463387, 

466.198, 80, 0, 0.463387, 

466.198, 81, 0, 0.463387, 

466.198, 82, 0, 0.463387, 

466.198, 83, 0, 0.463387, 

466.198, 84, 0, 0.463387, 

466.198, 85, 0, 0.463387, 

466.198, 86, 0, 0.463387, 

466.198, 87, 0, 0.463387, 

466.198, 88, 0, 0.463387, 

466.198, 89, 0, 0.463387, 

466.198, 90, 0, 0.463387, 

466.198, 91, 0, 0.463387, 

466.198, 92, 0, 0.463387, 

466.198, 93, 0, 0.463387, 

466.198, 94, 0, 0.463387, 

466.198, 95, 0, 0.463387, 

466.198, 96, 0, 0.463387, 

466.198, 97, 0, 0.463387, 

466.198, 98, 0, 0.463387, 

466.198, 99, 0, 0.463387, 

466.198, 100, 0, 0.463387, 

466.198, 101, 0, 0.463387, 

466.198, 102, 0, 0.463387, 

466.198, 103, 0, 0.463387, 

466.198, 104, 0, 0.463387, 

466.198, 105, 0, 0.463387, 

466.198, 106, 0, 0.463387, 

466.198, 107, 0, 0.463387, 

466.198, 108, 0, 0.463387, 

466.198, 109, 0, 0.463387, 

466.198, 110, 0, 0.463387, 

466.198, 111, 0, 0.463387, 

466.198, 112, 0, 0.463387, 

466.198, 113, 0, 0.463387, 

466.198, 114, 0, 0.463387, 

466.198, 115, 0, 0.463387, 

466.198, 116, 0, 0.463387, 

466.198, 117, 0, 0.463387, 

466.198, 118, 0, 0.463387, 

466.198, 119, 0, 0.463387, 

468.356, 0, 0, 0.463387, 

468.356, 1, 0, 0.463387, 

468.356, 2, 0, 0.463387, 

468.356, 3, 0, 0.463387, 

468.356, 4, 0, 0.463387, 

468.356, 5, 0, 0.463387, 

468.356, 6, 0, 0.463387, 

468.356, 7, 0, 0.463387, 

468.356, 8, 0, 0.463387, 

468.356, 9, 0, 0.463387, 

468.356, 10, 0, 0.463387, 

468.356, 11, 0, 0.463387, 

468.356, 12, 0, 0.463387, 

468.356, 13, 0, 0.463387, 

468.356, 14, 0, 0.463387, 

468.356, 15, 0, 0.463387, 

468.356, 16, 0, 0.463387, 

468.356, 17, 0, 0.463387, 

468.356, 18, 0, 0.463387, 

468.356, 19, 0, 0.463387, 

468.356, 20, 0, 0.463387, 

468.356, 21, 0, 0.463387, 

468.356, 22, 0, 0.463387, 

468.356, 23, 0, 0.463387, 

468.356, 24, 0, 0.463387, 

468.356, 25, 0, 0.463387, 

468.356, 26, 0, 0.463387, 

468.356, 27, 0, 0.463387, 

468.356, 28, 0, 0.463387, 

468.356, 29, 0, 0.463387, 

468.356, 30, 0, 0.463387, 

468.356, 31, 0, 0.463387, 

468.356, 32, 0, 0.463387, 

468.356, 33, 0, 0.463387, 

468.356, 34, 0, 0.463387, 

468.356, 35, 0, 0.463387, 

468.356, 36, 0, 0.463387, 

468.356, 37, 0, 0.463387, 

468.356, 38, 0, 0.463387, 

468.356, 39, 0, 0.463387, 

468.356, 40, 0, 0.463387, 

468.356, 41, 0, 0.463387, 

468.356, 42, 0, 0.463387, 

468.356, 43, 0, 0.463387, 

468.356, 44, 0, 0.463387, 

468.356, 45, 0, 0.463387, 

468.356, 46, 0, 0.463387, 

468.356, 47, 0, 0.463387, 

468.356, 48, 0, 0.463387, 

468.356, 49, 0, 0.463387, 

468.356, 50, 0, 0.463387, 

468.356, 51, 0, 0.463387, 

468.356, 52, 0, 0.463387, 

468.356, 53, 0, 0.463387, 

468.356, 54, 0, 0.463387, 

468.356, 55, 0, 0.463387, 

468.356, 56, 0, 0.463387, 

468.356, 57, 0, 0.463387, 

468.356, 58, 0, 0.463387, 

468.356, 59, 0, 0.463387, 

468.356, 60, 0, 0.463387, 

468.356, 61, 0, 0.463387, 

468.356, 62, 0, 0.463387, 

468.356, 63, 0, 0.463387, 

468.356, 64, 0, 0.463387, 

468.356, 65, 0, 0.463387, 

468.356, 66, 0, 0.463387, 

468.356, 67, 0, 0.463387, 

468.356, 68, 0, 0.463387, 

468.356, 69, 0, 0.463387, 

468.356, 70, 0, 0.463387, 

468.356, 71, 0, 0.463387, 

468.356, 72, 0, 0.463387, 

468.356, 73, 0, 0.463387, 

468.356, 74, 0, 0.463387, 

468.356, 75, 0, 0.463387, 

468.356, 76, 0, 0.463387, 

468.356, 77, 0, 0.463387, 

468.356, 78, 0, 0.463387, 

468.356, 79, 0, 0.463387, 

468.356, 80, 0, 0.463387, 

468.356, 81, 0, 0.463387, 

468.356, 82, 0, 0.463387, 

468.356, 83, 0, 0.463387, 

468.356, 84, 0, 0.463387, 

468.356, 85, 0, 0.463387, 

468.356, 86, 0, 0.463387, 

468.356, 87, 0, 0.463387, 

468.356, 88, 0, 0.463387, 

468.356, 89, 0, 0.463387, 

468.356, 90, 0, 0.463387, 

468.356, 91, 0, 0.463387, 

468.356, 92, 0, 0.463387, 

468.356, 93, 0, 0.463387, 

468.356, 94, 0, 0.463387, 

468.356, 95, 0, 0.463387, 

468.356, 96, 0, 0.463387, 

468.356, 97, 0, 0.463387, 

468.356, 98, 0, 0.463387, 

468.356, 99, 0, 0.463387, 

468.356, 100, 0, 0.463387, 

468.356, 101, 0, 0.463387, 

468.356, 102, 0, 0.463387, 

468.356, 103, 0, 0.463387, 

468.356, 104, 0, 0.463387, 

468.356, 105, 0, 0.463387, 

468.356, 106, 0, 0.463387, 

468.356, 107, 0, 0.463387, 

468.356, 108, 0, 0.463387, 

468.356, 109, 0, 0.463387, 

468.356, 110, 0, 0.463387, 

468.356, 111, 0, 0.463387, 

468.356, 112, 0, 0.463387, 

468.356, 113, 0, 0.463387, 

468.356, 114, 0, 0.463387, 

468.356, 115, 0, 0.463387, 

468.356, 116, 0, 0.463387, 

468.356, 117, 0, 0.463387, 

468.356, 118, 0, 0.463387, 

468.356, 119, 0, 0.463387, 

470.514, 0, 0, 0.463387, 

470.514, 1, 0, 0.463387, 

470.514, 2, 0, 0.463387, 

470.514, 3, 0, 0.463387, 

470.514, 4, 0, 0.463387, 

470.514, 5, 0, 0.463387, 

470.514, 6, 0, 0.463387, 

470.514, 7, 0, 0.463387, 

470.514, 8, 0, 0.463387, 

470.514, 9, 0, 0.463387, 

470.514, 10, 0, 0.463387, 

470.514, 11, 0, 0.463387, 

470.514, 12, 0, 0.463387, 

470.514, 13, 0, 0.463387, 

470.514, 14, 0, 0.463387, 

470.514, 15, 0, 0.463387, 

470.514, 16, 0, 0.463387, 

470.514, 17, 0, 0.463387, 

470.514, 18, 0, 0.463387, 

470.514, 19, 0, 0.463387, 

470.514, 20, 0, 0.463387, 

470.514, 21, 0, 0.463387, 

470.514, 22, 0, 0.463387, 

470.514, 23, 0, 0.463387, 

470.514, 24, 0, 0.463387, 

470.514, 25, 0, 0.463387, 

470.514, 26, 0, 0.463387, 

470.514, 27, 0, 0.463387, 

470.514, 28, 0, 0.463387, 

470.514, 29, 0, 0.463387, 

470.514, 30, 0, 0.463387, 

470.514, 31, 0, 0.463387, 

470.514, 32, 0, 0.463387, 

470.514, 33, 0, 0.463387, 

470.514, 34, 0, 0.463387, 

470.514, 35, 0, 0.463387, 

470.514, 36, 0, 0.463387, 

470.514, 37, 0, 0.463387, 

470.514, 38, 0, 0.463387, 

470.514, 39, 0, 0.463387, 

470.514, 40, 0, 0.463387, 

470.514, 41, 0, 0.463387, 

470.514, 42, 0, 0.463387, 

470.514, 43, 0, 0.463387, 

470.514, 44, 0, 0.463387, 

470.514, 45, 0, 0.463387, 

470.514, 46, 0, 0.463387, 

470.514, 47, 0, 0.463387, 

470.514, 48, 0, 0.463387, 

470.514, 49, 0, 0.463387, 

470.514, 50, 0, 0.463387, 

470.514, 51, 0, 0.463387, 

470.514, 52, 0, 0.463387, 

470.514, 53, 0, 0.463387, 

470.514, 54, 0, 0.463387, 

470.514, 55, 0, 0.463387, 

470.514, 56, 0, 0.463387, 

470.514, 57, 0, 0.463387, 

470.514, 58, 0, 0.463387, 

470.514, 59, 0, 0.463387, 

470.514, 60, 0, 0.463387, 

470.514, 61, 0, 0.463387, 

470.514, 62, 0, 0.463387, 

470.514, 63, 0, 0.463387, 

470.514, 64, 0, 0.463387, 

470.514, 65, 0, 0.463387, 

470.514, 66, 0, 0.463387, 

470.514, 67, 0, 0.463387, 

470.514, 68, 0, 0.463387, 

470.514, 69, 0, 0.463387, 

470.514, 70, 0, 0.463387, 

470.514, 71, 0, 0.463387, 

470.514, 72, 0, 0.463387, 

470.514, 73, 0, 0.463387, 

470.514, 74, 0, 0.463387, 

470.514, 75, 0, 0.463387, 

470.514, 76, 0, 0.463387, 

470.514, 77, 0, 0.463387, 

470.514, 78, 0, 0.463387, 

470.514, 79, 0, 0.463387, 

470.514, 80, 0, 0.463387, 

470.514, 81, 0, 0.463387, 

470.514, 82, 0, 0.463387, 

470.514, 83, 0, 0.463387, 

470.514, 84, 0, 0.463387, 

470.514, 85, 0, 0.463387, 

470.514, 86, 0, 0.463387, 

470.514, 87, 0, 0.463387, 

470.514, 88, 0, 0.463387, 

470.514, 89, 0, 0.463387, 

470.514, 90, 0, 0.463387, 

470.514, 91, 0, 0.463387, 

470.514, 92, 0, 0.463387, 

470.514, 93, 0, 0.463387, 

470.514, 94, 0, 0.463387, 

470.514, 95, 0, 0.463387, 

470.514, 96, 0, 0.463387, 

470.514, 97, 0, 0.463387, 

470.514, 98, 0, 0.463387, 

470.514, 99, 0, 0.463387, 

470.514, 100, 0, 0.463387, 

470.514, 101, 0, 0.463387, 

470.514, 102, 0, 0.463387, 

470.514, 103, 0, 0.463387, 

470.514, 104, 0, 0.463387, 

470.514, 105, 0, 0.463387, 

470.514, 106, 0, 0.463387, 

470.514, 107, 0, 0.463387, 

470.514, 108, 0, 0.463387, 

470.514, 109, 0, 0.463387, 

470.514, 110, 0, 0.463387, 

470.514, 111, 0, 0.463387, 

470.514, 112, 0, 0.463387, 

470.514, 113, 0, 0.463387, 

470.514, 114, 0, 0.463387, 

470.514, 115, 0, 0.463387, 

470.514, 116, 0, 0.463387, 

470.514, 117, 0, 0.463387, 

470.514, 118, 0, 0.463387, 

470.514, 119, 0, 0.463387, 

472.672, 0, 0, 0.463387, 

472.672, 1, 0, 0.463387, 

472.672, 2, 0, 0.463387, 

472.672, 3, 0, 0.463387, 

472.672, 4, 0, 0.463387, 

472.672, 5, 0, 0.463387, 

472.672, 6, 0, 0.463387, 

472.672, 7, 0, 0.463387, 

472.672, 8, 0, 0.463387, 

472.672, 9, 0, 0.463387, 

472.672, 10, 0, 0.463387, 

472.672, 11, 0, 0.463387, 

472.672, 12, 0, 0.463387, 

472.672, 13, 0, 0.463387, 

472.672, 14, 0, 0.463387, 

472.672, 15, 0, 0.463387, 

472.672, 16, 0, 0.463387, 

472.672, 17, 0, 0.463387, 

472.672, 18, 0, 0.463387, 

472.672, 19, 0, 0.463387, 

472.672, 20, 0, 0.463387, 

472.672, 21, 0, 0.463387, 

472.672, 22, 0, 0.463387, 

472.672, 23, 0, 0.463387, 

472.672, 24, 0, 0.463387, 

472.672, 25, 0, 0.463387, 

472.672, 26, 0, 0.463387, 

472.672, 27, 0, 0.463387, 

472.672, 28, 0, 0.463387, 

472.672, 29, 0, 0.463387, 

472.672, 30, 0, 0.463387, 

472.672, 31, 0, 0.463387, 

472.672, 32, 0, 0.463387, 

472.672, 33, 0, 0.463387, 

472.672, 34, 0, 0.463387, 

472.672, 35, 0, 0.463387, 

472.672, 36, 0, 0.463387, 

472.672, 37, 0, 0.463387, 

472.672, 38, 0, 0.463387, 

472.672, 39, 0, 0.463387, 

472.672, 40, 0, 0.463387, 

472.672, 41, 0, 0.463387, 

472.672, 42, 0, 0.463387, 

472.672, 43, 0, 0.463387, 

472.672, 44, 0, 0.463387, 

472.672, 45, 0, 0.463387, 

472.672, 46, 0, 0.463387, 

472.672, 47, 0, 0.463387, 

472.672, 48, 0, 0.463387, 

472.672, 49, 0, 0.463387, 

472.672, 50, 0, 0.463387, 

472.672, 51, 0, 0.463387, 

472.672, 52, 0, 0.463387, 

472.672, 53, 0, 0.463387, 

472.672, 54, 0, 0.463387, 

472.672, 55, 0, 0.463387, 

472.672, 56, 0, 0.463387, 

472.672, 57, 0, 0.463387, 

472.672, 58, 0, 0.463387, 

472.672, 59, 0, 0.463387, 

472.672, 60, 0, 0.463387, 

472.672, 61, 0, 0.463387, 

472.672, 62, 0, 0.463387, 

472.672, 63, 0, 0.463387, 

472.672, 64, 0, 0.463387, 

472.672, 65, 0, 0.463387, 

472.672, 66, 0, 0.463387, 

472.672, 67, 0, 0.463387, 

472.672, 68, 0, 0.463387, 

472.672, 69, 0, 0.463387, 

472.672, 70, 0, 0.463387, 

472.672, 71, 0, 0.463387, 

472.672, 72, 0, 0.463387, 

472.672, 73, 0, 0.463387, 

472.672, 74, 0, 0.463387, 

472.672, 75, 0, 0.463387, 

472.672, 76, 0, 0.463387, 

472.672, 77, 0, 0.463387, 

472.672, 78, 0, 0.463387, 

472.672, 79, 0, 0.463387, 

472.672, 80, 0, 0.463387, 

472.672, 81, 0, 0.463387, 

472.672, 82, 0, 0.463387, 

472.672, 83, 0, 0.463387, 

472.672, 84, 0, 0.463387, 

472.672, 85, 0, 0.463387, 

472.672, 86, 0, 0.463387, 

472.672, 87, 0, 0.463387, 

472.672, 88, 0, 0.463387, 

472.672, 89, 0, 0.463387, 

472.672, 90, 0, 0.463387, 

472.672, 91, 0, 0.463387, 

472.672, 92, 0, 0.463387, 

472.672, 93, 0, 0.463387, 

472.672, 94, 0, 0.463387, 

472.672, 95, 0, 0.463387, 

472.672, 96, 0, 0.463387, 

472.672, 97, 0, 0.463387, 

472.672, 98, 0, 0.463387, 

472.672, 99, 0, 0.463387, 

472.672, 100, 0, 0.463387, 

472.672, 101, 0, 0.463387, 

472.672, 102, 0, 0.463387, 

472.672, 103, 0, 0.463387, 

472.672, 104, 0, 0.463387, 

472.672, 105, 0, 0.463387, 

472.672, 106, 0, 0.463387, 

472.672, 107, 0, 0.463387, 

472.672, 108, 0, 0.463387, 

472.672, 109, 0, 0.463387, 

472.672, 110, 0, 0.463387, 

472.672, 111, 0, 0.463387, 

472.672, 112, 0, 0.463387, 

472.672, 113, 0, 0.463387, 

472.672, 114, 0, 0.463387, 

472.672, 115, 0, 0.463387, 

472.672, 116, 0, 0.463387, 

472.672, 117, 0, 0.463387, 

472.672, 118, 0, 0.463387, 

472.672, 119, 0, 0.463387, 

